7 0.50026 0.498611 0.050521 0.100926
1 0.398958 0.555556 0.064583 0.305556
9 0.913021 0.266667 0.175 0.535185
8 0.614323 0.449537 0.017188 0.082407
8 0.690104 0.453704 0.017708 0.109259
9 0.480208 0.447685 0.015625 0.128704
1 0.557813 0.498148 0.019792 0.101852
1 0.575781 0.500463 0.018229 0.10463
2 0.378125 0.493056 0.022917 0.084259
2 0.366667 0.50463 0.026042 0.098148
2 0.40026 0.485185 0.022396 0.090741
1 0.639583 0.458796 0.019792 0.091667
1 0.531771 0.45787 0.01875 0.091667
1 0.578646 0.455556 0.019792 0.1
1 0.507812 0.456019 0.01875 0.10463
1 0.333333 0.60463 0.076042 0.4
1 0.449219 0.539815 0.044271 0.251852
1 0.335938 0.572222 0.063542 0.316667
7 0.448437 0.472685 0.027083 0.069444
7 0.428906 0.468519 0.028646 0.055556
1 0.260417 0.481944 0.020833 0.097222
1 0.26875 0.469907 0.017708 0.097222
1 0.225781 0.47963 0.031771 0.094444
7 0.204687 0.461111 0.021875 0.096296
1 0.25 0.460185 0.015625 0.075926
1 0.319271 0.485648 0.022917 0.128704
1 0.471615 0.516204 0.045312 0.219444
1 0.591406 0.460648 0.018229 0.082407
1 0.440625 0.468519 0.022917 0.118519
7 0.351302 0.461111 0.013021 0.066667
7 0.36849 0.458796 0.013021 0.062037
7 0.375781 0.468056 0.008854 0.052778
4 0.398177 0.511574 0.026562 0.073148
9 0.480208 0.4375 0.013542 0.119444
4 0.374479 0.512037 0.020833 0.062963
4 0.365625 0.525463 0.023958 0.073148
1 0.319271 0.45787 0.013542 0.063889
1 0.309115 0.459722 0.010937 0.062037
1 0.296875 0.45463 0.0125 0.068519
1 0.317969 0.454167 0.011979 0.063889
1 0.28125 0.454167 0.015625 0.063889
7 0.518229 0.449537 0.010417 0.049074
7 0.527083 0.447685 0.009375 0.056481
1 0.309896 0.410648 0.010417 0.039815
1 0.315104 0.411111 0.009375 0.038889
