7 0.50026 0.498611 0.050521 0.100926
1 0.625781 0.6125 0.089063 0.471296
9 0.913021 0.266667 0.175 0.535185
8 0.614323 0.449537 0.017188 0.082407
8 0.690104 0.453704 0.017708 0.109259
9 0.480208 0.447685 0.015625 0.128704
1 0.559375 0.495833 0.020833 0.100926
1 0.575521 0.499537 0.021875 0.102778
2 0.373958 0.496759 0.022917 0.091667
2 0.3625 0.50463 0.027083 0.098148
2 0.392448 0.49537 0.029687 0.103704
1 0.501302 0.45 0.014063 0.07037
1 0.571354 0.456019 0.019792 0.100926
1 0.523958 0.464352 0.01875 0.100926
1 0.609635 0.656944 0.102604 0.563889
1 0.514844 0.63287 0.074479 0.482407
7 0.448437 0.472685 0.027083 0.069444
7 0.428906 0.468519 0.028646 0.055556
1 0.209115 0.481019 0.024479 0.102778
1 0.259635 0.471296 0.017188 0.101852
1 0.230208 0.472222 0.015625 0.1
1 0.225521 0.481019 0.022917 0.09537
7 0.204167 0.462037 0.021875 0.096296
1 0.221615 0.464352 0.016146 0.076852
1 0.23776 0.559259 0.075521 0.366667
1 0.102344 0.560185 0.094271 0.305556
1 0.027865 0.60463 0.106771 0.377778
1 0.513281 0.5125 0.042188 0.208333
1 0.569271 0.500463 0.041667 0.200926
1 0.805469 0.456019 0.023438 0.100926
1 0.653906 0.461111 0.022396 0.096296
1 0.485677 0.45 0.011979 0.064815
1 0.4625 0.448148 0.013542 0.07037
1 0.335417 0.456019 0.013542 0.062037
1 0.367708 0.449537 0.011458 0.060185
7 0.35026 0.461111 0.013021 0.066667
7 0.365365 0.460185 0.009896 0.064815
7 0.376302 0.469444 0.008854 0.053704
1 0.276562 0.453704 0.0125 0.059259
4 0.392188 0.518056 0.028125 0.080556
9 0.479687 0.4375 0.013542 0.119444
4 0.371875 0.514815 0.020833 0.066667
4 0.356771 0.528704 0.026042 0.072222
1 0.268229 0.462963 0.013542 0.075926
1 0.280469 0.449537 0.008854 0.047222
1 0.308333 0.451852 0.010417 0.053704
1 0.297396 0.451852 0.009375 0.053704
1 0.297656 0.447685 0.009896 0.05463
1 0.316406 0.447222 0.010937 0.048148
1 0.308854 0.446759 0.010417 0.052778
1 0.289062 0.450463 0.010417 0.05463
7 0.51875 0.449074 0.011458 0.05
7 0.529167 0.447685 0.009375 0.056481
1 0.534635 0.455093 0.015104 0.071296
1 0.593229 0.461574 0.019792 0.091667
