7 0.50026 0.498611 0.050521 0.100926
1 0.346094 0.543519 0.050521 0.27037
9 0.913021 0.266667 0.175 0.535185
8 0.614323 0.449537 0.017188 0.082407
8 0.690104 0.453704 0.017708 0.109259
9 0.480208 0.447685 0.015625 0.128704
1 0.558333 0.498148 0.019792 0.101852
1 0.576042 0.500926 0.017708 0.105556
2 0.379688 0.49213 0.022917 0.084259
2 0.366927 0.504167 0.026562 0.097222
2 0.408073 0.478704 0.021354 0.083333
1 0.665365 0.460185 0.017188 0.092593
1 0.533073 0.460648 0.020313 0.102778
1 0.580729 0.456481 0.019792 0.1
1 0.49349 0.455556 0.022396 0.105556
1 0.308854 0.561574 0.05625 0.30463
1 0.394792 0.525 0.051042 0.201852
1 0.295573 0.548148 0.049479 0.261111
7 0.448437 0.472685 0.027083 0.069444
7 0.428906 0.468519 0.028646 0.055556
1 0.28151 0.474074 0.018229 0.087037
1 0.266406 0.47037 0.015104 0.096296
1 0.253125 0.478241 0.017708 0.093519
7 0.205469 0.461111 0.021354 0.096296
1 0.228906 0.463889 0.019271 0.077778
1 0.315885 0.483796 0.021354 0.125
1 0.383854 0.506944 0.032292 0.182407
1 0.554688 0.456019 0.016667 0.071296
1 0.361979 0.480093 0.019792 0.115741
7 0.369792 0.458796 0.013542 0.062037
7 0.375781 0.468056 0.009896 0.052778
4 0.410677 0.496759 0.019271 0.063889
9 0.480729 0.4375 0.013542 0.119444
4 0.376302 0.510648 0.020313 0.062037
4 0.365625 0.525463 0.023958 0.073148
1 0.322656 0.460648 0.013021 0.067593
1 0.301823 0.45463 0.011979 0.068519
1 0.32474 0.456944 0.011979 0.069444
7 0.517969 0.449537 0.009896 0.049074
7 0.527083 0.447685 0.009375 0.056481
1 0.307292 0.411574 0.010417 0.039815
1 0.314583 0.411111 0.009375 0.038889
