7 0.50026 0.498611 0.050521 0.100926
1 0.39974 0.555093 0.065104 0.306481
9 0.913021 0.266667 0.175 0.535185
8 0.614323 0.449537 0.017188 0.082407
8 0.690104 0.453704 0.017708 0.109259
9 0.480208 0.447685 0.015625 0.128704
1 0.557552 0.498148 0.020313 0.101852
1 0.575781 0.500463 0.018229 0.10463
2 0.378125 0.493056 0.022917 0.084259
2 0.366667 0.50463 0.026042 0.098148
2 0.4 0.485648 0.021875 0.091667
1 0.638542 0.458796 0.019792 0.091667
1 0.531771 0.45787 0.01875 0.091667
1 0.578646 0.455556 0.019792 0.1
1 0.508333 0.456019 0.01875 0.10463
1 0.332292 0.606019 0.076042 0.402778
1 0.45026 0.540741 0.044271 0.251852
1 0.338281 0.572222 0.065104 0.316667
7 0.448437 0.472685 0.027083 0.069444
7 0.428906 0.468519 0.028646 0.055556
1 0.259896 0.481481 0.020833 0.098148
1 0.26901 0.469907 0.018229 0.097222
1 0.22526 0.47963 0.031771 0.094444
7 0.204687 0.461111 0.021875 0.096296
1 0.250521 0.460648 0.015625 0.076852
1 0.31875 0.486111 0.022917 0.12963
1 0.472396 0.515741 0.044792 0.22037
1 0.592187 0.461111 0.01875 0.083333
1 0.441146 0.468056 0.023958 0.117593
7 0.351302 0.461111 0.013021 0.066667
7 0.36849 0.458796 0.013021 0.062037
7 0.375781 0.468056 0.008854 0.052778
4 0.397917 0.512037 0.026042 0.072222
9 0.480208 0.4375 0.013542 0.119444
4 0.374479 0.512037 0.020833 0.062963
4 0.365625 0.525463 0.023958 0.073148
1 0.319271 0.45787 0.013542 0.063889
1 0.309115 0.459722 0.010937 0.062037
1 0.296875 0.45463 0.0125 0.068519
1 0.317969 0.454167 0.011979 0.063889
1 0.280729 0.454167 0.015625 0.063889
7 0.518229 0.449537 0.010417 0.049074
7 0.527083 0.447685 0.009375 0.056481
1 0.309896 0.410648 0.010417 0.039815
1 0.315104 0.411111 0.009375 0.038889
