7 0.50026 0.498611 0.050521 0.100926
1 0.907552 0.653704 0.113021 0.557407
9 0.913021 0.266667 0.175 0.535185
8 0.614323 0.449537 0.017188 0.082407
8 0.690104 0.453704 0.017708 0.109259
9 0.480208 0.447685 0.015625 0.128704
1 0.590104 0.47037 0.01875 0.144444
1 0.576302 0.475463 0.023438 0.119444
1 0.513542 0.453241 0.017708 0.082407
1 0.533854 0.463889 0.019792 0.1
1 0.502604 0.459259 0.017708 0.090741
1 1.001562 0.707407 0.108333 0.705556
1 0.848958 0.687037 0.105208 0.618519
7 0.448437 0.472685 0.027083 0.069444
7 0.428906 0.468519 0.028646 0.055556
1 0.211458 0.481019 0.025 0.10463
1 0.229427 0.472685 0.016146 0.099074
1 0.228125 0.473148 0.015625 0.1
1 0.227865 0.480093 0.022396 0.093519
7 0.204167 0.462037 0.021875 0.096296
1 0.229687 0.461574 0.017708 0.076852
1 0.517188 0.516667 0.0625 0.272222
1 0.602604 0.515278 0.039583 0.223148
1 0.579427 0.539815 0.048438 0.259259
1 0.469792 0.516667 0.045833 0.233333
1 0.35026 0.47037 0.019271 0.107407
1 0.627604 0.45787 0.026042 0.099074
1 0.611979 0.456019 0.01875 0.097222
1 0.349479 0.464815 0.017708 0.088889
1 0.38125 0.459722 0.017708 0.089815
7 0.354427 0.461111 0.013021 0.066667
7 0.366406 0.460648 0.009896 0.065741
7 0.37474 0.469907 0.010937 0.052778
1 0.310677 0.459722 0.018229 0.075
1 0.291927 0.462037 0.014063 0.072222
9 0.480208 0.4375 0.013542 0.119444
1 0.241927 0.461574 0.013021 0.067593
1 0.267188 0.449074 0.011458 0.051852
1 0.286458 0.457407 0.010417 0.062963
1 0.308854 0.433333 0.009375 0.042593
1 0.311719 0.443981 0.009896 0.04537
1 0.297135 0.425926 0.006771 0.02963
1 0.302344 0.423148 0.006771 0.02963
7 0.519271 0.449074 0.0125 0.05
7 0.531771 0.448611 0.009375 0.056481
1 0.553646 0.459259 0.016667 0.07963
