7 0.50026 0.498611 0.050521 0.100926
1 0.620313 0.612963 0.086458 0.459259
9 0.913021 0.266667 0.175 0.535185
8 0.614323 0.449537 0.017188 0.082407
8 0.690104 0.453704 0.017708 0.109259
9 0.480208 0.447685 0.015625 0.128704
1 0.574479 0.485648 0.021875 0.123148
1 0.575521 0.499537 0.022917 0.102778
2 0.355208 0.493981 0.025 0.084259
2 0.296354 0.512037 0.033333 0.1
2 0.380208 0.492593 0.030208 0.114815
1 0.49375 0.448611 0.013542 0.065741
1 0.564063 0.456944 0.019792 0.100926
1 0.526823 0.459259 0.018229 0.096296
1 0.611198 0.65463 0.102604 0.559259
1 0.546094 0.629167 0.067187 0.476852
7 0.448437 0.472685 0.027083 0.069444
7 0.428906 0.468519 0.028646 0.055556
1 0.210938 0.481481 0.027083 0.103704
1 0.247917 0.471759 0.01875 0.100926
1 0.227083 0.472222 0.015625 0.1
1 0.225781 0.481019 0.022396 0.09537
7 0.204167 0.462037 0.021875 0.096296
1 0.223958 0.464352 0.016667 0.076852
1 0.373177 0.534259 0.079687 0.309259
1 0.297135 0.541204 0.077604 0.271296
1 0.242188 0.562037 0.054167 0.301852
1 0.14974 0.563889 0.081771 0.322222
1 0.605729 0.52963 0.05 0.251852
1 0.473958 0.487037 0.03125 0.162963
1 0.654427 0.457407 0.018229 0.088889
1 0.51276 0.456481 0.014063 0.072222
1 0.501042 0.451852 0.013542 0.072222
1 0.33125 0.457407 0.014583 0.07037
1 0.379427 0.450926 0.013021 0.064815
7 0.350781 0.461111 0.013021 0.066667
7 0.365885 0.460185 0.009896 0.064815
7 0.379167 0.469444 0.009375 0.053704
1 0.286979 0.453704 0.0125 0.064815
1 0.276042 0.456019 0.0125 0.062037
4 0.379688 0.528241 0.030208 0.089815
9 0.479687 0.4375 0.013542 0.119444
4 0.354948 0.521759 0.032813 0.069444
4 0.301042 0.549074 0.060417 0.081481
1 0.261198 0.462037 0.013021 0.075926
1 0.28099 0.450463 0.009896 0.049074
1 0.309115 0.448611 0.009896 0.047222
1 0.30026 0.449537 0.008854 0.050926
1 0.315104 0.446759 0.009375 0.049074
1 0.310677 0.444444 0.009896 0.048148
1 0.290625 0.448148 0.009375 0.051852
7 0.51875 0.449074 0.011458 0.05
7 0.530208 0.447685 0.009375 0.056481
1 0.536198 0.453241 0.013021 0.067593
1 0.586719 0.462037 0.018229 0.092593
