7 0.50026 0.498611 0.050521 0.100926
1 0.740365 0.5625 0.086979 0.350926
1 0.327344 0.535648 0.044271 0.243519
9 0.913021 0.266667 0.175 0.535185
8 0.614323 0.449537 0.017188 0.082407
8 0.690104 0.453704 0.017708 0.109259
1 0.785417 0.55463 0.095833 0.311111
1 0.559375 0.499074 0.01875 0.101852
1 0.576302 0.501389 0.016146 0.106481
2 0.389844 0.482407 0.015104 0.062963
2 0.367448 0.504167 0.027604 0.097222
2 0.391406 0.458796 0.014063 0.069444
1 0.66224 0.460185 0.017188 0.092593
1 0.539583 0.451852 0.020833 0.107407
1 0.583333 0.458333 0.019792 0.1
1 0.497917 0.456481 0.021875 0.105556
1 0.257552 0.543981 0.054688 0.262037
1 0.347135 0.510648 0.031771 0.173148
1 0.723698 0.459259 0.026562 0.114815
1 0.786979 0.464815 0.033333 0.124074
1 0.269531 0.541204 0.046354 0.230556
7 0.448437 0.472685 0.027083 0.069444
7 0.428906 0.468519 0.028646 0.055556
1 0.294531 0.473611 0.018229 0.086111
7 0.20651 0.461111 0.021354 0.096296
1 0.228125 0.463889 0.020833 0.077778
1 0.31224 0.483796 0.018229 0.123148
1 0.514583 0.45787 0.016667 0.071296
7 0.366146 0.458796 0.010417 0.062037
7 0.376302 0.468981 0.009896 0.052778
4 0.390365 0.487963 0.016146 0.040741
9 0.48125 0.4375 0.013542 0.119444
4 0.389844 0.499074 0.019271 0.055556
4 0.365625 0.525463 0.023958 0.073148
7 0.527604 0.448611 0.009375 0.056481
1 0.30625 0.419907 0.010417 0.039815
1 0.315104 0.416667 0.009375 0.038889
