7 0.50026 0.498611 0.050521 0.100926
1 0.916927 0.652778 0.114062 0.559259
9 0.913021 0.266667 0.175 0.535185
8 0.614323 0.449537 0.017188 0.082407
8 0.690104 0.453704 0.017708 0.109259
9 0.480208 0.447685 0.015625 0.128704
1 0.590365 0.47037 0.019271 0.144444
1 0.575521 0.475 0.022917 0.118519
1 0.514583 0.453704 0.017708 0.083333
1 0.533073 0.463889 0.020313 0.1
1 0.5 0.458333 0.017708 0.090741
1 1.008333 0.708796 0.108333 0.706481
1 0.860677 0.689815 0.109896 0.627778
7 0.448437 0.472685 0.027083 0.069444
7 0.428906 0.468519 0.028646 0.055556
1 0.211458 0.481019 0.025 0.10463
1 0.229427 0.472685 0.016146 0.099074
1 0.228125 0.473148 0.015625 0.1
1 0.227865 0.480093 0.022396 0.093519
7 0.204167 0.462037 0.021875 0.096296
1 0.229687 0.461574 0.017708 0.076852
1 0.521875 0.516204 0.053125 0.271296
1 0.605469 0.515278 0.039062 0.223148
1 0.588021 0.539815 0.051042 0.259259
1 0.478125 0.516204 0.039583 0.232407
1 0.349479 0.47037 0.01875 0.107407
1 0.629427 0.457407 0.023438 0.1
1 0.614844 0.456481 0.019271 0.098148
1 0.350521 0.465278 0.01875 0.089815
1 0.38151 0.460185 0.018229 0.090741
7 0.354427 0.461111 0.013021 0.066667
7 0.366406 0.460648 0.009896 0.065741
7 0.37474 0.469907 0.010937 0.052778
1 0.311719 0.459722 0.018229 0.075
1 0.292187 0.462037 0.013542 0.072222
9 0.480208 0.4375 0.013542 0.119444
1 0.241927 0.461574 0.013021 0.067593
1 0.26849 0.449537 0.010937 0.050926
1 0.28724 0.457407 0.010937 0.062963
1 0.309115 0.433333 0.009896 0.042593
1 0.311719 0.443981 0.009896 0.04537
1 0.297656 0.425926 0.006771 0.02963
1 0.302344 0.422222 0.006771 0.02963
7 0.519271 0.449074 0.0125 0.05
7 0.531771 0.448611 0.009375 0.056481
1 0.553646 0.459259 0.016667 0.07963
