7 0.50026 0.498611 0.050521 0.100926
1 0.817448 0.643056 0.092188 0.537963
9 0.913021 0.266667 0.175 0.535185
8 0.614323 0.449537 0.017188 0.082407
8 0.690104 0.453704 0.017708 0.109259
9 0.480208 0.447685 0.015625 0.128704
1 0.589583 0.472222 0.01875 0.144444
1 0.584115 0.484722 0.027604 0.128704
2 0.065885 0.547685 0.044271 0.134259
2 0.070312 0.571296 0.067708 0.238889
1 0.502083 0.449537 0.015625 0.073148
1 0.536458 0.462037 0.019792 0.1
1 0.513281 0.459259 0.018229 0.090741
1 0.886979 0.701389 0.158333 0.706481
1 0.754948 0.690741 0.127604 0.605556
7 0.448437 0.472685 0.027083 0.069444
7 0.428906 0.468519 0.028646 0.055556
1 0.211979 0.481019 0.026042 0.10463
1 0.229948 0.472222 0.017188 0.1
1 0.227865 0.473148 0.015104 0.1
1 0.227344 0.480093 0.022396 0.093519
7 0.204167 0.462037 0.021875 0.096296
1 0.228125 0.4625 0.017708 0.076852
1 0.480729 0.516204 0.048958 0.276852
1 0.56901 0.518981 0.050521 0.223148
1 0.510677 0.541667 0.073438 0.261111
1 0.408594 0.525 0.057812 0.248148
1 0.983333 0.60463 0.084375 0.485185
1 0.371094 0.472685 0.021354 0.119444
1 0.622396 0.454167 0.017708 0.078704
1 0.594271 0.463426 0.021875 0.086111
1 0.579167 0.459259 0.017708 0.090741
1 0.342187 0.463889 0.016667 0.083333
1 0.384115 0.45787 0.014063 0.082407
7 0.354427 0.461111 0.013021 0.066667
7 0.366406 0.460648 0.009896 0.065741
7 0.37474 0.469444 0.011979 0.051852
1 0.30625 0.460648 0.016667 0.073148
1 0.288542 0.461574 0.013542 0.069444
4 0.069271 0.64213 0.130208 0.178704
9 0.480208 0.4375 0.013542 0.119444
4 0.067969 0.604167 0.116146 0.113889
1 0.244531 0.459722 0.013021 0.067593
1 0.284635 0.456481 0.009896 0.061111
1 0.307812 0.438426 0.009375 0.043519
1 0.311719 0.443981 0.009896 0.04537
1 0.296094 0.42963 0.006771 0.02963
1 0.302344 0.426852 0.006771 0.02963
7 0.51901 0.449074 0.011979 0.05
7 0.531771 0.448611 0.009375 0.056481
1 0.561458 0.462037 0.017708 0.088889
