7 0.50026 0.498611 0.050521 0.100926
1 0.346875 0.544444 0.048958 0.266667
9 0.913021 0.266667 0.175 0.535185
8 0.614323 0.449537 0.017188 0.082407
8 0.690104 0.453704 0.017708 0.109259
9 0.480208 0.447685 0.015625 0.128704
1 0.558594 0.498148 0.019271 0.101852
1 0.575781 0.500926 0.017188 0.105556
2 0.380208 0.49213 0.022917 0.084259
2 0.366927 0.504167 0.026562 0.097222
2 0.403906 0.477778 0.021354 0.083333
1 0.665365 0.460185 0.017188 0.092593
1 0.533333 0.461111 0.020833 0.105556
1 0.58099 0.456481 0.020313 0.1
1 0.49401 0.455556 0.022396 0.105556
1 0.296354 0.559722 0.067708 0.297222
1 0.382292 0.522685 0.038542 0.202778
1 0.816927 0.455556 0.026562 0.116667
1 0.283333 0.550463 0.045833 0.262037
7 0.448437 0.472685 0.027083 0.069444
7 0.428906 0.468519 0.028646 0.055556
1 0.286198 0.472685 0.018229 0.086111
1 0.265885 0.469907 0.015104 0.09537
1 0.25625 0.478241 0.015625 0.091667
7 0.205469 0.461111 0.021354 0.096296
1 0.228646 0.463889 0.019792 0.077778
1 0.315104 0.483333 0.020833 0.124074
1 0.374219 0.505093 0.042188 0.178704
1 0.550521 0.456019 0.016667 0.071296
1 0.353646 0.47963 0.019792 0.114815
7 0.370052 0.458796 0.014063 0.062037
7 0.375781 0.468056 0.009896 0.052778
4 0.405469 0.494444 0.019271 0.062963
9 0.480729 0.4375 0.013542 0.119444
4 0.376823 0.510648 0.020313 0.062037
4 0.365625 0.525463 0.023958 0.073148
1 0.323177 0.461111 0.013021 0.068519
1 0.302865 0.453704 0.011979 0.066667
1 0.325781 0.457407 0.011979 0.07037
7 0.517969 0.449537 0.009896 0.049074
7 0.527083 0.447685 0.009375 0.056481
1 0.307292 0.4125 0.010417 0.039815
1 0.314583 0.411111 0.009375 0.038889
