7 0.50026 0.498611 0.050521 0.100926
1 0.40599 0.560185 0.060937 0.312963
9 0.913021 0.266667 0.175 0.535185
8 0.614323 0.449537 0.017188 0.082407
8 0.690104 0.453704 0.017708 0.109259
9 0.480208 0.447685 0.015625 0.128704
1 0.557552 0.498148 0.020313 0.101852
1 0.576042 0.500463 0.01875 0.10463
2 0.377604 0.493056 0.022917 0.084259
2 0.366667 0.50463 0.026042 0.098148
2 0.398698 0.486111 0.022396 0.092593
1 0.632812 0.459722 0.019792 0.091667
1 0.530729 0.45787 0.01875 0.091667
1 0.578385 0.455556 0.020313 0.1
1 0.509375 0.456944 0.01875 0.10463
1 0.324219 0.6125 0.078646 0.423148
1 0.457552 0.545833 0.044271 0.258333
1 0.347656 0.574074 0.063021 0.318519
7 0.448437 0.472685 0.027083 0.069444
7 0.428906 0.468519 0.028646 0.055556
1 0.255729 0.480556 0.01875 0.1
1 0.270052 0.469907 0.018229 0.097222
1 0.261458 0.471759 0.015625 0.09537
1 0.223177 0.481481 0.032813 0.094444
7 0.204687 0.461111 0.021875 0.096296
1 0.253385 0.4625 0.016146 0.076852
1 0.314583 0.487963 0.022917 0.131481
1 0.483333 0.516667 0.036458 0.227778
1 0.595833 0.462963 0.017708 0.083333
1 0.455469 0.466667 0.022396 0.114815
7 0.350781 0.462037 0.013021 0.066667
7 0.367969 0.458333 0.013021 0.062963
7 0.375781 0.468056 0.008854 0.052778
4 0.396354 0.513889 0.027083 0.074074
9 0.480208 0.4375 0.013542 0.119444
4 0.373958 0.512963 0.020833 0.062963
4 0.365625 0.525463 0.023958 0.073148
1 0.31875 0.457407 0.013542 0.062963
1 0.30651 0.458796 0.010937 0.062037
1 0.295573 0.454167 0.013021 0.067593
1 0.316927 0.453704 0.011979 0.062963
1 0.278646 0.453704 0.015625 0.062963
7 0.518229 0.449537 0.010417 0.049074
7 0.527083 0.447685 0.009375 0.056481
1 0.490625 0.451852 0.015625 0.087037
1 0.309896 0.410648 0.010417 0.039815
1 0.315104 0.411111 0.009375 0.038889
