7 0.50026 0.498611 0.050521 0.100926
1 0.620313 0.611574 0.086458 0.469444
9 0.913021 0.266667 0.175 0.535185
8 0.614323 0.449537 0.017188 0.082407
8 0.690104 0.453704 0.017708 0.109259
9 0.480208 0.447685 0.015625 0.128704
1 0.573438 0.486111 0.021875 0.12037
1 0.575521 0.499537 0.022917 0.102778
2 0.361458 0.493056 0.025 0.084259
2 0.307552 0.509722 0.031771 0.097222
2 0.384115 0.491667 0.029687 0.112963
1 0.494271 0.448611 0.013542 0.065741
1 0.564583 0.456019 0.019792 0.100926
1 0.525781 0.459722 0.018229 0.097222
1 0.613802 0.65463 0.107812 0.559259
1 0.544792 0.629167 0.067708 0.476852
7 0.448437 0.472685 0.027083 0.069444
7 0.428906 0.468519 0.028646 0.055556
1 0.210938 0.481481 0.027083 0.103704
1 0.249219 0.471759 0.018229 0.100926
1 0.227604 0.472222 0.015625 0.1
1 0.225781 0.481019 0.022396 0.09537
7 0.204167 0.462037 0.021875 0.096296
1 0.223698 0.464352 0.016146 0.076852
1 0.370312 0.536111 0.077083 0.311111
1 0.283594 0.539815 0.064062 0.272222
1 0.225 0.566667 0.060417 0.305556
1 0.133594 0.569907 0.099479 0.326852
1 0.597396 0.529167 0.05 0.252778
1 0.480208 0.487037 0.029167 0.162963
1 0.65599 0.457407 0.018229 0.088889
1 0.510677 0.456481 0.014063 0.072222
1 0.498958 0.452778 0.013542 0.07037
1 0.33125 0.456019 0.014583 0.067593
1 0.378906 0.450926 0.013021 0.064815
7 0.350781 0.461111 0.013021 0.066667
7 0.365885 0.460185 0.009896 0.064815
7 0.378646 0.469444 0.009375 0.053704
1 0.286458 0.453704 0.0125 0.064815
1 0.275521 0.456019 0.0125 0.062037
4 0.382812 0.526389 0.029167 0.089815
9 0.479687 0.4375 0.013542 0.119444
4 0.359115 0.52037 0.028646 0.068519
4 0.310417 0.546296 0.058333 0.07963
1 0.261719 0.462037 0.013021 0.075926
1 0.28099 0.450463 0.009896 0.049074
1 0.309115 0.448611 0.009896 0.047222
1 0.30026 0.449537 0.008854 0.050926
1 0.315104 0.446759 0.009375 0.049074
1 0.310677 0.444907 0.009896 0.049074
1 0.291146 0.448148 0.009375 0.051852
7 0.51875 0.449074 0.011458 0.05
7 0.530208 0.447685 0.009375 0.056481
1 0.535937 0.453704 0.013542 0.068519
1 0.586719 0.462037 0.018229 0.092593
