7 0.50026 0.498611 0.050521 0.100926
1 0.361719 0.547685 0.050521 0.280556
9 0.913021 0.266667 0.175 0.535185
8 0.614323 0.449537 0.017188 0.082407
8 0.690104 0.453704 0.017708 0.109259
9 0.480208 0.447685 0.015625 0.128704
1 0.558073 0.498148 0.019271 0.101852
1 0.576042 0.500926 0.017708 0.105556
2 0.379167 0.49213 0.022917 0.084259
2 0.366927 0.504167 0.026562 0.097222
2 0.405729 0.480093 0.021875 0.086111
1 0.664323 0.459722 0.019271 0.091667
1 0.533073 0.459259 0.020313 0.098148
1 0.579948 0.456481 0.020313 0.1
1 0.495573 0.455556 0.022396 0.105556
1 0.316927 0.574537 0.060937 0.326852
1 0.410156 0.528704 0.042188 0.216667
1 0.296875 0.554167 0.048958 0.276852
7 0.448437 0.472685 0.027083 0.069444
7 0.428906 0.468519 0.028646 0.055556
1 0.27474 0.475463 0.018229 0.086111
1 0.266667 0.47037 0.015625 0.096296
1 0.247656 0.480556 0.022396 0.092593
7 0.205208 0.461111 0.021875 0.096296
1 0.233073 0.462963 0.018229 0.077778
1 0.317188 0.484259 0.021875 0.125926
1 0.403646 0.508796 0.04375 0.189815
1 0.564583 0.456019 0.016667 0.071296
1 0.377604 0.478704 0.019792 0.114815
7 0.369271 0.458796 0.013542 0.062037
7 0.375781 0.468056 0.009896 0.052778
4 0.407031 0.500463 0.021354 0.065741
9 0.480208 0.4375 0.013542 0.119444
4 0.375781 0.511574 0.020313 0.062037
4 0.365625 0.525463 0.023958 0.073148
1 0.321875 0.460185 0.013542 0.066667
1 0.30026 0.454167 0.011979 0.067593
1 0.322656 0.456019 0.011979 0.067593
7 0.517969 0.449537 0.009896 0.049074
7 0.527083 0.447685 0.009375 0.056481
1 0.308333 0.411574 0.010417 0.039815
1 0.314583 0.411111 0.009375 0.038889
