7 0.50026 0.498611 0.050521 0.100926
1 0.622135 0.609722 0.081771 0.480556
9 0.913021 0.266667 0.175 0.535185
8 0.614323 0.449537 0.017188 0.082407
8 0.690104 0.453704 0.017708 0.109259
9 0.480208 0.447685 0.015625 0.128704
1 0.566146 0.491204 0.021875 0.110185
1 0.575521 0.499537 0.021875 0.102778
2 0.373958 0.496759 0.022917 0.091667
2 0.348958 0.50463 0.028125 0.090741
2 0.390885 0.493981 0.029687 0.106481
1 0.497917 0.449537 0.013542 0.069444
1 0.568229 0.456019 0.019792 0.100926
1 0.523438 0.462963 0.01875 0.098148
1 0.614583 0.656019 0.110417 0.562037
1 0.53724 0.628704 0.069271 0.475926
7 0.448437 0.472685 0.027083 0.069444
7 0.428906 0.468519 0.028646 0.055556
1 0.209115 0.481481 0.026562 0.103704
1 0.254688 0.471296 0.01875 0.101852
1 0.229167 0.472222 0.015625 0.1
1 0.225521 0.481019 0.022917 0.09537
7 0.204167 0.462037 0.021875 0.096296
1 0.222656 0.464352 0.016146 0.076852
1 0.30625 0.542593 0.066667 0.337037
1 0.186979 0.549537 0.065625 0.289815
1 0.13776 0.584259 0.110937 0.344444
1 0.027865 0.575463 0.095312 0.343519
1 0.547135 0.522222 0.048438 0.235185
1 0.517448 0.498148 0.043229 0.183333
1 0.663281 0.457407 0.021354 0.088889
1 0.501302 0.453704 0.011979 0.064815
1 0.480208 0.449074 0.013542 0.07037
1 0.333854 0.456019 0.014583 0.065741
1 0.374479 0.451389 0.0125 0.062037
7 0.35026 0.461111 0.013021 0.066667
7 0.365365 0.460185 0.009896 0.064815
7 0.377344 0.469444 0.008854 0.053704
1 0.280729 0.454167 0.0125 0.060185
4 0.391667 0.518056 0.028125 0.080556
9 0.479687 0.4375 0.013542 0.119444
4 0.371875 0.514815 0.020833 0.066667
4 0.35 0.533333 0.029167 0.072222
1 0.263542 0.4625 0.011458 0.076852
1 0.28125 0.450926 0.009375 0.048148
1 0.308854 0.450463 0.010417 0.050926
1 0.298958 0.451852 0.009375 0.053704
1 0.315885 0.447222 0.009896 0.048148
1 0.309896 0.445833 0.010417 0.050926
1 0.290365 0.449537 0.009896 0.052778
7 0.51875 0.449074 0.011458 0.05
7 0.529687 0.447685 0.009375 0.056481
1 0.535156 0.454167 0.014063 0.069444
1 0.586719 0.462037 0.018229 0.092593
