7 0.50026 0.498611 0.050521 0.100926
1 0.588802 0.612963 0.092188 0.440741
9 0.913021 0.266667 0.175 0.535185
8 0.614323 0.449537 0.017188 0.082407
8 0.690104 0.453704 0.017708 0.109259
9 0.480208 0.447685 0.015625 0.128704
1 0.557813 0.497685 0.020833 0.097222
1 0.575781 0.5 0.021354 0.103704
2 0.374219 0.496759 0.022396 0.091667
2 0.365885 0.505093 0.024479 0.099074
2 0.392969 0.496296 0.028646 0.103704
1 0.509115 0.450926 0.014063 0.07037
1 0.576562 0.455093 0.019792 0.100926
1 0.52474 0.465741 0.018229 0.103704
1 0.59401 0.652315 0.107812 0.563889
1 0.952865 0.630093 0.116146 0.482407
1 0.503385 0.63287 0.073438 0.486111
7 0.448437 0.472685 0.027083 0.069444
7 0.428906 0.468519 0.028646 0.055556
1 0.209635 0.481019 0.022396 0.102778
1 0.26849 0.471296 0.023438 0.1
1 0.233854 0.472222 0.015625 0.1
1 0.225 0.481481 0.023958 0.094444
7 0.204167 0.462037 0.021875 0.096296
1 0.220052 0.465278 0.016146 0.076852
1 0.060156 0.581944 0.114062 0.419444
1 0.440365 0.508796 0.035937 0.200926
1 0.910156 0.581481 0.108854 0.405556
1 0.679948 0.516667 0.044271 0.246296
1 0.751042 0.458796 0.025 0.100926
1 0.634635 0.461574 0.024479 0.097222
1 0.457813 0.449074 0.011458 0.064815
1 0.434375 0.447222 0.013542 0.07037
1 0.334375 0.453241 0.010417 0.056481
1 0.357552 0.45 0.011979 0.055556
7 0.34974 0.461111 0.013021 0.066667
7 0.364844 0.460185 0.009896 0.064815
7 0.374479 0.468519 0.008333 0.053704
4 0.392969 0.516667 0.028646 0.07963
9 0.479687 0.4375 0.013542 0.119444
4 0.371875 0.514352 0.020833 0.065741
4 0.359635 0.527778 0.025521 0.072222
1 0.270573 0.464352 0.015104 0.073148
1 0.307552 0.452778 0.010937 0.053704
1 0.295833 0.452778 0.009375 0.053704
1 0.296094 0.449074 0.009896 0.055556
1 0.316667 0.449074 0.011458 0.05
1 0.307552 0.447685 0.010937 0.05463
1 0.286198 0.451389 0.010937 0.056481
7 0.51849 0.449074 0.010937 0.05
7 0.528646 0.447685 0.009375 0.056481
1 0.534635 0.457407 0.015104 0.072222
1 0.593229 0.461574 0.019792 0.091667
