7 0.50026 0.498611 0.050521 0.100926
1 0.565365 0.594907 0.082812 0.415741
9 0.913021 0.266667 0.175 0.535185
8 0.614323 0.449537 0.017188 0.082407
8 0.690104 0.453704 0.017708 0.109259
9 0.480208 0.447685 0.015625 0.128704
1 0.557552 0.498611 0.020313 0.097222
1 0.575781 0.5 0.020313 0.103704
2 0.374479 0.49537 0.021875 0.088889
2 0.365885 0.505093 0.024479 0.099074
2 0.392188 0.496296 0.027083 0.103704
1 0.591667 0.4625 0.019792 0.091667
1 0.515365 0.452315 0.015104 0.073148
1 0.581771 0.455093 0.019792 0.100926
1 0.517708 0.46713 0.01875 0.10463
1 0.549479 0.669444 0.080208 0.590741
1 0.784896 0.59537 0.091667 0.387037
1 0.46901 0.625463 0.077604 0.456481
7 0.448437 0.472685 0.027083 0.069444
7 0.428906 0.468519 0.028646 0.055556
1 0.213281 0.482407 0.020313 0.103704
1 0.274479 0.471296 0.016667 0.1
1 0.244271 0.472222 0.015625 0.096296
1 0.22474 0.481944 0.024479 0.093519
7 0.204167 0.462037 0.021875 0.096296
1 0.219792 0.465741 0.015625 0.075926
1 0.390885 0.503704 0.044271 0.17963
1 0.765625 0.559259 0.084375 0.342593
1 0.84401 0.539815 0.081771 0.301852
1 0.701562 0.460185 0.022917 0.096296
1 0.597396 0.463889 0.025 0.1
1 0.422135 0.450463 0.016146 0.065741
1 0.418229 0.449074 0.013542 0.07037
1 0.326562 0.452315 0.010417 0.05463
1 0.341146 0.451852 0.0125 0.055556
7 0.349219 0.461111 0.013021 0.066667
7 0.364844 0.460185 0.009896 0.064815
7 0.375 0.468519 0.008333 0.053704
4 0.392969 0.51713 0.028646 0.078704
9 0.479167 0.4375 0.013542 0.119444
4 0.371875 0.513889 0.020833 0.064815
4 0.361979 0.527315 0.025 0.073148
1 0.267448 0.466667 0.011979 0.074074
1 0.309115 0.45463 0.010937 0.057407
1 0.297656 0.455093 0.013021 0.056481
1 0.294271 0.45 0.010417 0.057407
1 0.316406 0.450463 0.011979 0.052778
1 0.306771 0.45 0.011458 0.059259
1 0.283073 0.450463 0.010937 0.05463
7 0.51849 0.449074 0.010937 0.05
7 0.527604 0.447685 0.009375 0.056481
1 0.529687 0.45787 0.015625 0.078704
1 0.315104 0.424537 0.010417 0.039815
1 0.320312 0.422222 0.009375 0.038889
