7 0.50026 0.498611 0.050521 0.100926
1 0.851042 0.649074 0.108333 0.542593
9 0.913021 0.266667 0.175 0.535185
8 0.614323 0.449537 0.017188 0.082407
8 0.690104 0.453704 0.017708 0.109259
9 0.480208 0.447685 0.015625 0.128704
1 0.589844 0.471296 0.019271 0.144444
1 0.58099 0.481019 0.025521 0.125
2 0.006771 0.557407 0.046875 0.146296
1 0.506771 0.451389 0.016667 0.076852
1 0.535417 0.464815 0.019792 0.1
1 0.509115 0.459259 0.018229 0.090741
1 0.914062 0.696759 0.161458 0.706481
1 0.78724 0.688426 0.110937 0.600926
7 0.448437 0.472685 0.027083 0.069444
7 0.428906 0.468519 0.028646 0.055556
1 0.211719 0.481019 0.025521 0.10463
1 0.229687 0.472222 0.016667 0.1
1 0.227865 0.473148 0.015104 0.1
1 0.227865 0.480093 0.022396 0.093519
7 0.204167 0.462037 0.021875 0.096296
1 0.228646 0.4625 0.017708 0.076852
1 0.490104 0.516667 0.041667 0.275926
1 0.585677 0.515278 0.052604 0.223148
1 0.539062 0.540741 0.054167 0.257407
1 0.4375 0.520833 0.045833 0.241667
1 0.361979 0.472222 0.021875 0.111111
1 0.622656 0.453704 0.017188 0.07963
1 0.605469 0.463889 0.021354 0.088889
1 0.592448 0.45787 0.018229 0.093519
1 0.345573 0.463426 0.016146 0.086111
1 0.382292 0.458796 0.015625 0.084259
7 0.354427 0.461111 0.013021 0.066667
7 0.366406 0.460648 0.009896 0.065741
7 0.37474 0.469444 0.011979 0.051852
1 0.306771 0.460185 0.016667 0.074074
1 0.289844 0.4625 0.013021 0.069444
4 -0.004687 0.664352 0.123958 0.184259
9 0.480208 0.4375 0.013542 0.119444
4 0.00625 0.611111 0.11875 0.114815
1 0.24349 0.460648 0.013021 0.067593
1 0.285677 0.456481 0.009896 0.061111
1 0.308333 0.436111 0.009375 0.042593
1 0.311719 0.443981 0.009896 0.04537
1 0.295052 0.425926 0.006771 0.02963
1 0.302344 0.425 0.006771 0.02963
7 0.51901 0.449074 0.011979 0.05
7 0.531771 0.448611 0.009375 0.056481
