7 0.50026 0.498611 0.050521 0.100926
1 0.521094 0.585648 0.072396 0.391667
9 0.913021 0.266667 0.175 0.535185
8 0.614323 0.449537 0.017188 0.082407
8 0.690104 0.453704 0.017708 0.109259
9 0.480208 0.447685 0.015625 0.128704
1 0.557552 0.499537 0.020313 0.097222
1 0.575781 0.5 0.020313 0.103704
2 0.37474 0.494444 0.022396 0.085185
2 0.366146 0.505093 0.025 0.099074
2 0.390365 0.496296 0.023438 0.103704
1 0.591667 0.4625 0.019792 0.091667
1 0.520833 0.455093 0.016667 0.084259
1 0.581771 0.455093 0.019792 0.100926
1 0.515104 0.464352 0.01875 0.10463
1 0.48776 0.65 0.110937 0.546296
1 0.64401 0.572685 0.060937 0.334259
1 0.438021 0.60787 0.080208 0.408333
7 0.448437 0.472685 0.027083 0.069444
7 0.428906 0.468519 0.028646 0.055556
1 0.228385 0.481019 0.018229 0.102778
1 0.275521 0.469907 0.016667 0.100926
1 0.255469 0.471759 0.016146 0.09537
1 0.224479 0.481944 0.025 0.093519
7 0.204167 0.462037 0.021875 0.096296
1 0.244271 0.463889 0.015625 0.075926
1 0.347396 0.501852 0.039583 0.168519
1 0.658333 0.54537 0.065625 0.3
1 0.660677 0.462037 0.024479 0.094444
1 0.571875 0.465741 0.021875 0.107407
1 0.397656 0.451389 0.009896 0.063889
1 0.403906 0.450463 0.009896 0.067593
1 0.322396 0.450926 0.009375 0.055556
7 0.348698 0.461111 0.013021 0.066667
7 0.364844 0.460185 0.009896 0.064815
7 0.375521 0.468519 0.008333 0.053704
4 0.392969 0.517593 0.028646 0.077778
9 0.479167 0.4375 0.013542 0.119444
4 0.371875 0.513889 0.020833 0.064815
4 0.364583 0.526389 0.023958 0.073148
1 0.266667 0.466667 0.011458 0.075926
1 0.313281 0.45463 0.010937 0.057407
1 0.30026 0.456481 0.009896 0.057407
1 0.292448 0.451389 0.011979 0.060185
1 0.319531 0.452315 0.011979 0.052778
1 0.306771 0.45 0.011458 0.059259
1 0.278646 0.452778 0.014583 0.057407
7 0.51849 0.449537 0.010937 0.049074
7 0.527083 0.447685 0.009375 0.056481
1 0.522396 0.45787 0.016667 0.086111
1 0.311458 0.418981 0.010417 0.039815
1 0.317188 0.415741 0.009375 0.038889
