7 0.50026 0.498611 0.050521 0.100926
1 0.7 0.6375 0.09375 0.508333
9 0.913021 0.266667 0.175 0.535185
8 0.614323 0.449537 0.017188 0.082407
8 0.690104 0.453704 0.017708 0.109259
9 0.480208 0.447685 0.015625 0.128704
1 0.589063 0.475 0.020833 0.144444
1 0.575521 0.496759 0.021875 0.108333
2 0.233333 0.527315 0.0375 0.115741
2 0.09401 0.543056 0.050521 0.115741
2 0.27474 0.515741 0.044271 0.159259
1 0.486719 0.444907 0.013021 0.058333
1 0.145313 0.789815 0.216667 0.890741
1 0.555729 0.456944 0.019792 0.100926
1 0.527344 0.458796 0.018229 0.091667
1 0.71224 0.683796 0.107812 0.626852
1 0.629687 0.656944 0.079167 0.532407
7 0.448437 0.472685 0.027083 0.069444
7 0.428906 0.468519 0.028646 0.055556
1 0.210677 0.481481 0.026562 0.105556
1 0.23151 0.473611 0.018229 0.100926
1 0.227344 0.473148 0.015104 0.1
1 0.226823 0.480556 0.022396 0.094444
7 0.204167 0.462037 0.021875 0.096296
1 0.226302 0.463426 0.017188 0.076852
1 0.457031 0.51713 0.045312 0.278704
1 0.461458 0.518519 0.051042 0.238889
1 0.402344 0.54213 0.047396 0.275
1 0.327604 0.529167 0.046875 0.25463
1 0.790104 0.562037 0.06875 0.351852
1 0.41224 0.477315 0.025521 0.130556
1 0.632292 0.456481 0.017708 0.07963
1 0.55 0.459259 0.015625 0.07963
1 0.538802 0.453241 0.014063 0.076852
1 0.332292 0.461111 0.017708 0.077778
1 0.386719 0.455556 0.015104 0.074074
7 0.351823 0.461111 0.013021 0.066667
7 0.365885 0.460185 0.009896 0.064815
7 0.378125 0.469907 0.010417 0.052778
1 0.30026 0.454167 0.015104 0.069444
1 0.28099 0.458333 0.013021 0.064815
4 0.280729 0.569907 0.067708 0.119444
9 0.480208 0.4375 0.013542 0.119444
4 0.236719 0.561574 0.060937 0.087963
4 0.097396 0.593056 0.107292 0.110185
1 0.25026 0.462037 0.014063 0.07037
1 0.282031 0.453241 0.008854 0.056481
1 0.310937 0.448611 0.009375 0.04537
1 0.310937 0.443056 0.009375 0.04537
1 0.311719 0.443981 0.009896 0.04537
7 0.51901 0.449074 0.011979 0.05
7 0.53125 0.447685 0.009375 0.056481
1 0.536979 0.453704 0.014583 0.072222
