7 0.50026 0.498611 0.050521 0.100926
1 0.582812 0.610648 0.089583 0.437963
9 0.913021 0.266667 0.175 0.535185
8 0.614323 0.449537 0.017188 0.082407
8 0.690104 0.453704 0.017708 0.109259
9 0.480208 0.447685 0.015625 0.128704
1 0.557813 0.497685 0.020833 0.097222
1 0.575781 0.5 0.021354 0.103704
2 0.374219 0.496759 0.022396 0.091667
2 0.365885 0.505093 0.024479 0.099074
2 0.392969 0.496296 0.028646 0.103704
1 0.509635 0.450926 0.014063 0.07037
1 0.577083 0.455093 0.019792 0.100926
1 0.52474 0.465741 0.018229 0.103704
1 0.591406 0.652315 0.113021 0.563889
1 0.946094 0.631481 0.134896 0.474074
1 0.501302 0.633333 0.069271 0.487037
7 0.448437 0.472685 0.027083 0.069444
7 0.428906 0.468519 0.028646 0.055556
1 0.209635 0.481019 0.022396 0.102778
1 0.269271 0.471296 0.023958 0.1
1 0.234896 0.472222 0.015625 0.1
1 0.225 0.481481 0.023958 0.094444
7 0.204167 0.462037 0.021875 0.096296
1 0.220052 0.465278 0.016146 0.076852
1 0.03724 0.581019 0.083854 0.421296
1 0.435156 0.508796 0.033854 0.200926
1 0.902083 0.581019 0.115625 0.397222
1 0.691406 0.518519 0.058854 0.248148
1 0.746094 0.459259 0.027604 0.1
1 0.632031 0.460648 0.024479 0.097222
1 0.454687 0.448148 0.011458 0.064815
1 0.432812 0.447222 0.013542 0.07037
1 0.334115 0.452315 0.009896 0.056481
1 0.35651 0.45 0.011979 0.055556
7 0.349219 0.461111 0.013021 0.066667
7 0.364844 0.460185 0.009896 0.064815
7 0.374479 0.468519 0.008333 0.053704
4 0.392969 0.516667 0.028646 0.07963
9 0.479687 0.4375 0.013542 0.119444
4 0.371875 0.514352 0.020833 0.065741
4 0.359635 0.527778 0.025521 0.072222
1 0.270313 0.464815 0.014583 0.074074
1 0.307552 0.452778 0.010937 0.053704
1 0.295833 0.452778 0.009375 0.053704
1 0.296094 0.449074 0.009896 0.055556
1 0.316406 0.449074 0.011979 0.05
1 0.307552 0.447685 0.010937 0.05463
1 0.285677 0.451389 0.010937 0.056481
7 0.51849 0.449074 0.010937 0.05
7 0.528646 0.447685 0.009375 0.056481
1 0.534635 0.457407 0.015104 0.072222
1 0.315625 0.430093 0.010417 0.039815
1 0.593229 0.461574 0.019792 0.091667
