7 0.50026 0.498611 0.050521 0.100926
1 0.410417 0.560648 0.059375 0.315741
9 0.913021 0.266667 0.175 0.535185
8 0.614323 0.449537 0.017188 0.082407
8 0.690104 0.453704 0.017708 0.109259
9 0.480208 0.447685 0.015625 0.128704
1 0.557552 0.498148 0.020313 0.101852
1 0.576042 0.500463 0.01875 0.10463
2 0.377604 0.493056 0.022917 0.084259
2 0.366667 0.50463 0.026042 0.098148
2 0.398438 0.486574 0.022917 0.093519
1 0.629687 0.459722 0.019792 0.091667
1 0.530729 0.45787 0.01875 0.091667
1 0.578385 0.455556 0.020313 0.1
1 0.510156 0.45787 0.018229 0.10463
1 0.322656 0.609259 0.081771 0.42963
1 0.459896 0.545833 0.04375 0.262037
1 0.352604 0.575463 0.063542 0.321296
7 0.448437 0.472685 0.027083 0.069444
7 0.428906 0.468519 0.028646 0.055556
1 0.254427 0.480556 0.017188 0.1
1 0.270573 0.469907 0.018229 0.097222
1 0.261458 0.471759 0.015625 0.09537
1 0.223437 0.481481 0.032292 0.094444
7 0.204687 0.461111 0.021875 0.096296
1 0.253385 0.4625 0.016146 0.076852
1 0.314063 0.488889 0.022917 0.133333
1 0.491406 0.519907 0.036979 0.230556
1 0.597656 0.4625 0.017188 0.082407
1 0.46276 0.46713 0.020313 0.115741
7 0.350781 0.462037 0.013021 0.066667
7 0.367969 0.458333 0.013021 0.062963
7 0.375781 0.468056 0.008854 0.052778
4 0.395573 0.514815 0.027604 0.074074
9 0.480208 0.4375 0.013542 0.119444
4 0.373958 0.512963 0.020833 0.062963
4 0.365625 0.525463 0.023958 0.073148
1 0.31849 0.457407 0.013021 0.062963
1 0.305469 0.458796 0.010937 0.062037
1 0.295052 0.454167 0.013021 0.067593
1 0.316667 0.453704 0.011458 0.062963
1 0.278125 0.453704 0.015625 0.062963
7 0.518229 0.449537 0.010417 0.049074
7 0.527083 0.447685 0.009375 0.056481
1 0.492188 0.451852 0.015625 0.087037
1 0.309896 0.410648 0.010417 0.039815
1 0.315104 0.411111 0.009375 0.038889
