7 0.50026 0.498611 0.050521 0.100926
1 0.566927 0.599074 0.083854 0.422222
9 0.913021 0.266667 0.175 0.535185
8 0.614323 0.449537 0.017188 0.082407
8 0.690104 0.453704 0.017708 0.109259
9 0.480208 0.447685 0.015625 0.128704
1 0.557552 0.498611 0.020313 0.097222
1 0.575521 0.5 0.020833 0.103704
2 0.374479 0.495833 0.021875 0.089815
2 0.365885 0.505093 0.024479 0.099074
2 0.392448 0.496296 0.027604 0.103704
1 0.59375 0.461574 0.019792 0.091667
1 0.513802 0.451389 0.014063 0.071296
1 0.580208 0.455093 0.019792 0.100926
1 0.51875 0.468056 0.01875 0.10463
1 0.559896 0.669444 0.079167 0.590741
1 0.842187 0.6 0.123958 0.401852
1 0.48776 0.625926 0.088021 0.455556
7 0.448437 0.472685 0.027083 0.069444
7 0.428906 0.468519 0.028646 0.055556
1 0.210417 0.481944 0.021875 0.102778
1 0.273958 0.471296 0.016667 0.1
1 0.240625 0.472685 0.015625 0.097222
1 0.22474 0.481481 0.024479 0.094444
7 0.204167 0.462037 0.021875 0.096296
1 0.219271 0.466204 0.015625 0.076852
1 0.402344 0.501852 0.035937 0.185185
1 0.816406 0.561574 0.088021 0.358333
1 0.785417 0.526852 0.073958 0.27963
1 0.717187 0.458796 0.026042 0.099074
1 0.6125 0.463889 0.025 0.1
1 0.433333 0.45 0.011458 0.064815
1 0.421875 0.449074 0.013542 0.07037
1 0.329688 0.453241 0.010417 0.05463
1 0.345052 0.450926 0.011979 0.055556
7 0.349219 0.461111 0.013021 0.066667
7 0.364844 0.460185 0.009896 0.064815
7 0.375 0.468519 0.008333 0.053704
4 0.392969 0.51713 0.028646 0.078704
9 0.479167 0.4375 0.013542 0.119444
4 0.371875 0.514352 0.020833 0.065741
4 0.361458 0.527315 0.025 0.073148
1 0.267969 0.466667 0.011979 0.074074
1 0.308073 0.454167 0.010937 0.056481
1 0.297917 0.45463 0.016667 0.055556
1 0.295052 0.449537 0.009896 0.056481
1 0.316406 0.45 0.011979 0.051852
1 0.307292 0.45 0.011458 0.059259
1 0.283073 0.450463 0.010937 0.05463
7 0.51849 0.449074 0.010937 0.05
7 0.528125 0.447685 0.009375 0.056481
1 0.531771 0.45787 0.015625 0.075
1 0.315104 0.426389 0.010417 0.039815
