7 0.50026 0.498611 0.050521 0.100926
1 0.467187 0.572685 0.08125 0.347222
9 0.913021 0.266667 0.175 0.535185
8 0.614323 0.449537 0.017188 0.082407
8 0.690104 0.453704 0.017708 0.109259
9 0.480208 0.447685 0.015625 0.128704
1 0.557292 0.498611 0.019792 0.100926
1 0.575781 0.500463 0.019271 0.10463
2 0.376563 0.493981 0.022917 0.084259
2 0.366406 0.50463 0.025521 0.098148
2 0.39375 0.491667 0.022917 0.098148
1 0.601562 0.4625 0.019792 0.091667
1 0.526563 0.45787 0.01875 0.091667
1 0.581771 0.455093 0.019792 0.100926
1 0.51224 0.462037 0.018229 0.105556
1 0.388281 0.642593 0.089063 0.496296
1 0.534635 0.556944 0.053646 0.293519
1 0.396354 0.598148 0.066667 0.346296
7 0.448437 0.472685 0.027083 0.069444
7 0.428906 0.468519 0.028646 0.055556
1 0.247656 0.481481 0.019271 0.1
1 0.274219 0.470833 0.016146 0.099074
1 0.260677 0.472685 0.016146 0.09537
1 0.224219 0.481481 0.025521 0.098148
7 0.204167 0.461111 0.021875 0.096296
1 0.250781 0.4625 0.016146 0.076852
1 0.315104 0.495833 0.035417 0.152778
1 0.567187 0.535185 0.052083 0.259259
1 0.626302 0.461111 0.015104 0.088889
1 0.524219 0.465278 0.019271 0.110185
7 0.35026 0.462963 0.013021 0.066667
7 0.365625 0.458333 0.0125 0.062963
7 0.375781 0.468056 0.008854 0.052778
4 0.392969 0.518056 0.028646 0.076852
9 0.479167 0.4375 0.013542 0.119444
4 0.372917 0.513426 0.020833 0.063889
4 0.365625 0.525463 0.023958 0.073148
1 0.316406 0.455556 0.013021 0.059259
1 0.301563 0.457407 0.010417 0.059259
1 0.291406 0.451389 0.013021 0.063889
1 0.323177 0.454167 0.011979 0.052778
1 0.31224 0.451852 0.011979 0.059259
1 0.276823 0.453704 0.015104 0.059259
7 0.518229 0.449537 0.010417 0.049074
7 0.527083 0.447685 0.009375 0.056481
1 0.511719 0.456944 0.017188 0.091667
1 0.309896 0.411574 0.010417 0.039815
1 0.315625 0.411111 0.009375 0.038889
