7 0.50026 0.498611 0.050521 0.100926
1 0.926562 0.589815 0.135417 0.45
1 0.342969 0.535185 0.044271 0.253704
9 0.913021 0.266667 0.175 0.535185
8 0.614323 0.449537 0.017188 0.082407
8 0.690104 0.453704 0.017708 0.109259
9 0.480208 0.447685 0.015625 0.128704
1 0.995312 0.574074 0.1 0.377778
1 0.558594 0.498148 0.019271 0.101852
1 0.576042 0.500926 0.016667 0.105556
2 0.380729 0.49213 0.022917 0.084259
2 0.367188 0.504167 0.027083 0.097222
2 0.390104 0.461111 0.017708 0.068519
1 0.664323 0.460185 0.017188 0.092593
1 0.536458 0.462037 0.020833 0.107407
1 0.581771 0.457407 0.019792 0.1
1 0.494531 0.455556 0.022396 0.105556
1 0.279427 0.552315 0.058854 0.284259
1 0.363281 0.518981 0.035937 0.184259
1 0.776302 0.45787 0.033854 0.119444
1 0.283333 0.542593 0.045833 0.240741
7 0.448437 0.472685 0.027083 0.069444
7 0.428906 0.468519 0.028646 0.055556
1 0.29401 0.471296 0.018229 0.087037
1 0.265365 0.469444 0.014063 0.094444
7 0.20599 0.461111 0.021354 0.096296
1 0.228385 0.463889 0.020313 0.077778
1 0.313281 0.483333 0.021354 0.124074
1 0.5375 0.456019 0.016667 0.071296
1 0.344792 0.480093 0.019792 0.115741
7 0.370573 0.458796 0.014063 0.062037
7 0.375781 0.468056 0.009896 0.052778
4 0.389844 0.489815 0.016146 0.05
9 0.480729 0.4375 0.013542 0.119444
4 0.377344 0.510185 0.020313 0.061111
4 0.365625 0.525463 0.023958 0.073148
1 0.324479 0.462037 0.013542 0.068519
7 0.517969 0.449537 0.009896 0.049074
7 0.527083 0.447685 0.009375 0.056481
1 0.30625 0.413426 0.010417 0.039815
1 0.314583 0.411111 0.009375 0.038889
