7 0.50026 0.498611 0.050521 0.100926
1 0.560156 0.597222 0.081771 0.412963
9 0.913021 0.266667 0.175 0.535185
8 0.614323 0.449537 0.017188 0.082407
8 0.690104 0.453704 0.017708 0.109259
9 0.480208 0.447685 0.015625 0.128704
1 0.557552 0.498611 0.020313 0.097222
1 0.575781 0.5 0.020313 0.103704
2 0.37474 0.495833 0.022396 0.087963
2 0.366146 0.505093 0.025 0.099074
2 0.392188 0.496296 0.027083 0.103704
1 0.591667 0.4625 0.019792 0.091667
1 0.515885 0.452315 0.015104 0.075
1 0.581771 0.455093 0.019792 0.100926
1 0.517188 0.466204 0.01875 0.10463
1 0.54349 0.671296 0.083854 0.590741
1 0.767969 0.593056 0.104688 0.378704
1 0.465104 0.625926 0.072917 0.455556
7 0.448437 0.472685 0.027083 0.069444
7 0.428906 0.468519 0.028646 0.055556
1 0.214323 0.482407 0.020313 0.103704
1 0.274479 0.471296 0.016667 0.1
1 0.246354 0.472222 0.015625 0.096296
1 0.22474 0.481944 0.024479 0.093519
7 0.204167 0.462037 0.021875 0.096296
1 0.222396 0.465741 0.015625 0.075926
1 0.380208 0.503241 0.035417 0.180556
1 0.760156 0.558333 0.083854 0.337037
1 0.865625 0.535648 0.05625 0.313889
1 0.696615 0.460185 0.024479 0.096296
1 0.592187 0.462963 0.025 0.1
1 0.419792 0.451389 0.014583 0.065741
1 0.416146 0.449074 0.013542 0.07037
1 0.325 0.451389 0.010417 0.05463
1 0.338281 0.451852 0.013021 0.055556
7 0.348698 0.461111 0.013021 0.066667
7 0.364844 0.460185 0.009896 0.064815
7 0.375 0.468519 0.008333 0.053704
4 0.392969 0.51713 0.028646 0.078704
9 0.479167 0.4375 0.013542 0.119444
4 0.371875 0.513889 0.020833 0.064815
4 0.3625 0.526852 0.025 0.072222
1 0.267448 0.466667 0.011979 0.074074
1 0.310156 0.45463 0.010937 0.057407
1 0.297917 0.455556 0.011458 0.057407
1 0.29375 0.450463 0.010417 0.058333
1 0.316406 0.450463 0.011979 0.052778
1 0.306771 0.45 0.011458 0.059259
1 0.283073 0.45 0.010937 0.053704
7 0.51849 0.449537 0.010937 0.049074
7 0.527604 0.447685 0.009375 0.056481
1 0.528646 0.45787 0.015625 0.078704
1 0.314583 0.423611 0.010417 0.039815
1 0.319792 0.421296 0.009375 0.038889
