7 0.50026 0.498611 0.050521 0.100926
1 0.696094 0.639815 0.093229 0.496296
9 0.913021 0.266667 0.175 0.535185
8 0.614323 0.449537 0.017188 0.082407
8 0.690104 0.453704 0.017708 0.109259
9 0.480208 0.447685 0.015625 0.128704
1 0.590104 0.475 0.022917 0.144444
1 0.575521 0.498611 0.022917 0.10463
2 0.244531 0.523148 0.035937 0.111111
2 0.115885 0.540278 0.050521 0.115741
2 0.288281 0.513426 0.043229 0.15463
1 0.486719 0.444907 0.013021 0.058333
1 0.21849 0.784722 0.199479 0.891667
1 0.556771 0.456944 0.019792 0.100926
1 0.527344 0.458796 0.018229 0.091667
1 0.692969 0.685648 0.144271 0.623148
1 0.620573 0.647685 0.080729 0.513889
7 0.448437 0.472685 0.027083 0.069444
7 0.428906 0.468519 0.028646 0.055556
1 0.210677 0.481481 0.026562 0.105556
1 0.23151 0.473148 0.018229 0.101852
1 0.227344 0.473148 0.015104 0.1
1 0.226823 0.480556 0.022396 0.094444
7 0.204167 0.462037 0.021875 0.096296
1 0.226302 0.463426 0.017188 0.076852
1 0.454687 0.516667 0.04375 0.27963
1 0.453125 0.521296 0.057292 0.240741
1 0.385417 0.543519 0.059375 0.272222
1 0.317448 0.531481 0.065104 0.257407
1 0.775781 0.563889 0.083854 0.338889
1 0.417187 0.475463 0.027083 0.132407
1 0.633854 0.456481 0.017708 0.081481
1 0.545833 0.45787 0.015625 0.076852
1 0.535677 0.454167 0.014063 0.075
1 0.332292 0.461111 0.017708 0.077778
1 0.385937 0.455093 0.014583 0.073148
7 0.351302 0.461111 0.013021 0.066667
7 0.365885 0.460185 0.009896 0.064815
7 0.379167 0.469907 0.010417 0.052778
1 0.298698 0.454167 0.015104 0.069444
1 0.280469 0.458333 0.013021 0.064815
4 0.294271 0.565741 0.064583 0.114815
9 0.480208 0.4375 0.013542 0.119444
4 0.25 0.556481 0.05625 0.085185
4 0.11875 0.589352 0.105208 0.106481
1 0.250781 0.462037 0.014063 0.07037
1 0.282031 0.452778 0.008854 0.055556
1 0.310937 0.448611 0.009375 0.04537
1 0.311719 0.443056 0.008854 0.04537
1 0.311719 0.443981 0.009896 0.04537
7 0.51901 0.449074 0.011979 0.05
7 0.53125 0.447685 0.009375 0.056481
1 0.53776 0.453704 0.014063 0.072222
1 0.586719 0.462037 0.018229 0.092593
