7 0.50026 0.498611 0.050521 0.100926
1 0.7625 0.6375 0.115625 0.519444
9 0.913021 0.266667 0.175 0.535185
8 0.614323 0.449537 0.017188 0.082407
8 0.690104 0.453704 0.017708 0.109259
9 0.480208 0.447685 0.015625 0.128704
1 0.589063 0.473148 0.01875 0.144444
1 0.576042 0.486111 0.021875 0.133333
2 0.163802 0.537037 0.042188 0.118519
2 -0.013802 0.556019 0.050521 0.115741
2 0.176302 0.542593 0.057812 0.198148
1 0.494531 0.446759 0.014063 0.065741
1 0.546354 0.460185 0.019792 0.1
1 0.520052 0.459259 0.018229 0.090741
1 0.796094 0.700926 0.143229 0.685185
1 0.684375 0.661574 0.110417 0.541667
7 0.448437 0.472685 0.027083 0.069444
7 0.428906 0.468519 0.028646 0.055556
1 0.211979 0.481481 0.026042 0.105556
1 0.229687 0.472685 0.017708 0.100926
1 0.227604 0.473148 0.015625 0.1
1 0.227344 0.480093 0.022396 0.093519
7 0.204167 0.462037 0.021875 0.096296
1 0.227344 0.4625 0.017188 0.076852
1 0.463802 0.517593 0.041146 0.277778
1 0.521615 0.5125 0.051562 0.230556
1 0.457552 0.540278 0.069271 0.265741
1 0.370312 0.525463 0.060417 0.247222
1 0.886198 0.579167 0.074479 0.408333
1 0.390885 0.473611 0.022396 0.121296
1 0.623437 0.455556 0.017708 0.075926
1 0.571094 0.458333 0.016146 0.087037
1 0.561458 0.456481 0.017708 0.088889
1 0.338021 0.461111 0.016667 0.07963
1 0.385937 0.457407 0.014583 0.07963
7 0.353385 0.461111 0.013021 0.066667
7 0.366406 0.460648 0.009896 0.065741
7 0.37474 0.469444 0.013021 0.051852
1 0.304167 0.456944 0.016667 0.073148
1 0.286198 0.460185 0.014063 0.068519
4 0.188802 0.600463 0.092188 0.147222
9 0.480208 0.4375 0.013542 0.119444
4 0.159896 0.581019 0.090625 0.106481
4 -0.002865 0.621759 0.109896 0.106481
1 0.246615 0.461111 0.014063 0.07037
1 0.284375 0.455093 0.009375 0.056481
1 0.311458 0.449537 0.009375 0.04537
1 0.307812 0.443519 0.009375 0.044444
1 0.311719 0.443981 0.009896 0.04537
1 0.296615 0.432407 0.006771 0.02963
1 0.302865 0.42963 0.006771 0.02963
7 0.51901 0.449074 0.011979 0.05
7 0.531771 0.448611 0.009375 0.056481
1 0.538021 0.451389 0.014583 0.065741
1 0.576823 0.460185 0.018229 0.090741
