7 0.50026 0.498611 0.050521 0.100926
1 0.502604 0.586111 0.064583 0.377778
9 0.913021 0.266667 0.175 0.535185
8 0.614323 0.449537 0.017188 0.082407
8 0.690104 0.453704 0.017708 0.109259
9 0.480208 0.447685 0.015625 0.128704
1 0.557552 0.500463 0.020313 0.097222
1 0.575781 0.500463 0.019271 0.10463
2 0.375521 0.494907 0.022917 0.084259
2 0.366146 0.505093 0.025 0.099074
2 0.391667 0.493981 0.022917 0.100926
1 0.593229 0.4625 0.019792 0.091667
1 0.523438 0.456481 0.017708 0.088889
1 0.581771 0.455093 0.019792 0.100926
1 0.513802 0.462963 0.018229 0.105556
1 0.440625 0.645833 0.116667 0.543519
1 0.595833 0.565278 0.055208 0.308333
1 0.417708 0.597222 0.066667 0.361111
7 0.448437 0.472685 0.027083 0.069444
7 0.428906 0.468519 0.028646 0.055556
1 0.235937 0.481481 0.022917 0.1
1 0.276562 0.469907 0.017708 0.100926
1 0.258073 0.471759 0.016146 0.09537
1 0.226042 0.48287 0.022917 0.093519
7 0.204167 0.462037 0.021875 0.096296
1 0.252083 0.463426 0.015625 0.076852
1 0.328906 0.5 0.027604 0.161111
1 0.615365 0.538889 0.064062 0.27963
1 0.64401 0.462037 0.023438 0.092593
1 0.555729 0.469444 0.023958 0.114815
1 0.38724 0.451852 0.009896 0.062963
1 0.395313 0.45 0.010417 0.066667
7 0.349219 0.462037 0.013021 0.066667
7 0.364844 0.458796 0.009896 0.062037
7 0.375781 0.468056 0.008854 0.052778
4 0.392969 0.517593 0.028646 0.077778
9 0.479167 0.4375 0.013542 0.119444
4 0.371875 0.513426 0.020833 0.063889
4 0.365625 0.525463 0.023958 0.073148
1 0.267448 0.466667 0.010937 0.075926
1 0.314844 0.45463 0.011979 0.057407
1 0.301042 0.456481 0.010417 0.057407
1 0.291667 0.451389 0.0125 0.060185
1 0.321094 0.453241 0.011979 0.052778
1 0.309375 0.450926 0.011458 0.059259
1 0.277865 0.453241 0.015104 0.058333
7 0.518229 0.449537 0.010417 0.049074
7 0.527083 0.447685 0.009375 0.056481
1 0.51875 0.457407 0.016667 0.090741
1 0.310937 0.416204 0.010417 0.039815
1 0.316146 0.412963 0.009375 0.038889
