7 0.50026 0.498611 0.050521 0.100926
1 0.62474 0.613426 0.091146 0.465741
9 0.913021 0.266667 0.175 0.535185
8 0.614323 0.449537 0.017188 0.082407
8 0.690104 0.453704 0.017708 0.109259
9 0.480208 0.447685 0.015625 0.128704
1 0.557813 0.497222 0.020833 0.098148
1 0.575521 0.499537 0.021875 0.102778
2 0.373958 0.496759 0.022917 0.091667
2 0.363542 0.50463 0.026042 0.098148
2 0.392969 0.49537 0.029687 0.103704
1 0.502865 0.45 0.014063 0.07037
1 0.572396 0.456019 0.019792 0.100926
1 0.524219 0.464352 0.018229 0.100926
1 0.60625 0.656944 0.098958 0.563889
1 0.510417 0.634722 0.076042 0.489815
7 0.448437 0.472685 0.027083 0.069444
7 0.428906 0.468519 0.028646 0.055556
1 0.209115 0.480556 0.023438 0.101852
1 0.260937 0.471296 0.016667 0.103704
1 0.230729 0.472222 0.015625 0.1
1 0.22526 0.481019 0.023438 0.09537
7 0.204167 0.462037 0.021875 0.096296
1 0.221615 0.465278 0.016146 0.076852
1 0.196615 0.562037 0.091146 0.37963
1 0.067187 0.564352 0.072917 0.313889
1 0.494271 0.508796 0.039583 0.200926
1 0.589844 0.505093 0.044271 0.208333
1 0.79375 0.456481 0.022917 0.101852
1 0.654687 0.461111 0.023958 0.096296
1 0.480208 0.45 0.011458 0.064815
1 0.456771 0.448148 0.013542 0.07037
1 0.335938 0.455093 0.0125 0.062037
1 0.366146 0.45 0.011458 0.061111
7 0.34974 0.461111 0.013021 0.066667
7 0.365365 0.460185 0.009896 0.064815
7 0.375781 0.469444 0.008854 0.053704
4 0.392188 0.51713 0.028125 0.080556
9 0.479687 0.4375 0.013542 0.119444
4 0.371875 0.514815 0.020833 0.066667
4 0.357292 0.528704 0.026042 0.072222
1 0.269531 0.462963 0.014063 0.074074
1 0.280469 0.449537 0.008854 0.047222
1 0.307812 0.451852 0.010417 0.053704
1 0.297396 0.451852 0.009375 0.053704
1 0.297135 0.448611 0.009896 0.05463
1 0.316667 0.448148 0.011458 0.048148
1 0.308594 0.446759 0.010937 0.052778
1 0.288021 0.45 0.010417 0.053704
7 0.51875 0.449074 0.011458 0.05
7 0.529167 0.447685 0.009375 0.056481
1 0.534635 0.455093 0.015104 0.071296
1 0.593229 0.461574 0.019792 0.091667
