7 0.50026 0.498611 0.050521 0.100926
1 0.511458 0.587963 0.066667 0.385185
9 0.913021 0.266667 0.175 0.535185
8 0.614323 0.449537 0.017188 0.082407
8 0.690104 0.453704 0.017708 0.109259
9 0.480208 0.447685 0.015625 0.128704
1 0.557552 0.499537 0.020313 0.097222
1 0.575781 0.5 0.020313 0.103704
2 0.375 0.494907 0.022917 0.084259
2 0.366146 0.505093 0.025 0.099074
2 0.390885 0.494907 0.023438 0.102778
1 0.591667 0.4625 0.019792 0.091667
1 0.522135 0.456019 0.017188 0.086111
1 0.581771 0.455093 0.019792 0.100926
1 0.514323 0.463889 0.018229 0.105556
1 0.469792 0.648611 0.14375 0.541667
1 0.619792 0.571759 0.070833 0.323148
1 0.423958 0.603241 0.067708 0.399074
7 0.448437 0.472685 0.027083 0.069444
7 0.428906 0.468519 0.028646 0.055556
1 0.231771 0.481481 0.023958 0.101852
1 0.276302 0.469907 0.017188 0.100926
1 0.257031 0.471759 0.016146 0.09537
1 0.22526 0.482407 0.024479 0.092593
7 0.204167 0.462037 0.021875 0.096296
1 0.251042 0.463889 0.015625 0.075926
1 0.334635 0.499537 0.027604 0.167593
1 0.636198 0.540741 0.054688 0.290741
1 0.65 0.461574 0.023958 0.093519
1 0.56224 0.471296 0.021354 0.118519
1 0.391406 0.451389 0.009896 0.062037
1 0.39974 0.450463 0.009896 0.067593
1 0.31875 0.450926 0.009375 0.055556
7 0.348698 0.462037 0.013021 0.066667
7 0.364844 0.460185 0.009896 0.064815
7 0.375781 0.468056 0.008854 0.052778
4 0.392969 0.517593 0.028646 0.077778
9 0.479167 0.4375 0.013542 0.119444
4 0.371875 0.513426 0.020833 0.063889
4 0.365104 0.526389 0.023958 0.073148
1 0.267188 0.466667 0.011458 0.075926
1 0.313802 0.45463 0.010937 0.057407
1 0.300781 0.456481 0.009896 0.057407
1 0.292448 0.451389 0.011979 0.060185
1 0.320573 0.452315 0.011979 0.052778
1 0.307812 0.45 0.011458 0.059259
1 0.278125 0.453241 0.014583 0.058333
7 0.51849 0.449537 0.010937 0.049074
7 0.527083 0.447685 0.009375 0.056481
1 0.520312 0.457407 0.016667 0.088889
1 0.311458 0.41713 0.010417 0.039815
1 0.316667 0.413889 0.009375 0.038889
