7 0.50026 0.498611 0.050521 0.100926
1 0.757812 0.6375 0.109375 0.517593
9 0.913021 0.266667 0.175 0.535185
8 0.614323 0.449537 0.017188 0.082407
8 0.690104 0.453704 0.017708 0.109259
9 0.480208 0.447685 0.015625 0.128704
1 0.588802 0.473148 0.019271 0.144444
1 0.575521 0.487037 0.019792 0.131481
2 0.174219 0.534259 0.042188 0.118519
2 -0.000781 0.554167 0.050521 0.115741
2 0.188802 0.538889 0.055729 0.194444
1 0.49349 0.447222 0.014063 0.064815
1 0.547656 0.459259 0.020313 0.1
1 0.521094 0.459259 0.018229 0.090741
1 0.78724 0.705093 0.148438 0.684259
1 0.679427 0.662037 0.102604 0.540741
7 0.448437 0.472685 0.027083 0.069444
7 0.428906 0.468519 0.028646 0.055556
1 0.211719 0.481481 0.026562 0.105556
1 0.229687 0.473611 0.017708 0.100926
1 0.227604 0.473148 0.015625 0.1
1 0.227344 0.480556 0.022396 0.094444
7 0.204167 0.462037 0.021875 0.096296
1 0.227344 0.4625 0.017188 0.076852
1 0.46276 0.517593 0.041146 0.277778
1 0.510938 0.513426 0.05625 0.230556
1 0.454167 0.540278 0.06875 0.265741
1 0.36849 0.525 0.059896 0.248148
1 0.876302 0.575 0.076563 0.4
1 0.39375 0.473611 0.022917 0.121296
1 0.624479 0.455556 0.017708 0.075926
1 0.567708 0.458333 0.017708 0.087037
1 0.558594 0.456481 0.018229 0.087037
1 0.336719 0.460648 0.017188 0.078704
1 0.385937 0.456944 0.014583 0.078704
7 0.353385 0.461111 0.013021 0.066667
7 0.366406 0.460648 0.009896 0.065741
7 0.375 0.469444 0.013542 0.051852
1 0.304167 0.456944 0.016667 0.073148
1 0.285677 0.459722 0.014063 0.067593
4 0.201302 0.597222 0.086979 0.142593
9 0.480208 0.4375 0.013542 0.119444
4 0.170573 0.577778 0.085938 0.105556
4 0.011198 0.61713 0.108854 0.106481
1 0.247135 0.461111 0.014063 0.07037
1 0.283854 0.45463 0.009375 0.057407
1 0.311458 0.449537 0.009375 0.04537
1 0.307812 0.444444 0.009375 0.044444
1 0.311719 0.443981 0.009896 0.04537
1 0.296615 0.433333 0.006771 0.02963
1 0.303385 0.430556 0.006771 0.02963
7 0.51901 0.449074 0.011979 0.05
7 0.531771 0.448611 0.009375 0.056481
1 0.53724 0.451389 0.014063 0.065741
