7 0.50026 0.498611 0.050521 0.100926
1 0.640104 0.616204 0.090625 0.475
9 0.913021 0.266667 0.175 0.535185
8 0.614323 0.449537 0.017188 0.082407
8 0.690104 0.453704 0.017708 0.109259
9 0.480208 0.447685 0.015625 0.128704
1 0.580469 0.481481 0.022396 0.131481
1 0.575521 0.499537 0.022917 0.102778
2 0.323437 0.496759 0.025 0.084259
2 0.2375 0.525926 0.038542 0.111111
2 0.355208 0.498148 0.034375 0.127778
1 0.490104 0.449074 0.013542 0.064815
1 0.984115 0.779167 0.258854 0.928704
1 0.561458 0.456944 0.019792 0.100926
1 0.527344 0.458796 0.018229 0.09537
1 0.603906 0.678241 0.102604 0.613889
1 0.557031 0.633333 0.074479 0.485185
7 0.448437 0.472685 0.027083 0.069444
7 0.428906 0.468519 0.028646 0.055556
1 0.210156 0.481944 0.026562 0.10463
1 0.239844 0.472685 0.019271 0.102778
1 0.227083 0.473148 0.015625 0.1
1 0.226302 0.481019 0.022396 0.09537
7 0.204167 0.462037 0.021875 0.096296
1 0.22474 0.463426 0.017188 0.076852
1 0.409896 0.527315 0.059375 0.299074
1 0.35651 0.530556 0.070312 0.255556
1 0.305208 0.555093 0.05625 0.29537
1 0.22474 0.550926 0.059896 0.296296
1 0.657813 0.543519 0.060417 0.292593
1 0.448958 0.478704 0.028125 0.148148
1 0.645573 0.457407 0.018229 0.087037
1 0.523698 0.459259 0.017188 0.075926
1 0.513281 0.452315 0.013021 0.071296
1 0.33125 0.458796 0.014583 0.071296
1 0.382292 0.451852 0.0125 0.066667
7 0.351302 0.461111 0.013021 0.066667
7 0.365885 0.460185 0.009896 0.064815
7 0.380208 0.469444 0.009375 0.053704
1 0.289844 0.45463 0.013021 0.066667
1 0.277083 0.456019 0.0125 0.062037
4 0.359635 0.539815 0.038021 0.096296
9 0.480208 0.4375 0.013542 0.119444
4 0.320833 0.531481 0.05 0.072222
4 0.242708 0.563889 0.078125 0.088889
1 0.25651 0.461111 0.014063 0.074074
1 0.28099 0.45 0.009896 0.05
1 0.310156 0.447685 0.009896 0.04537
1 0.300781 0.449537 0.008854 0.050926
1 0.314583 0.444907 0.009375 0.047222
1 0.311719 0.443981 0.009896 0.047222
7 0.51901 0.449074 0.011979 0.05
7 0.530729 0.447685 0.009375 0.056481
1 0.535677 0.454167 0.014063 0.071296
1 0.586719 0.462037 0.018229 0.092593
