7 0.50026 0.498611 0.050521 0.100926
1 0.910677 0.653241 0.113021 0.558333
9 0.913021 0.266667 0.175 0.535185
8 0.614323 0.449537 0.017188 0.082407
8 0.690104 0.453704 0.017708 0.109259
9 0.480208 0.447685 0.015625 0.128704
1 0.590365 0.47037 0.019271 0.144444
1 0.576042 0.475 0.022917 0.118519
1 0.513802 0.453704 0.017188 0.083333
1 0.533594 0.463889 0.020313 0.1
1 0.501823 0.458333 0.018229 0.090741
1 1.003646 0.70787 0.108333 0.706481
1 0.854167 0.687963 0.101042 0.62037
7 0.448437 0.472685 0.027083 0.069444
7 0.428906 0.468519 0.028646 0.055556
1 0.211458 0.481019 0.025 0.10463
1 0.229427 0.472685 0.016146 0.099074
1 0.228125 0.473148 0.015625 0.1
1 0.227865 0.480093 0.022396 0.093519
7 0.204167 0.462037 0.021875 0.096296
1 0.229687 0.461574 0.017708 0.076852
1 0.51875 0.516667 0.059375 0.272222
1 0.603385 0.515278 0.039062 0.223148
1 0.583854 0.539815 0.046875 0.259259
1 0.472917 0.516667 0.042708 0.233333
1 0.35 0.47037 0.01875 0.107407
1 0.628125 0.45787 0.025 0.099074
1 0.613021 0.456019 0.01875 0.097222
1 0.35 0.464815 0.017708 0.088889
1 0.38125 0.459722 0.017708 0.089815
7 0.354427 0.461111 0.013021 0.066667
7 0.366406 0.460648 0.009896 0.065741
7 0.37474 0.469907 0.010937 0.052778
1 0.311198 0.459722 0.018229 0.075
1 0.291927 0.462037 0.014063 0.072222
9 0.480208 0.4375 0.013542 0.119444
1 0.241927 0.461574 0.013021 0.067593
1 0.267708 0.449074 0.011458 0.051852
1 0.286458 0.457407 0.010417 0.062963
1 0.309115 0.433333 0.009896 0.042593
1 0.311719 0.443981 0.009896 0.04537
1 0.297656 0.425926 0.006771 0.02963
1 0.302344 0.422222 0.006771 0.02963
7 0.519271 0.449074 0.0125 0.05
7 0.531771 0.448611 0.009375 0.056481
1 0.553646 0.459259 0.016667 0.07963
