7 0.50026 0.498611 0.050521 0.100926
1 0.907552 0.581944 0.120313 0.430556
1 0.338802 0.535185 0.045312 0.251852
9 0.913021 0.266667 0.175 0.535185
8 0.614323 0.449537 0.017188 0.082407
8 0.690104 0.453704 0.017708 0.109259
9 0.480208 0.447685 0.015625 0.128704
1 0.942448 0.571296 0.121354 0.372222
1 0.558854 0.498148 0.01875 0.101852
1 0.576042 0.500926 0.016667 0.105556
2 0.384115 0.49213 0.023438 0.078704
2 0.367188 0.504167 0.027083 0.097222
2 0.388802 0.461111 0.016146 0.068519
1 0.664323 0.460185 0.017188 0.092593
1 0.536979 0.462037 0.020833 0.107407
1 0.582031 0.457407 0.020313 0.1
1 0.494792 0.455556 0.021875 0.105556
1 0.277604 0.548611 0.059375 0.275
1 0.360417 0.518056 0.035417 0.182407
1 0.773438 0.45787 0.032292 0.119444
1 0.283333 0.541667 0.045833 0.235185
7 0.448437 0.472685 0.027083 0.069444
7 0.428906 0.468519 0.028646 0.055556
1 0.29401 0.471296 0.018229 0.087037
1 0.265365 0.469444 0.014063 0.094444
7 0.20599 0.461111 0.021354 0.096296
1 0.228385 0.463889 0.020313 0.077778
1 0.3125 0.483796 0.019792 0.125
1 0.533854 0.456019 0.016667 0.071296
1 0.34401 0.481944 0.020313 0.119444
7 0.370573 0.458796 0.014063 0.062037
7 0.375781 0.468056 0.009896 0.052778
4 0.389583 0.489815 0.015625 0.048148
9 0.480729 0.4375 0.013542 0.119444
4 0.378906 0.509259 0.020313 0.061111
4 0.365625 0.525463 0.023958 0.073148
7 0.517969 0.449537 0.009896 0.049074
7 0.527083 0.447685 0.009375 0.056481
1 0.30625 0.414352 0.010417 0.039815
1 0.314583 0.412037 0.009375 0.038889
