7 0.50026 0.498611 0.050521 0.100926
1 0.861719 0.653241 0.109896 0.54537
9 0.913021 0.266667 0.175 0.535185
8 0.614323 0.449537 0.017188 0.082407
8 0.690104 0.453704 0.017708 0.109259
9 0.480208 0.447685 0.015625 0.128704
1 0.589844 0.471296 0.019271 0.144444
1 0.579948 0.480093 0.025521 0.123148
1 0.508333 0.451852 0.016667 0.077778
1 0.535417 0.464815 0.019792 0.1
1 0.508073 0.459259 0.018229 0.090741
1 0.925521 0.691204 0.161458 0.706481
1 0.805208 0.688426 0.096875 0.600926
7 0.448437 0.472685 0.027083 0.069444
7 0.428906 0.468519 0.028646 0.055556
1 0.211719 0.481019 0.025521 0.10463
1 0.229687 0.472685 0.016667 0.099074
1 0.227865 0.473148 0.015104 0.1
1 0.227865 0.480093 0.022396 0.093519
7 0.204167 0.462037 0.021875 0.096296
1 0.228906 0.4625 0.017188 0.076852
1 0.497917 0.51713 0.04375 0.275
1 0.590885 0.514352 0.049479 0.223148
1 0.54974 0.541204 0.059896 0.256481
1 0.446875 0.52037 0.064583 0.238889
1 0.358854 0.471759 0.021875 0.108333
1 0.623177 0.453241 0.017188 0.080556
1 0.608854 0.463889 0.020833 0.088889
1 0.596615 0.457407 0.018229 0.094444
1 0.346354 0.463889 0.015625 0.087037
1 0.38151 0.459259 0.016146 0.083333
7 0.354427 0.461111 0.013021 0.066667
7 0.366406 0.460648 0.009896 0.065741
7 0.37474 0.469444 0.011979 0.051852
1 0.307031 0.459722 0.017188 0.075
1 0.290104 0.4625 0.013542 0.069444
9 0.480208 0.4375 0.013542 0.119444
4 -0.014583 0.617593 0.11875 0.114815
1 0.24349 0.461574 0.013021 0.067593
1 0.286198 0.456481 0.009896 0.061111
1 0.308333 0.435648 0.009375 0.043519
1 0.311719 0.443981 0.009896 0.04537
1 0.295052 0.425926 0.006771 0.02963
1 0.302344 0.424074 0.006771 0.02963
7 0.519271 0.449074 0.0125 0.05
7 0.531771 0.448611 0.009375 0.056481
1 0.558594 0.45787 0.017188 0.091667
