7 0.50026 0.498611 0.050521 0.100926
1 0.621615 0.611111 0.089063 0.477778
9 0.913021 0.266667 0.175 0.535185
8 0.614323 0.449537 0.017188 0.082407
8 0.690104 0.453704 0.017708 0.109259
9 0.480208 0.447685 0.015625 0.128704
1 0.563021 0.493519 0.020833 0.105556
1 0.575521 0.499537 0.021875 0.102778
2 0.373958 0.496759 0.022917 0.091667
2 0.358333 0.504167 0.027083 0.091667
2 0.392448 0.49537 0.029687 0.103704
1 0.499219 0.45 0.014063 0.07037
1 0.569792 0.456019 0.019792 0.100926
1 0.523698 0.463426 0.018229 0.099074
1 0.61276 0.656019 0.108854 0.562037
1 0.52474 0.629167 0.074479 0.475
7 0.448437 0.472685 0.027083 0.069444
7 0.428906 0.468519 0.028646 0.055556
1 0.208854 0.481481 0.025 0.103704
1 0.257031 0.471296 0.018229 0.101852
1 0.229687 0.472222 0.015625 0.1
1 0.225521 0.481019 0.022917 0.09537
7 0.204167 0.462037 0.021875 0.096296
1 0.222135 0.464352 0.016146 0.076852
1 0.263542 0.556481 0.097917 0.351852
1 0.152344 0.555556 0.065104 0.3
1 0.077604 0.590741 0.083333 0.368519
1 0.530469 0.521759 0.045312 0.219444
1 0.542448 0.498611 0.042188 0.191667
1 0.817708 0.455093 0.023958 0.100926
1 0.659115 0.460185 0.022396 0.094444
1 0.49349 0.450926 0.011979 0.064815
1 0.472917 0.449074 0.013542 0.07037
1 0.334115 0.456481 0.014063 0.064815
1 0.371094 0.450463 0.011979 0.060185
7 0.35026 0.461111 0.013021 0.066667
7 0.365365 0.460185 0.009896 0.064815
7 0.376823 0.469444 0.008854 0.053704
1 0.278646 0.453704 0.0125 0.059259
4 0.391667 0.518056 0.028125 0.080556
9 0.479687 0.4375 0.013542 0.119444
4 0.371875 0.514815 0.020833 0.066667
4 0.35599 0.528704 0.026562 0.072222
1 0.265885 0.4625 0.013021 0.076852
1 0.28125 0.450926 0.009375 0.048148
1 0.308854 0.450926 0.010417 0.051852
1 0.298438 0.451852 0.009375 0.053704
1 0.297396 0.446759 0.009375 0.052778
1 0.316146 0.447222 0.010417 0.048148
1 0.309375 0.446296 0.010417 0.051852
1 0.289323 0.449537 0.009896 0.052778
7 0.51875 0.449074 0.011458 0.05
7 0.529687 0.447685 0.009375 0.056481
1 0.534896 0.45463 0.014583 0.07037
1 0.588021 0.461574 0.01875 0.091667
