7 0.50026 0.498611 0.050521 0.100926
1 0.427083 0.567593 0.060417 0.325926
9 0.913021 0.266667 0.175 0.535185
8 0.614323 0.449537 0.017188 0.082407
8 0.690104 0.453704 0.017708 0.109259
9 0.480208 0.447685 0.015625 0.128704
1 0.557552 0.498148 0.020313 0.101852
1 0.576042 0.500463 0.01875 0.10463
2 0.377083 0.493981 0.022917 0.084259
2 0.366406 0.50463 0.025521 0.098148
2 0.396875 0.488426 0.022917 0.09537
1 0.620313 0.460648 0.019792 0.091667
1 0.529687 0.45787 0.01875 0.091667
1 0.579427 0.455093 0.020313 0.100926
1 0.51224 0.459722 0.018229 0.10463
1 0.33776 0.6125 0.117188 0.443519
1 0.484896 0.547685 0.063542 0.271296
1 0.365885 0.581481 0.058854 0.335185
7 0.448437 0.472685 0.027083 0.069444
7 0.428906 0.468519 0.028646 0.055556
1 0.253385 0.480556 0.016146 0.1
1 0.273177 0.471759 0.018229 0.097222
1 0.261979 0.471759 0.015625 0.09537
1 0.225781 0.481481 0.027604 0.094444
7 0.204167 0.461111 0.021875 0.096296
1 0.252344 0.4625 0.016146 0.076852
1 0.311719 0.490278 0.023438 0.132407
1 0.510156 0.522685 0.040104 0.243519
1 0.605208 0.463426 0.016667 0.082407
1 0.483073 0.469444 0.019271 0.122222
7 0.350781 0.462037 0.013021 0.066667
7 0.367188 0.458333 0.0125 0.062963
7 0.375781 0.468056 0.008854 0.052778
4 0.393229 0.518519 0.029167 0.075926
9 0.480208 0.4375 0.013542 0.119444
4 0.373437 0.512963 0.020833 0.062963
4 0.365625 0.525463 0.023958 0.073148
1 0.317969 0.456944 0.013021 0.062037
1 0.303385 0.458796 0.010937 0.062037
1 0.293229 0.454167 0.013542 0.067593
1 0.315365 0.453241 0.011979 0.062037
1 0.277083 0.454167 0.015625 0.062037
7 0.518229 0.449537 0.010417 0.049074
7 0.527083 0.447685 0.009375 0.056481
1 0.498177 0.453704 0.016146 0.088889
1 0.309896 0.411574 0.010417 0.039815
1 0.315625 0.411111 0.009375 0.038889
