7 0.50026 0.498611 0.050521 0.100926
1 0.647396 0.616204 0.090625 0.478704
9 0.913021 0.266667 0.175 0.535185
8 0.614323 0.449537 0.017188 0.082407
8 0.690104 0.453704 0.017708 0.109259
9 0.480208 0.447685 0.015625 0.128704
1 0.582292 0.480093 0.022917 0.134259
1 0.575521 0.499537 0.022917 0.102778
2 0.310417 0.499537 0.027083 0.086111
2 0.220573 0.530093 0.040104 0.113889
2 0.345833 0.501389 0.036458 0.132407
1 0.489583 0.448148 0.013542 0.062963
1 0.816667 0.764815 0.255208 0.946296
1 0.560417 0.456944 0.019792 0.100926
1 0.527344 0.458796 0.018229 0.093519
1 0.617188 0.683333 0.108333 0.624074
1 0.56276 0.634259 0.074479 0.487037
7 0.448437 0.472685 0.027083 0.069444
7 0.428906 0.468519 0.028646 0.055556
1 0.210156 0.481944 0.026562 0.10463
1 0.236979 0.473148 0.01875 0.101852
1 0.227083 0.473148 0.015625 0.1
1 0.226302 0.481019 0.022396 0.09537
7 0.204167 0.462037 0.021875 0.096296
1 0.225 0.463426 0.016667 0.076852
1 0.419792 0.526852 0.054167 0.290741
1 0.377604 0.529167 0.039583 0.25463
1 0.319531 0.553704 0.072396 0.294444
1 0.248438 0.548148 0.060417 0.292593
1 0.677604 0.540278 0.063542 0.299074
1 0.443229 0.47963 0.027083 0.146296
1 0.64349 0.457407 0.018229 0.085185
1 0.526823 0.457407 0.017188 0.075926
1 0.515885 0.452315 0.013021 0.071296
1 0.33125 0.459722 0.014583 0.071296
1 0.383073 0.452315 0.013021 0.067593
7 0.351302 0.461111 0.013021 0.066667
7 0.365885 0.460185 0.009896 0.064815
7 0.380469 0.469444 0.009896 0.053704
1 0.291406 0.455556 0.013021 0.066667
1 0.277604 0.456944 0.0125 0.062037
4 0.352344 0.543519 0.042188 0.098148
9 0.480208 0.4375 0.013542 0.119444
4 0.309896 0.534722 0.05 0.073148
4 0.223177 0.567593 0.082812 0.092593
1 0.255469 0.461111 0.014063 0.072222
1 0.28125 0.45 0.010417 0.05
1 0.310417 0.447685 0.009375 0.04537
1 0.30026 0.449537 0.008854 0.050926
1 0.314323 0.443981 0.008854 0.047222
1 0.311719 0.443519 0.009896 0.046296
7 0.51901 0.449074 0.011979 0.05
7 0.530729 0.447685 0.009375 0.056481
1 0.536458 0.454167 0.013542 0.071296
1 0.586719 0.462037 0.018229 0.092593
