7 0.50026 0.498611 0.050521 0.100926
1 0.922917 0.652778 0.114583 0.561111
9 0.913021 0.266667 0.175 0.535185
8 0.614323 0.449537 0.017188 0.082407
8 0.690104 0.453704 0.017708 0.109259
9 0.480208 0.447685 0.015625 0.128704
1 0.590365 0.47037 0.019271 0.144444
1 0.57526 0.474537 0.022396 0.117593
1 0.515365 0.454167 0.017188 0.084259
1 0.532552 0.463889 0.020313 0.1
1 0.498698 0.458333 0.018229 0.090741
1 0.865885 0.691204 0.117188 0.632407
7 0.448437 0.472685 0.027083 0.069444
7 0.428906 0.468519 0.028646 0.055556
1 0.211458 0.481019 0.025 0.10463
1 0.229427 0.472685 0.016146 0.097222
1 0.228125 0.473148 0.015625 0.1
1 0.227865 0.480093 0.022396 0.093519
7 0.204167 0.462037 0.021875 0.096296
1 0.229687 0.461574 0.017708 0.076852
1 0.528125 0.516204 0.044792 0.271296
1 0.607812 0.515741 0.039583 0.224074
1 0.592187 0.539815 0.055208 0.259259
1 0.481771 0.516204 0.040625 0.232407
1 0.348698 0.470833 0.019271 0.106481
1 0.630729 0.456944 0.021875 0.100926
1 0.616927 0.457407 0.019271 0.098148
1 0.351562 0.465278 0.019792 0.089815
1 0.381771 0.460648 0.01875 0.091667
7 0.354427 0.461111 0.013021 0.066667
7 0.366406 0.460648 0.009896 0.065741
7 0.37474 0.469907 0.010937 0.052778
1 0.31224 0.460648 0.018229 0.075
1 0.292448 0.462037 0.014063 0.072222
9 0.480729 0.4375 0.013542 0.119444
1 0.241927 0.461574 0.013021 0.067593
1 0.269531 0.449537 0.010937 0.050926
1 0.28776 0.457407 0.010937 0.062963
1 0.309115 0.43287 0.009896 0.041667
1 0.311719 0.443981 0.009896 0.04537
1 0.297917 0.425 0.00625 0.02963
1 0.302865 0.422222 0.006771 0.02963
7 0.519271 0.449074 0.0125 0.05
7 0.531771 0.448611 0.009375 0.056481
1 0.553646 0.459259 0.016667 0.07963
