7 0.50026 0.498611 0.050521 0.100926
1 0.621615 0.610185 0.083854 0.485185
9 0.913021 0.266667 0.175 0.535185
8 0.614323 0.449537 0.017188 0.082407
8 0.690104 0.453704 0.017708 0.109259
9 0.480208 0.447685 0.015625 0.128704
1 0.56901 0.489352 0.021354 0.113889
1 0.575781 0.499537 0.022396 0.102778
2 0.371875 0.496759 0.022917 0.091667
2 0.334635 0.506019 0.029687 0.093519
2 0.389062 0.493056 0.029167 0.108333
1 0.496615 0.449074 0.014063 0.068519
1 0.566667 0.456019 0.019792 0.100926
1 0.523438 0.462963 0.01875 0.098148
1 0.61849 0.655556 0.117188 0.561111
1 0.541667 0.629167 0.067708 0.476852
7 0.448437 0.472685 0.027083 0.069444
7 0.428906 0.468519 0.028646 0.055556
1 0.209896 0.481481 0.027083 0.103704
1 0.253646 0.470833 0.017708 0.100926
1 0.228125 0.472222 0.015625 0.1
1 0.225781 0.481019 0.022396 0.09537
7 0.204167 0.462037 0.021875 0.096296
1 0.223177 0.464352 0.016146 0.076852
1 0.32526 0.543519 0.071354 0.32963
1 0.233333 0.547222 0.086458 0.281481
1 0.17474 0.578704 0.052604 0.327778
1 0.064583 0.571759 0.090625 0.336111
1 0.566406 0.526389 0.044271 0.250926
1 0.503125 0.489815 0.032292 0.174074
1 0.660937 0.457407 0.019792 0.088889
1 0.504948 0.455093 0.011979 0.069444
1 0.486979 0.45 0.013542 0.07037
1 0.332813 0.455556 0.014583 0.066667
1 0.375781 0.451389 0.013021 0.062037
7 0.35026 0.461111 0.013021 0.066667
7 0.365365 0.460185 0.009896 0.064815
7 0.377865 0.469444 0.008854 0.053704
1 0.282552 0.454167 0.013021 0.060185
1 0.273958 0.456019 0.0125 0.062037
4 0.391406 0.520833 0.027604 0.084259
9 0.479687 0.4375 0.013542 0.119444
4 0.36901 0.516204 0.021354 0.067593
4 0.338021 0.540278 0.039583 0.071296
1 0.264062 0.462037 0.0125 0.075926
1 0.28125 0.450463 0.009375 0.049074
1 0.308854 0.449537 0.010417 0.049074
1 0.299479 0.451852 0.009375 0.053704
1 0.315365 0.446759 0.009896 0.049074
1 0.310156 0.44537 0.009896 0.05
1 0.291406 0.449537 0.009896 0.052778
7 0.51875 0.449074 0.011458 0.05
7 0.529687 0.447685 0.009375 0.056481
1 0.535677 0.454167 0.014063 0.069444
1 0.586719 0.462037 0.018229 0.092593
