7 0.50026 0.498611 0.050521 0.100926
1 0.403646 0.55787 0.064583 0.310185
9 0.913021 0.266667 0.175 0.535185
8 0.614323 0.449537 0.017188 0.082407
8 0.690104 0.453704 0.017708 0.109259
9 0.480208 0.447685 0.015625 0.128704
1 0.557552 0.498148 0.020313 0.101852
1 0.575781 0.500463 0.018229 0.10463
2 0.377604 0.493056 0.022917 0.084259
2 0.366667 0.50463 0.026042 0.098148
2 0.399219 0.486111 0.022396 0.092593
1 0.635417 0.458796 0.019792 0.091667
1 0.53125 0.45787 0.01875 0.091667
1 0.578385 0.455556 0.020313 0.1
1 0.508854 0.456944 0.01875 0.10463
1 0.327083 0.612963 0.076042 0.416667
1 0.454948 0.545833 0.044271 0.25463
1 0.342969 0.572222 0.064062 0.316667
7 0.448437 0.472685 0.027083 0.069444
7 0.428906 0.468519 0.028646 0.055556
1 0.257031 0.481481 0.020313 0.101852
1 0.269531 0.469907 0.018229 0.097222
1 0.223958 0.480556 0.032292 0.094444
7 0.204687 0.461111 0.021875 0.096296
1 0.253125 0.461574 0.015625 0.076852
1 0.316146 0.487037 0.022917 0.131481
1 0.476823 0.515741 0.042188 0.224074
1 0.594792 0.462037 0.01875 0.083333
1 0.447135 0.468519 0.028646 0.118519
7 0.350781 0.462037 0.013021 0.066667
7 0.36849 0.458796 0.013021 0.062037
7 0.375781 0.468056 0.008854 0.052778
4 0.397135 0.513426 0.026562 0.073148
9 0.480208 0.4375 0.013542 0.119444
4 0.374479 0.512037 0.020833 0.062963
4 0.365625 0.525463 0.023958 0.073148
1 0.31901 0.457407 0.013021 0.062963
1 0.307552 0.459722 0.010937 0.062037
1 0.296354 0.45463 0.0125 0.068519
1 0.317448 0.454167 0.011979 0.063889
1 0.279167 0.454167 0.015625 0.063889
7 0.518229 0.449537 0.010417 0.049074
7 0.527083 0.447685 0.009375 0.056481
1 0.488802 0.451389 0.015104 0.086111
1 0.309896 0.410648 0.010417 0.039815
1 0.315104 0.411111 0.009375 0.038889
