7 0.50026 0.498611 0.050521 0.100926
1 0.366146 0.548148 0.052083 0.283333
9 0.913021 0.266667 0.175 0.535185
8 0.614323 0.449537 0.017188 0.082407
8 0.690104 0.453704 0.017708 0.109259
9 0.480208 0.447685 0.015625 0.128704
1 0.558073 0.498148 0.019271 0.101852
1 0.576042 0.500926 0.017708 0.105556
2 0.379167 0.493056 0.022917 0.084259
2 0.366927 0.504167 0.026562 0.097222
2 0.405208 0.481019 0.021875 0.086111
1 0.663021 0.459722 0.019792 0.091667
1 0.533333 0.458796 0.019792 0.097222
1 0.579948 0.456481 0.020313 0.1
1 0.496354 0.456481 0.021875 0.105556
1 0.31849 0.575926 0.064062 0.333333
1 0.414583 0.531019 0.042708 0.221296
1 0.299479 0.556019 0.048958 0.278704
7 0.448437 0.472685 0.027083 0.069444
7 0.428906 0.468519 0.028646 0.055556
1 0.273177 0.476852 0.018229 0.087037
1 0.266927 0.47037 0.016146 0.096296
1 0.245312 0.480093 0.021875 0.09537
7 0.205208 0.461111 0.021875 0.096296
1 0.234635 0.462963 0.018229 0.077778
1 0.317708 0.484259 0.021875 0.125926
1 0.4125 0.509259 0.04375 0.190741
1 0.566927 0.456019 0.016146 0.071296
1 0.383073 0.476389 0.019271 0.112037
7 0.369271 0.458796 0.013542 0.062037
7 0.375781 0.468056 0.009896 0.052778
4 0.40625 0.501852 0.021875 0.066667
9 0.480208 0.4375 0.013542 0.119444
4 0.375781 0.511574 0.020313 0.062037
4 0.365625 0.525463 0.023958 0.073148
1 0.321354 0.459722 0.013542 0.065741
1 0.29974 0.453241 0.011979 0.065741
1 0.322135 0.456019 0.011979 0.067593
7 0.517969 0.449537 0.009896 0.049074
7 0.527083 0.447685 0.009375 0.056481
1 0.308333 0.410648 0.010417 0.039815
1 0.314583 0.411111 0.009375 0.038889
