7 0.50026 0.498611 0.050521 0.100926
9 0.913021 0.266667 0.175 0.535185
8 0.614323 0.449537 0.017188 0.082407
8 0.690104 0.453704 0.017708 0.109259
9 0.480208 0.447685 0.015625 0.128704
1 0.592187 0.465741 0.020833 0.137037
1 0.566406 0.47037 0.021354 0.114815
1 0.52526 0.456944 0.019271 0.093519
1 0.526823 0.465278 0.020313 0.100926
1 0.478646 0.4625 0.017708 0.091667
1 0.947917 0.706944 0.153125 0.665741
7 0.448437 0.472685 0.027083 0.069444
7 0.428906 0.468519 0.028646 0.055556
1 0.211198 0.481019 0.024479 0.10463
1 0.230208 0.472222 0.015625 0.096296
1 0.228385 0.473148 0.015104 0.1
1 0.227604 0.480556 0.021875 0.092593
7 0.204167 0.462037 0.021875 0.096296
1 0.23099 0.461574 0.018229 0.076852
1 0.575781 0.514352 0.051562 0.263889
1 0.621615 0.513889 0.043229 0.227778
1 0.640885 0.534259 0.065104 0.253704
1 0.529948 0.512963 0.054688 0.224074
1 0.339844 0.468981 0.017188 0.099074
1 0.665365 0.458796 0.023438 0.100926
1 0.355469 0.46713 0.019271 0.09537
1 0.386198 0.462963 0.021354 0.094444
7 0.354427 0.461111 0.013021 0.066667
7 0.366406 0.460648 0.009896 0.065741
7 0.37474 0.469907 0.008854 0.052778
1 0.314063 0.461574 0.017708 0.076852
1 0.296354 0.464352 0.013542 0.075
9 0.480729 0.4375 0.013542 0.119444
1 0.236719 0.462963 0.010937 0.066667
1 0.286458 0.449074 0.010417 0.051852
1 0.289844 0.460185 0.013021 0.068519
1 0.310156 0.429167 0.009896 0.041667
1 0.310417 0.437037 0.009375 0.040741
1 0.297396 0.422222 0.00625 0.027778
1 0.303385 0.418519 0.006771 0.02963
7 0.519271 0.449074 0.0125 0.05
7 0.531771 0.448611 0.009375 0.056481
1 0.551823 0.456019 0.016146 0.086111
