7 0.50026 0.498611 0.050521 0.100926
1 0.904427 0.653241 0.113021 0.556481
9 0.913021 0.266667 0.175 0.535185
8 0.614323 0.449537 0.017188 0.082407
8 0.690104 0.453704 0.017708 0.109259
9 0.480208 0.447685 0.015625 0.128704
1 0.590104 0.47037 0.01875 0.144444
1 0.576823 0.475926 0.023438 0.118519
1 0.513281 0.453241 0.017188 0.082407
1 0.534115 0.463889 0.020313 0.1
1 0.503646 0.459259 0.017708 0.090741
1 0.998958 0.706481 0.108333 0.705556
1 0.84375 0.686574 0.109375 0.615741
7 0.448437 0.472685 0.027083 0.069444
7 0.428906 0.468519 0.028646 0.055556
1 0.211458 0.481019 0.025 0.10463
1 0.229427 0.472685 0.016146 0.099074
1 0.228125 0.473148 0.015625 0.1
1 0.227865 0.480093 0.022396 0.093519
7 0.204167 0.462037 0.021875 0.096296
1 0.229687 0.461574 0.017708 0.076852
1 0.515885 0.517593 0.065104 0.272222
1 0.601823 0.515741 0.040104 0.224074
1 0.57526 0.540278 0.050521 0.260185
1 0.466667 0.516667 0.048958 0.233333
1 0.350781 0.47037 0.019271 0.107407
1 0.627083 0.458333 0.027083 0.098148
1 0.610938 0.456019 0.01875 0.097222
1 0.349219 0.464815 0.017188 0.088889
1 0.38099 0.459722 0.017188 0.089815
7 0.354427 0.461111 0.013021 0.066667
7 0.366406 0.460648 0.009896 0.065741
7 0.37474 0.469907 0.010937 0.052778
1 0.310677 0.459722 0.018229 0.075
1 0.291927 0.462037 0.014063 0.072222
9 0.480208 0.4375 0.013542 0.119444
1 0.241927 0.461574 0.013021 0.067593
1 0.266927 0.448611 0.011979 0.052778
1 0.285938 0.457407 0.010417 0.062963
1 0.308854 0.433333 0.009375 0.042593
1 0.311719 0.443981 0.009896 0.04537
1 0.297135 0.425926 0.006771 0.02963
1 0.302344 0.423148 0.006771 0.02963
7 0.519271 0.449074 0.0125 0.05
7 0.531771 0.448611 0.009375 0.056481
1 0.553646 0.459259 0.016667 0.07963
