7 0.50026 0.498611 0.050521 0.100926
1 0.375521 0.551389 0.051042 0.287963
9 0.913021 0.266667 0.175 0.535185
8 0.614323 0.449537 0.017188 0.082407
8 0.690104 0.453704 0.017708 0.109259
9 0.480208 0.447685 0.015625 0.128704
1 0.557813 0.498148 0.019792 0.101852
1 0.576042 0.500926 0.017708 0.105556
2 0.378646 0.493056 0.022917 0.084259
2 0.366667 0.50463 0.026042 0.098148
2 0.403646 0.481944 0.021875 0.087963
1 0.657292 0.458796 0.019792 0.091667
1 0.533594 0.45787 0.019271 0.093519
1 0.579427 0.455556 0.020313 0.1
1 0.497917 0.456481 0.021875 0.105556
1 0.323958 0.579167 0.06875 0.343519
1 0.421354 0.533796 0.041667 0.226852
1 0.310417 0.559259 0.053125 0.285185
7 0.448437 0.472685 0.027083 0.069444
7 0.428906 0.468519 0.028646 0.055556
1 0.269531 0.480556 0.017188 0.092593
1 0.267448 0.47037 0.016146 0.096296
1 0.240625 0.480093 0.020833 0.09537
7 0.204948 0.461111 0.021354 0.096296
1 0.238281 0.4625 0.019271 0.076852
1 0.31875 0.484259 0.022917 0.125926
1 0.426563 0.510185 0.041667 0.203704
1 0.574219 0.456019 0.016146 0.073148
1 0.397656 0.474537 0.019271 0.110185
7 0.351823 0.461111 0.013021 0.066667
7 0.36901 0.458796 0.013021 0.062037
7 0.375781 0.468056 0.009896 0.052778
4 0.403646 0.50463 0.022917 0.068519
9 0.480208 0.4375 0.013542 0.119444
4 0.37526 0.511574 0.020313 0.062037
4 0.365625 0.525463 0.023958 0.073148
1 0.320833 0.459259 0.013542 0.064815
1 0.298698 0.453704 0.011979 0.066667
1 0.321094 0.455556 0.011979 0.066667
1 0.284375 0.45463 0.014583 0.064815
7 0.517969 0.449537 0.009896 0.049074
7 0.527083 0.447685 0.009375 0.056481
1 0.308854 0.410648 0.010417 0.039815
1 0.315104 0.411111 0.009375 0.038889
