7 0.50026 0.498611 0.050521 0.100926
1 0.378906 0.555093 0.050521 0.299074
9 0.913021 0.266667 0.175 0.535185
8 0.614323 0.449537 0.017188 0.082407
8 0.690104 0.453704 0.017708 0.109259
9 0.480208 0.447685 0.015625 0.128704
1 0.557813 0.498148 0.019792 0.101852
1 0.575781 0.500463 0.018229 0.10463
2 0.378646 0.493056 0.022917 0.084259
2 0.366667 0.50463 0.026042 0.098148
2 0.402604 0.48287 0.021875 0.087963
1 0.653646 0.458796 0.019792 0.091667
1 0.533333 0.45787 0.01875 0.091667
1 0.579427 0.455556 0.020313 0.1
1 0.5 0.457407 0.021875 0.105556
1 0.328125 0.586574 0.06875 0.35463
1 0.43151 0.534259 0.050521 0.227778
1 0.321354 0.562037 0.058333 0.296296
7 0.448437 0.472685 0.027083 0.069444
7 0.428906 0.468519 0.028646 0.055556
1 0.267969 0.480556 0.017188 0.096296
1 0.267708 0.47037 0.016667 0.096296
1 0.2375 0.481019 0.023958 0.09537
7 0.204948 0.461111 0.021354 0.096296
1 0.240104 0.4625 0.01875 0.076852
1 0.319271 0.484722 0.022917 0.126852
1 0.440104 0.512963 0.041667 0.203704
1 0.580469 0.456019 0.016146 0.075
1 0.410156 0.475 0.019271 0.112963
7 0.351302 0.461111 0.013021 0.066667
7 0.36875 0.458796 0.013542 0.062037
7 0.375781 0.468056 0.009896 0.052778
4 0.402083 0.506481 0.023958 0.07037
9 0.480208 0.4375 0.013542 0.119444
4 0.375 0.511574 0.020833 0.062037
4 0.365625 0.525463 0.023958 0.073148
1 0.320312 0.459259 0.013542 0.064815
1 0.298438 0.45463 0.0125 0.068519
1 0.320052 0.455093 0.011979 0.065741
1 0.283854 0.454167 0.014583 0.063889
7 0.518229 0.449537 0.010417 0.049074
7 0.527083 0.447685 0.009375 0.056481
1 0.309375 0.410648 0.010417 0.039815
1 0.315104 0.411111 0.009375 0.038889
