7 0.50026 0.498611 0.050521 0.100926
1 0.657292 0.614815 0.089583 0.481481
9 0.913021 0.266667 0.175 0.535185
8 0.614323 0.449537 0.017188 0.082407
8 0.690104 0.453704 0.017708 0.109259
9 0.480208 0.447685 0.015625 0.128704
1 0.584375 0.478704 0.022917 0.137037
1 0.575521 0.499537 0.022917 0.102778
2 0.292708 0.505556 0.029167 0.088889
2 0.19974 0.534259 0.042188 0.116667
2 0.334635 0.50463 0.038021 0.137037
1 0.488802 0.447222 0.013021 0.061111
1 0.615625 0.7875 0.207292 0.910185
1 0.559375 0.456944 0.019792 0.100926
1 0.527344 0.458796 0.018229 0.093519
1 0.6375 0.681944 0.116667 0.621296
1 0.571615 0.634259 0.075521 0.487037
7 0.448437 0.472685 0.027083 0.069444
7 0.428906 0.468519 0.028646 0.055556
1 0.210156 0.481481 0.026562 0.105556
1 0.233854 0.473148 0.017708 0.101852
1 0.227083 0.473148 0.015625 0.1
1 0.226302 0.480556 0.022396 0.094444
7 0.204167 0.462037 0.021875 0.096296
1 0.22526 0.463426 0.017188 0.076852
1 0.43099 0.52037 0.044271 0.281481
1 0.404948 0.531481 0.067187 0.248148
1 0.329427 0.551852 0.067187 0.290741
1 0.261458 0.545833 0.064583 0.287963
1 0.711198 0.545833 0.093229 0.300926
1 0.436719 0.480093 0.026562 0.143519
1 0.641146 0.456944 0.017708 0.084259
1 0.531771 0.456944 0.016667 0.075
1 0.519531 0.452315 0.013021 0.071296
1 0.33151 0.460648 0.015104 0.073148
1 0.383854 0.453241 0.013542 0.069444
7 0.351302 0.461111 0.013021 0.066667
7 0.365885 0.460185 0.009896 0.064815
7 0.38099 0.469444 0.009896 0.053704
1 0.293229 0.455093 0.013542 0.067593
1 0.278125 0.456944 0.0125 0.062037
4 0.341927 0.548611 0.049479 0.100926
9 0.480208 0.4375 0.013542 0.119444
4 0.295573 0.537963 0.047396 0.07963
4 0.199219 0.572685 0.088021 0.097222
1 0.253906 0.461574 0.013021 0.071296
1 0.28125 0.450926 0.010417 0.051852
1 0.310937 0.447685 0.009375 0.04537
1 0.29974 0.449537 0.008854 0.050926
1 0.314323 0.443519 0.008854 0.046296
1 0.311719 0.443981 0.009896 0.04537
7 0.51901 0.449074 0.011979 0.05
7 0.530729 0.447685 0.009375 0.056481
1 0.5375 0.454167 0.0125 0.071296
1 0.586719 0.462037 0.018229 0.092593
