7 0.50026 0.498611 0.050521 0.100926
1 0.672396 0.62037 0.091667 0.488889
9 0.913021 0.266667 0.175 0.535185
8 0.614323 0.449537 0.017188 0.082407
8 0.690104 0.453704 0.017708 0.109259
9 0.480208 0.447685 0.015625 0.128704
1 0.5875 0.476389 0.022917 0.141667
1 0.575521 0.499537 0.022917 0.102778
2 0.267448 0.514815 0.032813 0.1
2 0.15625 0.537037 0.046875 0.116667
2 0.315104 0.509259 0.041667 0.146296
1 0.48776 0.444907 0.013021 0.058333
1 0.39375 0.79213 0.2 0.90463
1 0.557813 0.456944 0.019792 0.100926
1 0.527344 0.458796 0.018229 0.091667
1 0.668229 0.681481 0.134375 0.618519
1 0.591667 0.636574 0.090625 0.487963
7 0.448437 0.472685 0.027083 0.069444
7 0.428906 0.468519 0.028646 0.055556
1 0.210156 0.481481 0.026562 0.105556
1 0.232031 0.473148 0.018229 0.101852
1 0.227083 0.473148 0.015625 0.1
1 0.226302 0.480556 0.022396 0.094444
7 0.204167 0.462037 0.021875 0.096296
1 0.225781 0.463426 0.017188 0.076852
1 0.445573 0.517593 0.048438 0.27963
1 0.425781 0.524074 0.052604 0.246296
1 0.361979 0.546296 0.053125 0.275926
1 0.297396 0.537037 0.060417 0.268519
1 0.736458 0.547685 0.058333 0.317593
1 0.426823 0.476389 0.027604 0.136111
1 0.63724 0.456944 0.018229 0.082407
1 0.538802 0.456944 0.016146 0.075
1 0.528385 0.453704 0.014063 0.074074
1 0.332031 0.461574 0.016146 0.075
1 0.385156 0.454167 0.014063 0.071296
7 0.351302 0.461111 0.013021 0.066667
7 0.365885 0.460185 0.009896 0.064815
7 0.380729 0.469907 0.010417 0.052778
1 0.296094 0.45463 0.014063 0.068519
1 0.279427 0.45787 0.013021 0.063889
4 0.320573 0.557407 0.058854 0.107407
9 0.480208 0.4375 0.013542 0.119444
4 0.27474 0.547222 0.048438 0.083333
4 0.158594 0.581944 0.096354 0.100926
1 0.252865 0.462037 0.014063 0.07037
1 0.281771 0.451852 0.009375 0.053704
1 0.310937 0.447685 0.009375 0.04537
1 0.313281 0.443056 0.008854 0.04537
1 0.311719 0.443981 0.009896 0.04537
7 0.51901 0.449074 0.011979 0.05
7 0.53125 0.447685 0.009375 0.056481
1 0.538542 0.453704 0.013542 0.072222
1 0.586719 0.462037 0.018229 0.092593
