7 0.50026 0.498611 0.050521 0.100926
1 0.977083 0.650463 0.101042 0.563889
9 0.913021 0.266667 0.175 0.535185
8 0.614323 0.449537 0.017188 0.082407
8 0.690104 0.453704 0.017708 0.109259
9 0.480208 0.447685 0.015625 0.128704
1 0.590625 0.469444 0.01875 0.144444
1 0.569531 0.471296 0.021354 0.114815
1 0.522135 0.456481 0.018229 0.090741
1 0.528385 0.465278 0.020313 0.100926
1 0.483854 0.461111 0.017708 0.090741
1 0.927344 0.700926 0.126562 0.653704
7 0.448437 0.472685 0.027083 0.069444
7 0.428906 0.468519 0.028646 0.055556
1 0.211198 0.481019 0.024479 0.10463
1 0.229687 0.472685 0.015625 0.097222
1 0.228385 0.473148 0.015104 0.1
1 0.228125 0.480556 0.022917 0.092593
7 0.204167 0.462037 0.021875 0.096296
1 0.230469 0.461574 0.018229 0.076852
1 0.560937 0.514352 0.067708 0.265741
1 0.619531 0.513426 0.045312 0.226852
1 0.628385 0.536574 0.058854 0.25463
1 0.516927 0.5125 0.040104 0.225
1 0.341667 0.469444 0.017708 0.1
1 0.650781 0.460185 0.022396 0.103704
1 0.353906 0.465741 0.020313 0.092593
1 0.384635 0.462037 0.020313 0.094444
7 0.354427 0.461111 0.013021 0.066667
7 0.366406 0.460648 0.009896 0.065741
7 0.37474 0.469907 0.009896 0.052778
1 0.313021 0.461574 0.017708 0.076852
1 0.294271 0.4625 0.014583 0.075
9 0.480729 0.4375 0.013542 0.119444
1 0.238281 0.461111 0.010937 0.066667
1 0.28125 0.448611 0.010417 0.052778
1 0.289583 0.460185 0.0125 0.068519
1 0.309896 0.430093 0.009375 0.041667
1 0.310937 0.440278 0.009375 0.041667
1 0.297917 0.424074 0.00625 0.027778
1 0.303385 0.42037 0.006771 0.02963
7 0.519271 0.449074 0.0125 0.05
7 0.531771 0.448611 0.009375 0.056481
1 0.553125 0.459259 0.015625 0.083333
