7 0.50026 0.498611 0.050521 0.100926
1 0.38776 0.55463 0.054688 0.303704
9 0.913021 0.266667 0.175 0.535185
8 0.614323 0.449537 0.017188 0.082407
8 0.690104 0.453704 0.017708 0.109259
9 0.480208 0.447685 0.015625 0.128704
1 0.557813 0.498148 0.019792 0.101852
1 0.575781 0.500463 0.018229 0.10463
2 0.378125 0.493056 0.022917 0.084259
2 0.366667 0.50463 0.026042 0.098148
2 0.400781 0.484722 0.022396 0.091667
1 0.642708 0.458796 0.019792 0.091667
1 0.532292 0.45787 0.01875 0.091667
1 0.578906 0.455556 0.020313 0.1
1 0.507031 0.456019 0.019271 0.10463
1 0.336198 0.597222 0.075521 0.387037
1 0.444792 0.536574 0.044792 0.247222
1 0.329427 0.571759 0.057812 0.315741
7 0.448437 0.472685 0.027083 0.069444
7 0.428906 0.468519 0.028646 0.055556
1 0.26224 0.481944 0.020313 0.097222
1 0.268229 0.47037 0.017708 0.096296
1 0.227865 0.479167 0.030729 0.09537
7 0.204687 0.461111 0.021875 0.096296
1 0.246875 0.460185 0.016667 0.075926
1 0.320573 0.484722 0.023438 0.126852
1 0.465625 0.514815 0.045833 0.216667
1 0.588542 0.460185 0.017708 0.081481
1 0.433333 0.469907 0.021875 0.119444
7 0.351302 0.461111 0.013021 0.066667
7 0.36849 0.458796 0.013021 0.062037
7 0.375781 0.468056 0.008854 0.052778
4 0.399219 0.510185 0.025521 0.072222
9 0.480208 0.4375 0.013542 0.119444
4 0.374479 0.512037 0.020833 0.062963
4 0.365625 0.525463 0.023958 0.073148
1 0.319531 0.45787 0.013021 0.063889
1 0.297396 0.45463 0.0125 0.068519
1 0.31849 0.45463 0.011979 0.064815
1 0.282292 0.454167 0.015625 0.063889
7 0.518229 0.449537 0.010417 0.049074
7 0.527083 0.447685 0.009375 0.056481
1 0.309896 0.410648 0.010417 0.039815
1 0.315104 0.411111 0.009375 0.038889
