7 0.50026 0.498611 0.050521 0.100926
1 0.786719 0.636111 0.092188 0.525926
9 0.913021 0.266667 0.175 0.535185
8 0.614323 0.449537 0.017188 0.082407
8 0.690104 0.453704 0.017708 0.109259
9 0.480208 0.447685 0.015625 0.128704
1 0.589323 0.472222 0.019271 0.144444
1 0.582031 0.484722 0.028646 0.130556
2 0.10599 0.544444 0.043229 0.124074
2 0.115104 0.559259 0.064583 0.222222
1 0.499219 0.448611 0.015104 0.069444
1 0.539583 0.461111 0.019792 0.1
1 0.515885 0.459259 0.018229 0.090741
1 0.854687 0.693056 0.1375 0.697222
1 0.72526 0.672222 0.091146 0.566667
7 0.448437 0.472685 0.027083 0.069444
7 0.428906 0.468519 0.028646 0.055556
1 0.211979 0.481019 0.026042 0.10463
1 0.229948 0.472222 0.017188 0.1
1 0.227604 0.473148 0.015625 0.1
1 0.227344 0.480093 0.022396 0.093519
7 0.204167 0.462037 0.021875 0.096296
1 0.227865 0.4625 0.017188 0.076852
1 0.474479 0.516667 0.044792 0.277778
1 0.545052 0.516204 0.045312 0.225
1 0.496354 0.54213 0.071875 0.263889
1 0.39375 0.524074 0.041667 0.25
1 0.949219 0.605556 0.102604 0.466667
1 0.377604 0.473611 0.021875 0.119444
1 0.622396 0.45463 0.017708 0.077778
1 0.586719 0.460648 0.017188 0.086111
1 0.572917 0.457407 0.017708 0.090741
1 0.340625 0.463889 0.016667 0.083333
1 0.384635 0.457407 0.014063 0.081481
7 0.354427 0.461111 0.013021 0.066667
7 0.366406 0.460648 0.009896 0.065741
7 0.37474 0.469444 0.013021 0.051852
1 0.305208 0.458796 0.016667 0.073148
1 0.2875 0.460648 0.014583 0.069444
4 0.120052 0.623611 0.116146 0.165741
9 0.480208 0.4375 0.013542 0.119444
4 0.104948 0.593519 0.108854 0.111111
1 0.244792 0.460185 0.0125 0.068519
1 0.284635 0.457407 0.009896 0.061111
1 0.309375 0.449537 0.009375 0.04537
1 0.307812 0.440278 0.009375 0.043519
1 0.311719 0.443981 0.009896 0.04537
1 0.296615 0.430556 0.006771 0.02963
1 0.302865 0.427778 0.006771 0.02963
7 0.51901 0.449074 0.011979 0.05
7 0.531771 0.448611 0.009375 0.056481
1 0.566146 0.461111 0.017708 0.088889
