7 0.50026 0.498611 0.050521 0.100926
1 0.675 0.622685 0.091667 0.489815
9 0.913021 0.266667 0.175 0.535185
8 0.614323 0.449537 0.017188 0.082407
8 0.690104 0.453704 0.017708 0.109259
9 0.480208 0.447685 0.015625 0.128704
1 0.58776 0.476389 0.023438 0.141667
1 0.575521 0.499537 0.022917 0.102778
2 0.265104 0.515741 0.033333 0.101852
2 0.152344 0.537037 0.047396 0.116667
2 0.3125 0.509722 0.041667 0.147222
1 0.48776 0.444907 0.013021 0.058333
1 0.377083 0.799074 0.2 0.903704
1 0.557813 0.456944 0.019792 0.100926
1 0.527344 0.458796 0.018229 0.091667
1 0.670312 0.681944 0.1375 0.619444
1 0.59349 0.637037 0.092188 0.488889
7 0.448437 0.472685 0.027083 0.069444
7 0.428906 0.468519 0.028646 0.055556
1 0.210156 0.481481 0.026562 0.105556
1 0.232031 0.473148 0.018229 0.101852
1 0.227083 0.473148 0.015625 0.1
1 0.226302 0.480556 0.022396 0.094444
7 0.204167 0.462037 0.021875 0.096296
1 0.225781 0.463426 0.017188 0.076852
1 0.447396 0.517593 0.048958 0.27963
1 0.429167 0.524074 0.051042 0.246296
1 0.364844 0.545833 0.055729 0.275
1 0.29974 0.536574 0.060937 0.267593
1 0.740104 0.548611 0.054167 0.319444
1 0.426042 0.476389 0.028125 0.136111
1 0.636979 0.456944 0.017708 0.082407
1 0.539583 0.456944 0.015625 0.075
1 0.528906 0.453241 0.014063 0.075
1 0.332031 0.461574 0.016146 0.075
1 0.385156 0.454167 0.014063 0.071296
7 0.351302 0.461111 0.013021 0.066667
7 0.365885 0.460185 0.009896 0.064815
7 0.380469 0.469907 0.009896 0.052778
1 0.296615 0.45463 0.014063 0.068519
1 0.279427 0.45787 0.013021 0.063889
4 0.317969 0.55787 0.059896 0.108333
9 0.480208 0.4375 0.013542 0.119444
4 0.272917 0.547685 0.048958 0.084259
4 0.154688 0.582407 0.097917 0.101852
1 0.252344 0.462037 0.014063 0.07037
1 0.281771 0.451852 0.009375 0.053704
1 0.310937 0.447685 0.009375 0.04537
1 0.313281 0.443056 0.008854 0.04537
1 0.311719 0.443981 0.009896 0.04537
7 0.51901 0.449074 0.011979 0.05
7 0.53125 0.447685 0.009375 0.056481
1 0.538542 0.453704 0.013542 0.072222
1 0.586719 0.462037 0.018229 0.092593
