7 0.50026 0.498611 0.050521 0.100926
1 0.344792 0.543519 0.05 0.268519
9 0.913021 0.266667 0.175 0.535185
8 0.614323 0.449537 0.017188 0.082407
8 0.690104 0.453704 0.017708 0.109259
9 0.480208 0.447685 0.015625 0.128704
1 0.558333 0.498148 0.019792 0.101852
1 0.575781 0.500926 0.017188 0.105556
2 0.380208 0.49213 0.022917 0.084259
2 0.366927 0.504167 0.026562 0.097222
2 0.40599 0.478704 0.021354 0.083333
1 0.665365 0.460185 0.017188 0.092593
1 0.533333 0.461111 0.020833 0.103704
1 0.580729 0.456481 0.019792 0.1
1 0.49349 0.455556 0.022396 0.105556
1 0.303385 0.560648 0.061979 0.300926
1 0.386719 0.523148 0.041146 0.2
1 0.82474 0.455093 0.025521 0.115741
1 0.289062 0.548611 0.046875 0.262037
7 0.448437 0.472685 0.027083 0.069444
7 0.428906 0.468519 0.028646 0.055556
1 0.283594 0.473611 0.018229 0.086111
1 0.265885 0.469907 0.015104 0.09537
1 0.254427 0.478241 0.016146 0.093519
7 0.205469 0.461111 0.021354 0.096296
1 0.228646 0.463889 0.019792 0.077778
1 0.315625 0.483796 0.020833 0.125
1 0.378646 0.506019 0.0375 0.180556
1 0.552604 0.456019 0.016667 0.071296
1 0.357292 0.480556 0.019792 0.116667
7 0.369792 0.458796 0.013542 0.062037
7 0.375781 0.468056 0.009896 0.052778
4 0.408073 0.495833 0.019271 0.063889
9 0.480729 0.4375 0.013542 0.119444
4 0.376563 0.510648 0.020833 0.062037
4 0.365625 0.525463 0.023958 0.073148
1 0.322917 0.460648 0.013542 0.067593
1 0.302344 0.454167 0.011979 0.067593
1 0.32526 0.456944 0.011979 0.069444
7 0.517969 0.449537 0.009896 0.049074
7 0.527083 0.447685 0.009375 0.056481
1 0.307292 0.411574 0.010417 0.039815
1 0.314583 0.411111 0.009375 0.038889
