1 0.846354 0.65463 0.052083 0.214815
1 0.358333 0.648611 0.041667 0.228704
1 0.916146 0.51713 0.039583 0.19537
1 0.481771 0.983796 0.044792 0.226852
1 0.351042 0.816667 0.036458 0.231481
11 0.361979 0.891204 0.075 0.113889
10 0.360417 0.697222 0.021875 0.603704
11 0.815625 0.150463 0.052083 0.067593
11 0.816927 0.058796 0.013021 0.119444
10 0.811979 0.218981 0.014583 0.075
11 0.81276 0.283333 0.049479 0.074074
10 0.808073 0.40787 0.015104 0.182407
10 0.82474 0.491667 0.048438 0.114815
10 0.696354 0.111111 0.039583 0.085185
11 0.695312 0.034259 0.025 0.07037
11 0.828385 0.402778 0.027604 0.101852
11 0.980208 0.574074 0.041667 0.072222
10 0.951302 0.896759 0.009896 0.093519
10 0.973698 0.95463 0.009896 0.098148
10 0.960677 0.630556 0.008854 0.048148
11 0.975781 0.789815 0.018229 0.238889
11 0.961979 0.769444 0.021875 0.248148
11 0.347656 0.29537 0.047396 0.083333
11 0.347135 0.152315 0.052604 0.065741
11 0.346094 0.0625 0.015104 0.123148
11 0.347396 0.218519 0.013542 0.077778
11 0.348438 0.374074 0.015625 0.075926
10 0.33724 0.518056 0.030729 0.225
10 0.33125 0.0625 0.020833 0.126852
10 0.746094 0.715741 0.020313 0.092593
10 0.775781 0.847222 0.022396 0.094444
10 0.377083 0.589352 0.01875 0.086111
11 0.077865 0.101389 0.059896 0.202778
11 0.111458 0.089352 0.016667 0.117593
11 0.122656 0.068981 0.011979 0.060185
10 0.98125 0.269907 0.013542 0.063889
10 0.833854 0.742593 0.017708 0.046296
10 0.872917 0.873148 0.01875 0.051852
10 0.705208 0.283333 0.014583 0.033333
10 0.657552 0.117593 0.014063 0.02963
10 0.381771 0.753704 0.015625 0.044444
10 0.373958 0.485648 0.015625 0.039815
10 0.371875 0.415741 0.015625 0.038889
7 0.377865 0.242593 0.040104 0.103704
7 0.367969 0.325463 0.029687 0.112037
4 0.849479 0.635185 0.091667 0.107407
3 0.691667 0.414352 0.140625 0.236111
4 0.971875 0.135648 0.079167 0.097222
5 0.838021 0.581944 0.13125 0.167593
4 0.69974 0.208333 0.067187 0.096296
4 0.708854 0.186111 0.084375 0.088889
4 0.692187 0.184722 0.083333 0.091667
4 0.657031 0.0375 0.079687 0.087963
4 0.335938 0.193981 0.086458 0.089815
4 0.33125 0.118519 0.089583 0.081481
4 0.313542 0.09213 0.088542 0.082407
4 0.335156 0.063426 0.072396 0.099074
4 0.949479 0.878704 0.102083 0.124074
1 0.434115 0.209259 0.040104 0.159259
10 0.718229 0.60787 0.021875 0.082407
1 0.336979 0.125463 0.020833 0.128704
1 0.194792 0.236111 0.025 0.155556
1 0.173958 0.239352 0.036458 0.176852
1 0.405729 0.141667 0.028125 0.146296
1 0.398958 0.116667 0.028125 0.155556
1 0.301302 0.01713 0.027604 0.121296
7 0.327344 0.029167 0.031771 0.071296
1 0.273177 -0.02037 0.022396 0.114815
7 0.651563 0.081481 0.03125 0.109259
1 0.30625 0.188426 0.030208 0.158333
1 0.17474 0.049074 0.023438 0.138889
1 0.2 0.177778 0.025 0.159259
1 0.163021 0.193056 0.026042 0.15463
1 0.19349 0.161111 0.024479 0.161111
1 0.13776 0.199537 0.026562 0.15463
1 0.127865 0.180556 0.024479 0.168519
1 0.146354 0.165741 0.025 0.161111
1 0.175 0.15 0.026042 0.15
1 0.11875 0.17037 0.020833 0.159259
1 0.467187 -0.025463 0.026042 0.147222
1 0.164583 0.688426 0.04375 0.225
1 0.5375 0.55787 0.047917 0.217593
1 0.491927 0.573148 0.035937 0.214815
1 0.746615 1.009259 0.046354 0.166667
1 0.95651 0.747685 0.053646 0.221296
1 0.994792 0.7 0.042708 0.237037
1 0.798958 0.080556 0.032292 0.148148
1 0.75 0.0875 0.025 0.143519
1 0.890885 0.112037 0.026562 0.148148
1 0.833594 0.082407 0.024479 0.133333
1 0.783333 0.137963 0.030208 0.140741
1 0.578906 0.049537 0.028646 0.143519
1 0.433333 -0.040278 0.019792 0.117593
1 0.39349 0.003241 0.022396 0.125
1 0.264062 0.05 0.023958 0.122222
1 0.238281 0.36713 0.027604 0.186111
1 0.197656 0.37037 0.041146 0.168519
1 0.204687 0.136111 0.026042 0.159259
1 0.228385 -0.002315 0.025521 0.126852
1 0.2125 -0.021296 0.020833 0.111111
1 0.145833 0.047685 0.027083 0.128704
1 0.263281 0.228241 0.029687 0.169444
1 0.230469 0.223148 0.029687 0.161111
1 0.258854 0.207407 0.027083 0.155556
11 0.05026 0.340278 0.059896 0.108333
1 0.410938 -0.003241 0.022917 0.128704
