1 0.782813 0.658333 0.046875 0.22963
1 0.25625 0.217593 0.0375 0.188889
1 0.147135 0.652778 0.050521 0.235185
1 0.915625 0.519907 0.040625 0.193519
1 0.508854 0.971759 0.042708 0.247222
1 0.35026 0.820833 0.038021 0.230556
11 0.361979 0.891204 0.075 0.113889
10 0.360417 0.697222 0.021875 0.603704
11 0.815625 0.150463 0.052083 0.067593
11 0.816927 0.058796 0.013021 0.119444
10 0.811979 0.218981 0.014583 0.075
11 0.81276 0.283333 0.049479 0.074074
10 0.808073 0.40787 0.015104 0.182407
10 0.82474 0.464352 0.048438 0.169444
10 0.696354 0.111111 0.039583 0.085185
11 0.695312 0.035185 0.025 0.068519
11 0.828385 0.402778 0.027604 0.101852
11 0.980208 0.574074 0.041667 0.072222
10 0.951302 0.896759 0.009896 0.093519
10 0.973698 0.95463 0.009896 0.098148
10 0.960938 0.630556 0.008333 0.048148
11 0.975781 0.789815 0.018229 0.238889
11 0.961979 0.769444 0.021875 0.248148
11 0.347656 0.29537 0.047396 0.083333
11 0.347135 0.152315 0.052604 0.065741
11 0.346094 0.0625 0.015104 0.123148
11 0.347396 0.218519 0.013542 0.077778
11 0.348438 0.374074 0.015625 0.075926
10 0.33724 0.518056 0.029687 0.226852
10 0.33125 0.0625 0.020833 0.126852
10 0.746094 0.715741 0.020313 0.092593
10 0.775781 0.847222 0.022396 0.094444
10 0.377083 0.589352 0.01875 0.086111
11 0.077865 0.101389 0.059896 0.202778
11 0.111458 0.089352 0.016667 0.117593
11 0.122656 0.068981 0.011979 0.060185
10 0.98125 0.269907 0.013542 0.063889
10 0.833854 0.742593 0.017708 0.046296
10 0.872917 0.873148 0.01875 0.051852
10 0.705208 0.283333 0.014583 0.033333
10 0.657552 0.117593 0.014063 0.02963
10 0.381771 0.753704 0.015625 0.044444
10 0.373958 0.485648 0.015625 0.039815
10 0.371875 0.415741 0.015625 0.038889
7 0.377865 0.242593 0.040104 0.103704
7 0.367969 0.325463 0.029687 0.112037
4 0.849479 0.635185 0.091667 0.107407
3 0.691667 0.414352 0.140625 0.236111
4 0.971875 0.135648 0.079167 0.097222
5 0.838021 0.581944 0.13125 0.167593
4 0.69974 0.208333 0.067187 0.096296
4 0.708854 0.186111 0.084375 0.088889
4 0.692187 0.184722 0.083333 0.091667
4 0.657031 0.0375 0.079687 0.087963
4 0.335938 0.193981 0.086458 0.089815
4 0.33125 0.118519 0.089583 0.081481
4 0.313542 0.09213 0.088542 0.082407
4 0.335156 0.063426 0.072396 0.099074
4 0.949479 0.878704 0.102083 0.124074
1 0.429427 0.218519 0.030729 0.161111
1 0.776302 0.087963 0.027604 0.133333
1 0.578906 0.15787 0.026562 0.147222
10 0.718229 0.60787 0.021875 0.082407
1 0.543229 0.168981 0.03125 0.167593
1 0.280469 0.178241 0.024479 0.158333
1 0.504167 0.146296 0.032292 0.162963
1 0.069531 0.410648 0.025521 0.173148
1 0.052083 0.392593 0.041667 0.187037
1 0.448437 0.462963 0.047917 0.2
1 0.481771 0.465278 0.039583 0.178704
1 0.44401 0.173148 0.032813 0.142593
1 0.400521 0.172685 0.023958 0.156481
1 0.380469 0.072685 0.026562 0.149074
1 0.297135 0.022685 0.021354 0.123148
7 0.327344 0.029167 0.031771 0.071296
1 0.139063 0.465741 0.030208 0.181481
7 0.651563 0.082407 0.03125 0.109259
1 0.298177 0.498148 0.033854 0.196296
1 0.257292 0.493519 0.032292 0.209259
1 0.276042 -0.038889 0.026042 0.12037
1 0.250781 -0.036574 0.023438 0.125
1 0.29401 0.136574 0.023438 0.15463
1 0.178646 0.122685 0.027083 0.149074
1 0.197917 0.18287 0.026042 0.162037
1 0.430469 0.412037 0.032813 0.17037
1 0.1625 0.2 0.027083 0.157407
1 0.189583 0.165278 0.022917 0.162037
1 0.128906 0.19537 0.027604 0.148148
1 0.140104 0.176852 0.023958 0.17037
1 0.159375 0.165278 0.028125 0.141667
1 0.152083 0.142593 0.028125 0.153704
1 0.117188 0.174074 0.020833 0.159259
1 0.460938 -0.00787 0.01875 0.134259
1 0.224219 0.096759 0.028646 0.150926
1 0.221615 0.506019 0.041146 0.210185
1 0.979948 0.612037 0.033854 0.201852
1 0.886458 0.106019 0.029167 0.141667
1 0.813281 0.001389 0.025521 0.126852
1 0.179427 0.892593 0.050521 0.255556
1 0.191406 0.817593 0.043229 0.242593
1 0.226562 -0.023148 0.021875 0.124074
1 0.202604 -0.024074 0.022917 0.124074
1 0.71875 -0.033796 0.028125 0.130556
7 0.645833 0.076852 0.032292 0.087037
11 0.05026 0.340278 0.059896 0.108333
1 0.650781 0.076852 0.035937 0.085185
