1 0.844792 0.65463 0.048958 0.214815
1 0.259375 -0.007407 0.03125 0.174074
1 0.261198 0.609259 0.045312 0.222222
1 0.915885 0.518981 0.050521 0.193519
1 0.492188 0.978704 0.038542 0.238889
1 0.351042 0.816667 0.036458 0.231481
11 0.361979 0.891204 0.075 0.113889
10 0.360417 0.697222 0.021875 0.603704
11 0.815625 0.150463 0.052083 0.067593
11 0.816927 0.058796 0.013021 0.119444
10 0.811979 0.218981 0.014583 0.075
11 0.81276 0.283333 0.049479 0.074074
10 0.808073 0.40787 0.015104 0.182407
10 0.82474 0.481481 0.048438 0.135185
10 0.696354 0.111111 0.039583 0.085185
11 0.695312 0.034722 0.025 0.069444
11 0.828385 0.402778 0.027604 0.101852
11 0.980208 0.574074 0.041667 0.072222
10 0.951302 0.896759 0.009896 0.093519
10 0.973698 0.95463 0.009896 0.098148
10 0.960677 0.630556 0.008854 0.048148
11 0.975781 0.789815 0.018229 0.238889
11 0.961979 0.769444 0.021875 0.248148
11 0.347656 0.29537 0.047396 0.083333
11 0.347135 0.152315 0.052604 0.065741
11 0.346094 0.0625 0.015104 0.123148
11 0.347396 0.218519 0.013542 0.077778
11 0.348438 0.374074 0.015625 0.075926
10 0.33724 0.518056 0.030729 0.225
10 0.33125 0.0625 0.020833 0.126852
10 0.746094 0.715741 0.020313 0.092593
10 0.775781 0.847222 0.022396 0.094444
10 0.377083 0.589352 0.01875 0.086111
11 0.077865 0.101389 0.059896 0.202778
11 0.111458 0.089352 0.016667 0.117593
11 0.122656 0.068981 0.011979 0.060185
10 0.98125 0.269907 0.013542 0.063889
10 0.833854 0.742593 0.017708 0.046296
10 0.872917 0.873148 0.01875 0.051852
10 0.705208 0.283333 0.014583 0.033333
10 0.657552 0.117593 0.014063 0.02963
10 0.381771 0.753704 0.015625 0.044444
10 0.373958 0.485648 0.015625 0.039815
10 0.371875 0.415741 0.015625 0.038889
7 0.377865 0.242593 0.040104 0.103704
7 0.367969 0.325463 0.029687 0.112037
4 0.849479 0.635185 0.091667 0.107407
3 0.691667 0.414352 0.140625 0.236111
4 0.971875 0.135648 0.079167 0.097222
5 0.838021 0.581944 0.13125 0.167593
4 0.69974 0.208333 0.067187 0.096296
4 0.708854 0.186111 0.084375 0.088889
4 0.692187 0.184722 0.083333 0.091667
4 0.657031 0.0375 0.079687 0.087963
4 0.335938 0.193519 0.086458 0.088889
4 0.33125 0.118519 0.089583 0.081481
4 0.313542 0.09213 0.088542 0.082407
4 0.335156 0.063426 0.072396 0.099074
4 0.949479 0.878704 0.102083 0.124074
1 0.433594 0.213889 0.032813 0.157407
1 0.506771 -0.028241 0.025 0.128704
10 0.718229 0.60787 0.021875 0.082407
1 0.480729 -0.032407 0.027083 0.12963
1 0.336198 0.125926 0.020313 0.12963
1 0.154688 0.303241 0.030208 0.169444
1 0.126823 0.298148 0.027604 0.187037
1 0.609635 0.998611 0.052604 0.20463
1 0.636198 1.00463 0.041146 0.190741
1 0.403385 0.148148 0.021354 0.140741
1 0.403385 0.122222 0.026562 0.157407
1 0.297917 0.02037 0.022917 0.122222
7 0.327344 0.029167 0.031771 0.071296
1 0.266406 0.129167 0.023438 0.143519
7 0.651563 0.082407 0.03125 0.109259
1 0.192188 1.0375 0.052083 0.125
1 0.30026 0.185648 0.031771 0.160185
1 0.161719 0.066204 0.026562 0.139815
1 0.20026 0.183333 0.025521 0.159259
1 0.163021 0.193056 0.025 0.156481
1 0.196875 0.163889 0.026042 0.159259
1 0.132031 0.198611 0.024479 0.147222
1 0.122656 0.181019 0.026562 0.167593
1 0.151302 0.166204 0.028646 0.162037
1 0.157031 0.143519 0.027604 0.151852
1 0.118229 0.174074 0.020833 0.159259
1 0.471615 -0.000463 0.025521 0.149074
1 0.192188 0.394444 0.034375 0.190741
1 0.258854 0.079167 0.03125 0.15463
1 0.786198 0.975 0.045312 0.225926
1 0.742188 0.989815 0.042708 0.212963
1 0.859115 0.253241 0.032813 0.167593
1 0.8 0.244444 0.028125 0.162963
1 0.786458 0.071296 0.030208 0.131481
1 0.823177 0.000926 0.027604 0.140741
1 0.784375 -0.009722 0.026042 0.143519
1 0.25599 0.175926 0.023438 0.161111
1 0.234635 0.181019 0.027604 0.141667
1 0.182031 0.034722 0.024479 0.130556
1 0.228906 0.068981 0.029687 0.143519
1 0.197917 0.059722 0.026042 0.141667
1 0.234115 0.047222 0.023438 0.133333
11 0.05026 0.340278 0.059896 0.108333
1 0.846354 -0.011111 0.015625 0.075926
1 0.632812 0.047222 0.033333 0.135185
