1 0.852344 0.685648 0.052604 0.225
1 0.259115 0.150463 0.034896 0.176852
1 0.384375 0.625463 0.046875 0.219444
1 0.915365 0.519907 0.041146 0.193519
1 0.53125 0.975926 0.046875 0.248148
1 0.351042 0.816667 0.036458 0.231481
11 0.361979 0.891204 0.075 0.113889
10 0.360417 0.697222 0.021875 0.603704
11 0.815625 0.150463 0.052083 0.067593
11 0.816927 0.058796 0.013021 0.119444
10 0.811979 0.218981 0.014583 0.075
11 0.81276 0.283333 0.049479 0.074074
10 0.808073 0.40787 0.015104 0.182407
10 0.82474 0.469907 0.048438 0.158333
10 0.696354 0.111111 0.039583 0.085185
11 0.695312 0.034722 0.025 0.069444
11 0.828385 0.402778 0.027604 0.101852
11 0.980208 0.574074 0.041667 0.072222
10 0.951302 0.896759 0.009896 0.093519
10 0.973698 0.95463 0.009896 0.098148
10 0.960938 0.630556 0.008333 0.048148
11 0.975781 0.789815 0.018229 0.238889
11 0.961979 0.769444 0.021875 0.248148
11 0.347656 0.29537 0.047396 0.083333
11 0.347135 0.152315 0.052604 0.065741
11 0.346094 0.0625 0.015104 0.123148
11 0.347396 0.218519 0.013542 0.077778
11 0.348438 0.374074 0.015625 0.075926
10 0.336979 0.518056 0.030208 0.226852
10 0.33125 0.0625 0.020833 0.126852
10 0.746094 0.715741 0.020313 0.092593
10 0.775781 0.847222 0.022396 0.094444
10 0.377083 0.589352 0.01875 0.086111
11 0.077865 0.101389 0.059896 0.202778
11 0.111458 0.089352 0.016667 0.117593
11 0.122656 0.068981 0.011979 0.060185
10 0.98125 0.269907 0.013542 0.063889
10 0.833854 0.742593 0.017708 0.046296
10 0.872917 0.873148 0.01875 0.051852
10 0.705208 0.283333 0.014583 0.033333
10 0.657552 0.117593 0.014063 0.02963
10 0.381771 0.753704 0.015625 0.044444
10 0.373958 0.485648 0.015625 0.039815
10 0.371875 0.415741 0.015625 0.038889
7 0.377865 0.242593 0.040104 0.103704
7 0.367969 0.325463 0.029687 0.112037
4 0.849479 0.635185 0.091667 0.107407
3 0.691667 0.414352 0.140625 0.236111
4 0.971875 0.135648 0.079167 0.097222
5 0.838021 0.581944 0.13125 0.167593
4 0.69974 0.208333 0.067187 0.096296
4 0.708854 0.186111 0.084375 0.088889
4 0.692187 0.184722 0.083333 0.091667
4 0.657031 0.0375 0.079687 0.087963
4 0.335938 0.193519 0.086458 0.088889
4 0.33125 0.118519 0.089583 0.081481
4 0.313542 0.09213 0.088542 0.082407
4 0.335156 0.063426 0.072396 0.099074
4 0.949479 0.878704 0.102083 0.124074
1 0.429167 0.218519 0.029167 0.159259
1 0.771615 0.002315 0.026562 0.121296
1 0.53724 0.106481 0.027604 0.148148
10 0.718229 0.60787 0.021875 0.082407
1 0.508333 0.094444 0.03125 0.157407
1 0.264062 0.136574 0.026042 0.149074
1 0.491146 0.034259 0.030208 0.140741
1 0.070052 0.410648 0.026562 0.173148
1 0.057812 0.391667 0.030208 0.185185
1 0.471875 0.6 0.054167 0.216667
1 0.504687 0.601852 0.041667 0.198148
1 0.40625 0.161111 0.03125 0.114815
1 0.386198 0.1625 0.032813 0.15463
1 0.386719 0.055093 0.025521 0.136111
1 0.297135 0.022685 0.021354 0.123148
7 0.327344 0.029167 0.031771 0.071296
1 0.120313 0.334722 0.028125 0.163889
7 0.651563 0.082407 0.03125 0.109259
1 0.234115 0.671759 0.038021 0.219444
1 0.178385 0.651852 0.042188 0.22963
1 0.301302 0.138889 0.029687 0.151852
1 0.182552 0.127315 0.030729 0.150926
1 0.200521 0.181481 0.027083 0.162963
1 0.641406 0.543981 0.028646 0.187963
1 0.1625 0.19537 0.027083 0.157407
1 0.191927 0.162037 0.026562 0.159259
1 0.13125 0.203704 0.034375 0.142593
1 0.135417 0.187963 0.036458 0.153704
1 0.153906 0.156481 0.028646 0.161111
1 0.147656 0.141667 0.025521 0.151852
1 0.117708 0.174074 0.020833 0.159259
1 0.446354 0.041667 0.028125 0.15
1 0.234896 0.162963 0.026042 0.161111
1 0.259375 0.337963 0.0375 0.187037
1 0.924479 0.473611 0.034375 0.191667
1 0.810417 0.005556 0.029167 0.137037
1 0.938021 0.188889 0.03125 0.153704
1 0.946354 0.139815 0.035417 0.153704
1 0.992448 0.143056 0.040104 0.160185
1 0.875781 0.127778 0.033854 0.153704
1 0.321094 1.039815 0.045312 0.12037
1 0.232552 0.036111 0.021354 0.12963
1 0.204167 0.043056 0.033333 0.128704
1 0.721615 -0.035185 0.031771 0.127778
7 0.646615 0.074537 0.032813 0.086111
11 0.05026 0.340278 0.059896 0.108333
1 0.651302 0.075926 0.033854 0.083333
