1 0.853646 0.695833 0.04375 0.225
1 0.254688 0.156944 0.035417 0.178704
1 0.352604 0.631019 0.052083 0.226852
1 0.915365 0.519907 0.041146 0.193519
1 0.531771 0.96713 0.046875 0.262037
1 0.351042 0.816667 0.036458 0.231481
11 0.361979 0.891204 0.075 0.113889
10 0.360417 0.697222 0.021875 0.603704
11 0.815625 0.150463 0.052083 0.067593
11 0.816927 0.058796 0.013021 0.119444
10 0.811979 0.218981 0.014583 0.075
11 0.81276 0.283333 0.049479 0.074074
10 0.808073 0.40787 0.015104 0.182407
10 0.82474 0.468981 0.048438 0.160185
10 0.696354 0.111111 0.039583 0.085185
11 0.695312 0.034722 0.025 0.069444
11 0.828385 0.402778 0.027604 0.101852
11 0.980208 0.574074 0.041667 0.072222
10 0.951302 0.896759 0.009896 0.093519
10 0.973698 0.95463 0.009896 0.098148
10 0.960938 0.630556 0.008333 0.048148
11 0.975781 0.789815 0.018229 0.238889
11 0.961979 0.769444 0.021875 0.248148
11 0.347656 0.29537 0.047396 0.083333
11 0.347135 0.152315 0.052604 0.065741
11 0.346094 0.0625 0.015104 0.123148
11 0.347396 0.218519 0.013542 0.077778
11 0.348438 0.374074 0.015625 0.075926
10 0.33724 0.518056 0.029687 0.226852
10 0.33125 0.0625 0.020833 0.126852
10 0.746094 0.715741 0.020313 0.092593
10 0.775781 0.847222 0.022396 0.094444
10 0.377083 0.589352 0.01875 0.086111
11 0.077865 0.101389 0.059896 0.202778
11 0.111458 0.089352 0.016667 0.117593
11 0.122656 0.068981 0.011979 0.060185
10 0.98125 0.269907 0.013542 0.063889
10 0.833854 0.742593 0.017708 0.046296
10 0.872917 0.873148 0.01875 0.051852
10 0.705208 0.283333 0.014583 0.033333
10 0.657552 0.117593 0.014063 0.02963
10 0.381771 0.753704 0.015625 0.044444
10 0.373958 0.485648 0.015625 0.039815
10 0.371875 0.415741 0.015625 0.038889
7 0.377865 0.242593 0.040104 0.103704
7 0.367969 0.325463 0.029687 0.112037
4 0.849479 0.635185 0.091667 0.107407
3 0.691667 0.414352 0.140625 0.236111
4 0.971875 0.135648 0.079167 0.097222
5 0.838021 0.581944 0.13125 0.167593
4 0.69974 0.208333 0.067187 0.096296
4 0.708854 0.186111 0.084375 0.088889
4 0.692187 0.184722 0.083333 0.091667
4 0.657031 0.0375 0.079687 0.087963
4 0.335938 0.193519 0.086458 0.088889
4 0.33125 0.118519 0.089583 0.081481
4 0.313542 0.09213 0.088542 0.082407
4 0.335156 0.063426 0.072396 0.099074
4 0.949479 0.878704 0.102083 0.124074
1 0.429427 0.218519 0.030729 0.161111
1 0.761719 0.013426 0.026562 0.121296
1 0.541406 0.116667 0.027604 0.148148
10 0.718229 0.60787 0.021875 0.082407
1 0.510677 0.105556 0.031771 0.161111
1 0.274479 0.148148 0.026042 0.155556
1 0.49349 0.050926 0.028646 0.140741
1 0.070052 0.410648 0.026562 0.173148
1 0.054427 0.39213 0.036979 0.186111
1 0.463542 0.572685 0.04375 0.213889
1 0.496615 0.579167 0.038021 0.197222
1 0.40625 0.159722 0.030208 0.113889
1 0.382552 0.163426 0.028646 0.15463
1 0.382031 0.065278 0.026562 0.137963
1 0.297135 0.022685 0.021354 0.123148
7 0.327344 0.029167 0.031771 0.071296
1 0.121615 0.352778 0.027604 0.168519
7 0.651563 0.082407 0.03125 0.109259
1 0.246875 0.635648 0.036458 0.210185
1 0.19349 0.625 0.048438 0.22963
1 0.295833 0.135185 0.029167 0.151852
1 0.181771 0.127315 0.032292 0.150926
1 0.200521 0.180556 0.027083 0.162963
1 0.601823 0.524074 0.040104 0.185185
1 0.161458 0.195833 0.027083 0.156481
1 0.194271 0.163426 0.026042 0.162037
1 0.128906 0.201852 0.028646 0.144444
1 0.133854 0.187037 0.033333 0.157407
1 0.148958 0.155556 0.029167 0.161111
1 0.147656 0.14213 0.024479 0.152778
1 0.117708 0.174074 0.020833 0.159259
1 0.444792 0.033333 0.028125 0.146296
1 0.236979 0.154167 0.029167 0.162037
1 0.252344 0.362963 0.043229 0.194444
1 0.943229 0.494444 0.035417 0.192593
1 0.820833 -0.006019 0.027083 0.134259
1 0.940885 0.176852 0.034896 0.15
1 0.947396 0.135648 0.032292 0.15463
1 0.871875 0.106944 0.0375 0.15463
1 0.318229 1.014815 0.045833 0.17037
1 0.234375 0.024074 0.023958 0.127778
1 0.207031 0.031481 0.032813 0.12963
1 0.722135 -0.034722 0.032813 0.128704
7 0.646615 0.075463 0.032813 0.086111
11 0.05026 0.340278 0.059896 0.108333
1 0.651042 0.075926 0.034375 0.083333
