1 0.747396 0.634722 0.052083 0.225
1 0.254167 0.253241 0.038542 0.193519
1 0.089583 0.636111 0.04375 0.227778
1 0.915885 0.519907 0.040104 0.193519
1 0.505469 0.968981 0.038021 0.260185
1 0.351823 0.819444 0.046354 0.231481
11 0.361979 0.891204 0.075 0.113889
10 0.360417 0.697222 0.021875 0.603704
11 0.815625 0.150463 0.052083 0.067593
11 0.816927 0.058796 0.013021 0.119444
10 0.811979 0.218981 0.014583 0.075
11 0.81276 0.283333 0.049479 0.074074
10 0.808073 0.40787 0.015104 0.182407
10 0.82474 0.4625 0.048438 0.173148
10 0.696354 0.111111 0.039583 0.085185
11 0.695312 0.035185 0.025 0.068519
11 0.828385 0.402778 0.027604 0.101852
11 0.980208 0.574074 0.041667 0.072222
10 0.951302 0.896759 0.009896 0.093519
10 0.973698 0.95463 0.009896 0.098148
10 0.960938 0.630556 0.008333 0.048148
11 0.975781 0.789815 0.018229 0.238889
11 0.961979 0.769444 0.021875 0.248148
11 0.347656 0.29537 0.047396 0.083333
11 0.347135 0.152315 0.052604 0.065741
11 0.346094 0.0625 0.015104 0.123148
11 0.347396 0.218519 0.013542 0.077778
11 0.348438 0.374074 0.015625 0.075926
10 0.33724 0.518056 0.029687 0.226852
10 0.33125 0.0625 0.020833 0.126852
10 0.746094 0.715741 0.020313 0.092593
10 0.775781 0.847222 0.022396 0.094444
10 0.377083 0.589352 0.01875 0.086111
11 0.077865 0.101389 0.059896 0.202778
11 0.111458 0.089352 0.016667 0.117593
11 0.122656 0.068981 0.011979 0.060185
10 0.98125 0.269907 0.013542 0.063889
10 0.833854 0.742593 0.017708 0.046296
10 0.872917 0.873148 0.01875 0.051852
10 0.705208 0.283333 0.014583 0.033333
10 0.657552 0.117593 0.014063 0.02963
10 0.381771 0.753704 0.015625 0.044444
10 0.373958 0.485648 0.015625 0.039815
10 0.371875 0.415741 0.015625 0.038889
7 0.377865 0.242593 0.040104 0.103704
7 0.367969 0.325463 0.029687 0.112037
4 0.849479 0.635185 0.091667 0.107407
3 0.691667 0.414352 0.140625 0.236111
4 0.971875 0.135648 0.079167 0.097222
5 0.838021 0.581944 0.13125 0.167593
4 0.69974 0.208333 0.067187 0.096296
4 0.708854 0.186111 0.084375 0.088889
4 0.692187 0.184722 0.083333 0.091667
4 0.657031 0.0375 0.079687 0.087963
4 0.335938 0.193981 0.086458 0.089815
4 0.33125 0.118519 0.089583 0.081481
4 0.313542 0.09213 0.088542 0.082407
4 0.335156 0.063426 0.072396 0.099074
4 0.949479 0.878704 0.102083 0.124074
1 0.429427 0.218519 0.030729 0.161111
1 0.784115 0.12037 0.026562 0.135185
1 0.611198 0.176389 0.025521 0.152778
10 0.718229 0.60787 0.021875 0.082407
1 0.572656 0.190741 0.028646 0.17037
1 0.28125 0.190741 0.028125 0.164815
1 0.505208 0.181944 0.036458 0.163889
1 0.069271 0.410648 0.025 0.173148
1 0.05026 0.393056 0.045312 0.187963
1 0.434115 0.415278 0.042188 0.189815
1 0.467187 0.418981 0.040625 0.176852
1 0.480208 0.175463 0.025 0.141667
1 0.410938 0.171296 0.023958 0.157407
1 0.380729 0.072222 0.027083 0.15
1 0.296354 0.023148 0.021875 0.124074
7 0.327344 0.029167 0.031771 0.071296
1 0.132812 0.516204 0.030208 0.182407
7 0.651563 0.082407 0.03125 0.109259
1 0.31875 0.448148 0.033333 0.188889
1 0.272396 0.445833 0.0375 0.206481
1 0.271875 -0.021759 0.026042 0.137963
1 0.228906 -0.022222 0.024479 0.140741
1 0.29375 0.136574 0.023958 0.15463
1 0.190365 0.119907 0.028646 0.149074
1 0.198698 0.180556 0.026562 0.161111
1 0.361198 0.366667 0.027604 0.161111
1 0.164583 0.194907 0.027083 0.156481
1 0.188021 0.165278 0.023958 0.162037
1 0.124479 0.193519 0.028125 0.151852
1 0.143229 0.173611 0.022917 0.165741
1 0.160938 0.159722 0.029167 0.15463
1 0.152083 0.142593 0.028125 0.153704
1 0.117188 0.174074 0.020833 0.159259
1 0.465104 -0.029167 0.01875 0.128704
1 0.203906 0.072222 0.028646 0.148148
1 0.225521 0.577778 0.044792 0.22037
1 0.992188 0.668519 0.039583 0.214815
1 0.853125 0.077315 0.032292 0.134259
1 0.782813 -0.027778 0.021875 0.114815
1 0.139323 0.806481 0.045312 0.246296
1 0.125521 0.736574 0.055208 0.232407
7 0.645833 0.076852 0.032292 0.088889
11 0.05026 0.340278 0.059896 0.108333
