1 0.827344 0.664815 0.040104 0.224074
1 0.253125 0.094444 0.038542 0.166667
1 0.447135 0.681944 0.039062 0.237963
1 0.917969 0.52037 0.036979 0.190741
1 0.55651 0.98287 0.046354 0.232407
1 0.351042 0.816667 0.036458 0.231481
11 0.361979 0.891204 0.075 0.113889
10 0.360417 0.697222 0.021875 0.603704
11 0.815625 0.150463 0.052083 0.067593
11 0.816927 0.058796 0.013021 0.119444
10 0.811979 0.218981 0.014583 0.075
11 0.81276 0.283333 0.049479 0.074074
10 0.808073 0.40787 0.015104 0.182407
10 0.82474 0.474537 0.048438 0.149074
10 0.696354 0.111111 0.039583 0.085185
11 0.695312 0.034722 0.025 0.069444
11 0.828385 0.402778 0.027604 0.101852
11 0.980208 0.574074 0.041667 0.072222
10 0.951302 0.896759 0.009896 0.093519
10 0.973698 0.95463 0.009896 0.098148
10 0.960938 0.630556 0.008333 0.048148
11 0.975781 0.789815 0.018229 0.238889
11 0.961979 0.769444 0.021875 0.248148
11 0.347656 0.29537 0.047396 0.083333
11 0.347135 0.152315 0.052604 0.065741
11 0.346094 0.0625 0.015104 0.123148
11 0.347396 0.218519 0.013542 0.077778
11 0.348438 0.374074 0.015625 0.075926
10 0.336979 0.518056 0.030208 0.226852
10 0.33125 0.0625 0.020833 0.126852
10 0.746094 0.715741 0.020313 0.092593
10 0.775781 0.847222 0.022396 0.094444
10 0.377083 0.589352 0.01875 0.086111
11 0.077865 0.101389 0.059896 0.202778
11 0.111458 0.089352 0.016667 0.117593
11 0.122656 0.068981 0.011979 0.060185
10 0.98125 0.269907 0.013542 0.063889
10 0.833854 0.742593 0.017708 0.046296
10 0.872917 0.873148 0.01875 0.051852
10 0.705208 0.283333 0.014583 0.033333
10 0.657552 0.117593 0.014063 0.02963
10 0.381771 0.753704 0.015625 0.044444
10 0.373958 0.485648 0.015625 0.039815
10 0.371875 0.415741 0.015625 0.038889
7 0.377865 0.242593 0.040104 0.103704
7 0.367969 0.325463 0.029687 0.112037
4 0.849479 0.635185 0.091667 0.107407
3 0.691667 0.414352 0.140625 0.236111
4 0.971875 0.135648 0.079167 0.097222
5 0.838021 0.581944 0.13125 0.167593
4 0.69974 0.208333 0.067187 0.096296
4 0.708854 0.186111 0.084375 0.088889
4 0.692187 0.184722 0.083333 0.091667
4 0.657031 0.0375 0.079687 0.087963
4 0.335938 0.193519 0.086458 0.088889
4 0.33125 0.118519 0.089583 0.081481
4 0.313542 0.09213 0.088542 0.082407
4 0.335156 0.063426 0.072396 0.099074
4 0.949479 0.878704 0.102083 0.124074
1 0.426302 0.213426 0.030729 0.158333
1 0.533854 0.047685 0.027083 0.137963
10 0.718229 0.60787 0.021875 0.082407
1 0.49974 0.043519 0.028646 0.148148
1 0.300781 0.130093 0.020313 0.143519
1 0.469792 -0.039352 0.027083 0.115741
1 0.091927 0.393056 0.031771 0.178704
1 0.0625 0.375 0.021875 0.2
1 0.514583 0.750926 0.064583 0.235185
1 0.551562 0.756019 0.039583 0.217593
1 0.40651 0.156481 0.025521 0.122222
1 0.389844 0.1625 0.033854 0.15463
1 0.385937 -0.036574 0.025 0.125
1 0.297135 0.022222 0.021354 0.122222
7 0.327344 0.029167 0.031771 0.071296
1 0.180469 0.244444 0.025521 0.155556
7 0.651563 0.082407 0.03125 0.109259
1 0.172917 0.839815 0.038542 0.240741
1 0.133073 0.815741 0.047396 0.248148
1 0.280469 0.166204 0.030729 0.158333
1 0.175781 0.126389 0.025521 0.152778
1 0.200521 0.18287 0.027083 0.162037
1 0.8875 0.660648 0.035417 0.19537
1 0.163542 0.194444 0.027083 0.157407
1 0.202604 0.163426 0.025 0.163889
1 0.129167 0.2 0.032292 0.146296
1 0.134375 0.182407 0.029167 0.161111
1 0.161719 0.161574 0.029687 0.163889
1 0.15 0.141667 0.026042 0.15
1 0.117708 0.174074 0.020833 0.159259
1 0.470573 0.041667 0.024479 0.15
1 0.225 0.243056 0.03125 0.167593
1 0.259896 0.223148 0.034375 0.174074
1 0.924219 0.410185 0.041146 0.198148
1 0.859896 0.378704 0.03125 0.181481
1 0.79349 0.054167 0.029687 0.136111
1 0.921615 0.261111 0.033854 0.161111
1 0.889844 0.106944 0.026562 0.152778
1 0.857552 0.103241 0.028646 0.162037
1 0.974479 0.259259 0.041667 0.174074
1 0.220573 0.091667 0.023438 0.146296
1 0.194271 0.098611 0.029167 0.136111
1 0.265625 -0.030093 0.020833 0.126852
1 0.2375 -0.0375 0.023958 0.119444
1 0.706771 -0.039815 0.026042 0.118519
7 0.647135 0.072222 0.033854 0.087037
11 0.05026 0.340278 0.059896 0.108333
