1 0.846615 0.65463 0.052604 0.214815
1 0.35625 0.649074 0.041667 0.225926
1 0.916146 0.518056 0.039583 0.19537
1 0.493229 0.986574 0.041667 0.223148
1 0.351042 0.816667 0.036458 0.231481
11 0.361979 0.891204 0.075 0.113889
10 0.360417 0.697222 0.021875 0.603704
11 0.815625 0.150463 0.052083 0.067593
11 0.816927 0.058796 0.013021 0.119444
10 0.811979 0.218981 0.014583 0.075
11 0.81276 0.283333 0.049479 0.074074
10 0.808073 0.40787 0.015104 0.182407
10 0.82474 0.493519 0.048438 0.111111
10 0.696354 0.111111 0.039583 0.085185
11 0.695312 0.034259 0.025 0.07037
11 0.828385 0.402778 0.027604 0.101852
11 0.980208 0.574074 0.041667 0.072222
10 0.951302 0.896759 0.009896 0.093519
10 0.973698 0.95463 0.009896 0.098148
10 0.960677 0.630556 0.008854 0.048148
11 0.975781 0.789815 0.018229 0.238889
11 0.961979 0.769444 0.021875 0.248148
11 0.347656 0.29537 0.047396 0.083333
11 0.347135 0.152315 0.052604 0.065741
11 0.346094 0.0625 0.015104 0.123148
11 0.347396 0.218519 0.013542 0.077778
11 0.348438 0.374074 0.015625 0.075926
10 0.33724 0.518056 0.030729 0.225
10 0.33125 0.0625 0.020833 0.126852
10 0.746094 0.715741 0.020313 0.092593
10 0.775781 0.847222 0.022396 0.094444
10 0.377083 0.589352 0.01875 0.086111
11 0.077865 0.101389 0.059896 0.202778
11 0.111458 0.089352 0.016667 0.117593
11 0.122656 0.068981 0.011979 0.060185
10 0.98125 0.269907 0.013542 0.063889
10 0.833854 0.742593 0.017708 0.046296
10 0.872917 0.873148 0.01875 0.051852
10 0.705208 0.283333 0.014583 0.033333
10 0.657552 0.117593 0.014063 0.02963
10 0.381771 0.753704 0.015625 0.044444
10 0.373958 0.485648 0.015625 0.039815
10 0.371875 0.415741 0.015625 0.038889
7 0.377865 0.242593 0.040104 0.103704
7 0.367969 0.325463 0.029687 0.112037
4 0.849479 0.635185 0.091667 0.107407
3 0.691667 0.414352 0.140625 0.236111
4 0.971875 0.135648 0.079167 0.097222
5 0.838021 0.581944 0.13125 0.167593
4 0.69974 0.208333 0.067187 0.096296
4 0.708854 0.186111 0.084375 0.088889
4 0.692187 0.184722 0.083333 0.091667
4 0.657031 0.0375 0.079687 0.087963
4 0.335938 0.193981 0.086458 0.089815
4 0.33125 0.118519 0.089583 0.081481
4 0.313542 0.09213 0.088542 0.082407
4 0.335156 0.063426 0.072396 0.099074
4 0.949479 0.878704 0.102083 0.124074
1 0.432292 0.208333 0.038542 0.157407
10 0.718229 0.60787 0.021875 0.082407
1 0.33724 0.125463 0.020313 0.128704
1 0.195312 0.235648 0.026042 0.15463
1 0.174479 0.239352 0.034375 0.176852
1 0.40625 0.14213 0.026042 0.147222
1 0.400521 0.116204 0.025 0.15463
1 0.301823 0.01713 0.028646 0.121296
7 0.327344 0.029167 0.031771 0.071296
7 0.651563 0.081481 0.03125 0.109259
1 0.304948 0.187963 0.029687 0.157407
1 0.17474 0.05 0.023438 0.138889
1 0.208073 0.177315 0.027604 0.158333
1 0.163542 0.193981 0.026042 0.15463
1 0.196094 0.163889 0.024479 0.161111
1 0.139844 0.2 0.029687 0.151852
1 0.123698 0.181019 0.025521 0.171296
1 0.139844 0.165741 0.027604 0.159259
1 0.1875 0.149074 0.026042 0.15
1 0.11875 0.168519 0.020833 0.159259
1 0.467187 -0.025463 0.026042 0.147222
1 0.18099 0.746296 0.049479 0.231481
1 0.522917 0.491667 0.033333 0.209259
1 0.472396 0.508796 0.033333 0.206481
1 0.710417 0.943519 0.05 0.240741
1 0.933594 0.739815 0.048438 0.222222
1 0.963281 0.702315 0.038021 0.234259
1 0.796615 0.061111 0.029687 0.137037
1 0.757552 0.064815 0.023438 0.137037
1 0.90599 0.155556 0.027604 0.159259
1 0.845052 0.124537 0.026562 0.14537
1 0.78776 0.164352 0.029687 0.141667
1 0.592708 0.094444 0.029167 0.146296
1 0.434896 -0.02963 0.022917 0.12963
1 0.410156 -0.028704 0.023438 0.131481
1 0.389062 0.00787 0.029167 0.125
1 0.256771 0.074537 0.025 0.134259
1 0.231771 0.406944 0.029167 0.189815
1 0.193229 0.409722 0.042708 0.171296
1 0.232031 0.140741 0.026562 0.161111
1 0.230729 0.025 0.035417 0.131481
1 0.2125 0.00463 0.021875 0.12037
1 0.145833 0.047222 0.027083 0.127778
1 0.264323 0.2625 0.032813 0.173148
1 0.216667 0.259259 0.028125 0.17037
1 0.260417 0.2375 0.034375 0.160185
11 0.05026 0.340278 0.059896 0.108333
1 0.39401 -0.014352 0.023438 0.128704
