1 0.775 0.651389 0.047917 0.228704
1 0.25599 0.225463 0.038021 0.189815
1 0.132552 0.650926 0.046354 0.233333
1 0.915625 0.519907 0.040625 0.193519
1 0.511458 0.973611 0.046875 0.24537
1 0.35026 0.818981 0.041146 0.230556
11 0.361979 0.891204 0.075 0.113889
10 0.360417 0.697222 0.021875 0.603704
11 0.815625 0.150463 0.052083 0.067593
11 0.816927 0.058796 0.013021 0.119444
10 0.811979 0.218981 0.014583 0.075
11 0.81276 0.283333 0.049479 0.074074
10 0.808073 0.40787 0.015104 0.182407
10 0.82474 0.463889 0.048438 0.17037
10 0.696354 0.111111 0.039583 0.085185
11 0.695312 0.035185 0.025 0.068519
11 0.828385 0.402778 0.027604 0.101852
11 0.980208 0.574074 0.041667 0.072222
10 0.951302 0.896759 0.009896 0.093519
10 0.973698 0.95463 0.009896 0.098148
10 0.960938 0.630556 0.008333 0.048148
11 0.975781 0.789815 0.018229 0.238889
11 0.961979 0.769444 0.021875 0.248148
11 0.347656 0.29537 0.047396 0.083333
11 0.347135 0.152315 0.052604 0.065741
11 0.346094 0.0625 0.015104 0.123148
11 0.347396 0.218519 0.013542 0.077778
11 0.348438 0.374074 0.015625 0.075926
10 0.33724 0.518056 0.029687 0.226852
10 0.33125 0.0625 0.020833 0.126852
10 0.746094 0.715741 0.020313 0.092593
10 0.775781 0.847222 0.022396 0.094444
10 0.377083 0.589352 0.01875 0.086111
11 0.077865 0.101389 0.059896 0.202778
11 0.111458 0.089352 0.016667 0.117593
11 0.122656 0.068981 0.011979 0.060185
10 0.98125 0.269907 0.013542 0.063889
10 0.833854 0.742593 0.017708 0.046296
10 0.872917 0.873148 0.01875 0.051852
10 0.705208 0.283333 0.014583 0.033333
10 0.657552 0.117593 0.014063 0.02963
10 0.381771 0.753704 0.015625 0.044444
10 0.373958 0.485648 0.015625 0.039815
10 0.371875 0.415741 0.015625 0.038889
7 0.377865 0.242593 0.040104 0.103704
7 0.367969 0.325463 0.029687 0.112037
4 0.849479 0.635185 0.091667 0.107407
3 0.691667 0.414352 0.140625 0.236111
4 0.971875 0.135648 0.079167 0.097222
5 0.838021 0.581944 0.13125 0.167593
4 0.69974 0.208333 0.067187 0.096296
4 0.708854 0.186111 0.084375 0.088889
4 0.692187 0.184722 0.083333 0.091667
4 0.657031 0.0375 0.079687 0.087963
4 0.335938 0.193981 0.086458 0.089815
4 0.33125 0.118519 0.089583 0.081481
4 0.313542 0.09213 0.088542 0.082407
4 0.335156 0.063426 0.072396 0.099074
4 0.949479 0.878704 0.102083 0.124074
1 0.429427 0.218519 0.030729 0.161111
1 0.778646 0.097222 0.027083 0.135185
1 0.585677 0.159722 0.025521 0.147222
10 0.718229 0.60787 0.021875 0.082407
1 0.548958 0.174537 0.03125 0.167593
1 0.280729 0.181019 0.026042 0.160185
1 0.505469 0.152315 0.031771 0.162037
1 0.069531 0.410648 0.025521 0.173148
1 0.051823 0.393056 0.042188 0.187963
1 0.446354 0.448611 0.046875 0.19537
1 0.480469 0.45463 0.039062 0.17963
1 0.451042 0.174537 0.023958 0.143519
1 0.402604 0.172685 0.022917 0.156481
1 0.380469 0.072685 0.026562 0.149074
1 0.297135 0.022685 0.021354 0.123148
7 0.327344 0.029167 0.031771 0.071296
1 0.1375 0.473148 0.030208 0.181481
7 0.651563 0.082407 0.03125 0.109259
1 0.303906 0.487037 0.033854 0.194444
1 0.259375 0.479167 0.033333 0.20463
1 0.275521 -0.0375 0.026042 0.123148
1 0.248698 -0.033796 0.023438 0.130556
1 0.29401 0.136574 0.023438 0.15463
1 0.179167 0.123611 0.027083 0.149074
1 0.197917 0.182407 0.026042 0.161111
1 0.415104 0.405556 0.034375 0.174074
1 0.163542 0.197685 0.027083 0.156481
1 0.189062 0.165741 0.022917 0.162963
1 0.129688 0.19537 0.026042 0.148148
1 0.140625 0.175926 0.023958 0.17037
1 0.159896 0.165278 0.028125 0.143519
1 0.152083 0.142593 0.028125 0.153704
1 0.117188 0.174074 0.020833 0.159259
1 0.4625 -0.013889 0.01875 0.135185
1 0.222396 0.092593 0.029167 0.15
1 0.22526 0.52037 0.042188 0.212963
1 0.982292 0.628241 0.034375 0.208333
1 0.877083 0.099537 0.028125 0.139815
1 0.805469 -0.003704 0.026562 0.12037
1 0.170833 0.871759 0.047917 0.256481
1 0.182812 0.801389 0.05 0.241667
1 0.226562 -0.028704 0.021875 0.124074
1 0.203646 -0.029167 0.022917 0.123148
1 0.717969 -0.034259 0.028646 0.12963
7 0.645833 0.076852 0.032292 0.088889
11 0.05026 0.340278 0.059896 0.108333
1 0.650781 0.076852 0.035937 0.085185
