1 0.166406 0.605208 0.395313 1.297917
1 0.298438 0.471875 0.28125 0.84375
1 0.888281 0.460417 0.035938 0.104167
1 0.486719 0.457292 0.042188 0.185417
1 0.439844 0.459375 0.032813 0.13125
1 0.535938 0.458333 0.04375 0.191667
1 0.803906 0.469792 0.054688 0.202083
1 0.467969 0.458333 0.039062 0.175
2 0.007031 0.423958 0.110938 0.51875
2 0.93125 0.453125 0.11875 0.19375
4 0.917188 0.529167 0.209375 0.154167
1 0.699219 0.585417 0.423438 1.233333
4 0.025781 0.592708 0.132812 0.422917
1 0.861719 0.4625 0.026563 0.0875
