1 0.207813 0.521875 0.140625 0.522917
1 0.222656 0.477083 0.120313 0.475
1 0.496875 0.480208 0.040625 0.147917
1 0.538281 0.478125 0.035938 0.15625
1 0.564844 0.467708 0.035938 0.172917
1 0.323438 0.471875 0.040625 0.152083
1 0.092188 0.469792 0.04375 0.14375
1 0.578125 0.482292 0.040625 0.14375
3 0.96875 0.535417 0.565625 0.325
3 0.835156 0.478125 0.545312 0.222917
2 0.025781 0.472917 0.114063 0.354167
1 0.664062 0.477083 0.01875 0.070833
1 0.407813 0.516667 0.1625 0.475
4 0.039062 0.597917 0.090625 0.2625
