1 0.200781 0.529167 0.148438 0.55
1 0.220313 0.472917 0.128125 0.495833
1 0.505469 0.478125 0.039062 0.152083
1 0.545312 0.477083 0.0375 0.1625
1 0.573438 0.466667 0.034375 0.175
1 0.323438 0.470833 0.040625 0.154167
1 0.092188 0.469792 0.04375 0.14375
1 0.590625 0.48125 0.040625 0.145833
3 0.899219 0.539583 0.595313 0.3375
3 0.761719 0.475 0.535938 0.220833
2 0.017188 0.471875 0.115625 0.36875
1 0.674219 0.467708 0.020313 0.072917
1 0.41875 0.513542 0.165625 0.485417
4 0.038281 0.598958 0.095313 0.277083
