1 0.2 0.527083 0.14375 0.5375
1 0.221875 0.476042 0.125 0.485417
1 0.5 0.479167 0.040625 0.15
1 0.542188 0.479167 0.0375 0.158333
1 0.569531 0.466667 0.035938 0.175
1 0.323438 0.471875 0.040625 0.152083
1 0.092188 0.469792 0.04375 0.14375
1 0.584375 0.48125 0.040625 0.145833
3 0.933594 0.536458 0.579688 0.33125
3 0.798438 0.476042 0.540625 0.222917
2 0.021094 0.471875 0.114063 0.360417
1 0.669531 0.471875 0.020313 0.072917
1 0.413281 0.514583 0.164062 0.479167
4 0.038281 0.597917 0.092188 0.270833
