1 0.410938 0.571875 0.30625 1.03125
1 0.58125 0.464583 0.096875 0.366667
1 0.184375 0.458333 0.090625 0.354167
1 0.685938 0.4875 0.05625 0.279167
1 0.092969 0.471875 0.076563 0.20625
1 0.725 0.491667 0.1125 0.425
1 0.078906 0.484375 0.089063 0.227083
1 0.816406 0.458333 0.079688 0.316667
1 0.813281 0.5 0.076563 0.3125
1 0.157031 0.466667 0.126562 0.308333
2 0.623438 0.441667 0.08125 0.1875
1 0.927344 0.580208 0.198438 0.78125
1 0.98125 0.519792 0.428125 1.377083
4 0.592969 0.536458 0.114063 0.15625
