1 0.190625 0.515625 0.159375 0.59375
1 0.221094 0.472917 0.139063 0.525
1 0.51875 0.476042 0.0375 0.15625
1 0.560156 0.477083 0.039062 0.166667
1 0.5875 0.461458 0.034375 0.177083
1 0.328125 0.464583 0.040625 0.1625
1 0.089844 0.463542 0.042188 0.14375
1 0.609375 0.479167 0.040625 0.15
3 0.796094 0.547917 0.642188 0.354167
3 0.652344 0.469792 0.520313 0.21875
2 0.003906 0.471875 0.117188 0.389583
1 0.689844 0.463542 0.020313 0.072917
1 0.423438 0.517708 0.18125 0.53125
4 0.039062 0.602083 0.1 0.3
