1 0.609375 0.49375 0.15625 0.5875
1 0.575781 0.465625 0.057813 0.24375
1 0.107813 0.446875 0.040625 0.189583
1 0.102344 0.428125 0.073438 0.239583
1 0.151563 0.45625 0.084375 0.295833
1 0.279688 0.45 0.0875 0.320833
1 0.516406 0.44375 0.029688 0.125
1 0.91875 0.504167 0.259375 0.9
1 0.934375 0.5125 0.284375 0.904167
1 0.159375 0.446875 0.04375 0.19375
1 0.166406 0.448958 0.048438 0.202083
1 0.984375 0.5 0.48125 1.495833
1 0.410156 0.488542 0.167188 0.614583
1 0.294531 0.428125 0.032813 0.097917
