1 0.383073 0.532407 0.081771 0.375926
1 0.354427 0.55 0.078646 0.37963
1 0.558333 0.520833 0.101042 0.425
1 0.501302 0.553241 0.109896 0.350926
1 0.192448 0.543519 0.111979 0.587037
1 -0.019531 0.604167 0.131771 0.726852
1 0.820052 0.5 0.050521 0.214815
1 0.271875 0.541667 0.384375 1.337037
1 0.751302 0.569444 0.034896 0.148148
1 0.769271 0.518981 0.054167 0.239815
1 0.886979 0.483333 0.060417 0.22963
9 0.574479 0.407407 0.070833 0.492593
8 0.085417 0.590278 0.04375 0.20463
9 0.127344 0.569444 0.010937 0.407407
8 0.892448 0.490278 0.027604 0.108333
1 0.278385 0.546296 0.156771 0.646296
8 0.046094 0.579167 0.044271 0.234259
12 0.482031 0.532407 0.021354 0.107407
