1 0.51875 0.523148 0.06875 0.364815
1 0.645833 0.507407 0.051042 0.222222
1 0.546615 0.537963 0.082812 0.337037
1 0.717708 0.509259 0.079167 0.359259
1 0.653646 0.532407 0.054167 0.288889
1 0.472656 0.523148 0.084896 0.468519
1 0.401042 0.562037 0.130208 0.544444
1 0.335417 0.55463 0.073958 0.511111
1 0.938542 0.493981 0.044792 0.202778
1 0.836719 0.573611 0.046354 0.165741
1 0.823437 0.519444 0.044792 0.259259
1 0.946875 0.480556 0.053125 0.209259
9 0.574479 0.407407 0.070833 0.492593
8 0.085417 0.590278 0.04375 0.20463
9 0.127344 0.569444 0.010937 0.407407
8 0.891927 0.489815 0.028646 0.107407
1 0.564844 0.514815 0.100521 0.496296
8 0.046615 0.578704 0.044271 0.235185
12 0.486458 0.531944 0.025 0.110185
12 0.095052 0.587963 0.049479 0.298148
