1 0.642188 0.509259 0.063542 0.322222
1 0.655729 0.515278 0.060417 0.258333
1 0.682031 0.521759 0.067187 0.299074
1 0.795052 0.505556 0.057812 0.294444
1 0.754948 0.52037 0.043229 0.238889
1 0.636719 0.514352 0.074479 0.399074
1 0.663021 0.538426 0.098958 0.439815
1 0.570573 0.534259 0.081771 0.405556
1 0.991927 0.485185 0.039062 0.188889
1 0.921615 0.58287 0.053646 0.191667
1 0.847656 0.531944 0.060937 0.237963
1 0.989844 0.476389 0.047396 0.175
9 0.574479 0.407407 0.070833 0.492593
8 0.085417 0.590278 0.04375 0.20463
9 0.127344 0.569444 0.010937 0.407407
8 0.891406 0.489815 0.029687 0.107407
1 0.719531 0.511111 0.094271 0.405556
8 0.047135 0.578241 0.044271 0.234259
12 0.495052 0.531481 0.025521 0.111111
12 0.488802 0.536574 0.052604 0.247222
