1 0.341406 0.534722 0.085938 0.380556
1 0.291146 0.556481 0.069792 0.385185
1 0.485417 0.525463 0.097917 0.460185
1 0.414583 0.555556 0.091667 0.383333
1 0.073698 0.553704 0.115104 0.65
1 0.788021 0.502778 0.067708 0.214815
1 0.067708 0.643056 0.30625 1.143519
1 0.451562 0.528704 0.251042 1.238889
1 0.733594 0.567593 0.034896 0.142593
1 0.757812 0.518981 0.052083 0.232407
1 0.867448 0.488889 0.066146 0.238889
9 0.574479 0.407407 0.070833 0.492593
8 0.085417 0.590278 0.04375 0.20463
9 0.127344 0.569444 0.010937 0.407407
8 0.892448 0.490278 0.026562 0.108333
1 0.167448 0.561111 0.174479 0.725926
8 0.046094 0.57963 0.044271 0.235185
12 0.481771 0.532407 0.021875 0.107407
