1 0.263802 0.527778 0.066146 0.316667
1 0.19974 0.537037 0.064062 0.298148
1 0.048438 0.563889 0.134375 0.624074
1 0.589323 0.581481 0.171354 0.733333
1 0.747656 0.534259 0.158854 0.827778
1 0.701042 0.556019 0.030208 0.130556
1 0.735417 0.509259 0.046875 0.211111
1 0.759635 0.488889 0.073438 0.32037
9 0.574479 0.407407 0.070833 0.492593
8 0.079167 0.585648 0.04375 0.212037
9 0.127344 0.569444 0.010937 0.407407
8 0.892969 0.490278 0.025521 0.108333
8 0.045573 0.580093 0.044271 0.234259
12 0.48099 0.532407 0.025521 0.107407
