1 0.292708 0.535648 0.083333 0.365741
1 0.215885 0.551852 0.075521 0.346296
1 0.300521 0.548148 0.117708 0.52037
1 0.23776 0.578241 0.103646 0.436111
1 0.724479 0.5 0.051042 0.218519
1 0.410938 0.61713 0.204167 0.95463
1 0.623437 0.538889 0.2125 1.048148
1 0.709115 0.562037 0.035937 0.137037
1 0.741927 0.52037 0.048438 0.214815
1 0.820052 0.491204 0.078646 0.269444
9 0.574479 0.407407 0.070833 0.492593
8 0.082812 0.588426 0.04375 0.208333
9 0.127344 0.569444 0.010937 0.407407
8 0.892708 0.490278 0.026042 0.108333
8 0.045573 0.57963 0.044271 0.235185
12 0.48125 0.532407 0.023958 0.107407
