1 0.938281 0.494907 0.035937 0.202778
1 0.396875 0.559259 0.144792 0.618519
1 0.698438 0.508333 0.032292 0.17963
1 0.534115 0.531944 0.094271 0.397222
1 0.99375 0.5 0.03125 0.162963
1 0.883073 0.495833 0.051562 0.230556
1 0.950781 0.503241 0.059896 0.228704
1 0.897917 0.501852 0.05 0.222222
1 0.61276 0.516667 0.032813 0.157407
9 0.574479 0.407407 0.070833 0.492593
8 0.085417 0.590278 0.04375 0.20463
9 0.127344 0.569444 0.010937 0.407407
8 0.886458 0.489815 0.026042 0.107407
1 0.974479 0.487037 0.055208 0.22963
8 0.040365 0.577778 0.041146 0.233333
12 0.440365 0.53287 0.030729 0.115741
12 0.481771 0.530556 0.023958 0.083333
