1 0.832552 0.501389 0.049479 0.243519
1 0.621615 0.525926 0.082812 0.353704
1 0.877604 0.506481 0.053125 0.242593
1 0.947396 0.488889 0.040625 0.22963
1 0.898958 0.509259 0.0375 0.2
1 0.750781 0.504167 0.064062 0.286111
1 0.806771 0.52037 0.069792 0.307407
1 0.75 0.518056 0.067708 0.280556
1 0.895052 0.583333 0.047396 0.187037
1 0.916927 0.5125 0.056771 0.293519
9 0.574479 0.407407 0.070833 0.492593
8 0.085417 0.590278 0.04375 0.20463
9 0.127344 0.569444 0.010937 0.407407
8 0.888802 0.489815 0.027604 0.107407
1 0.828906 0.499074 0.065104 0.287037
8 0.045052 0.577778 0.042188 0.233333
12 0.494531 0.531944 0.025521 0.112037
