1 0.820573 0.502315 0.050521 0.24537
1 0.625521 0.525 0.079167 0.338889
1 0.863542 0.508333 0.051042 0.238889
1 0.94375 0.490741 0.05 0.22963
1 0.888542 0.510185 0.0375 0.201852
1 0.742708 0.504167 0.05625 0.29537
1 0.799479 0.516667 0.078125 0.307407
1 0.73776 0.518981 0.068229 0.289815
1 0.895833 0.581944 0.045833 0.189815
1 0.907292 0.5125 0.061458 0.287963
9 0.574479 0.407407 0.070833 0.492593
8 0.085417 0.590278 0.04375 0.20463
9 0.127344 0.569444 0.010937 0.407407
8 0.888802 0.489815 0.027604 0.107407
1 0.81849 0.500463 0.066146 0.291667
8 0.045312 0.577778 0.042708 0.233333
12 0.496615 0.531481 0.025521 0.112963
