1 0.267188 0.526852 0.057292 0.266667
1 0.190104 0.542593 0.052083 0.237037
1 0.780208 0.55 0.121875 0.514815
1 0.913021 0.516667 0.126042 0.594444
1 0.697917 0.55463 0.027083 0.12037
1 0.718229 0.521296 0.042708 0.194444
1 0.569531 0.504167 0.125521 0.423148
9 0.574479 0.407407 0.070833 0.492593
8 0.080208 0.586574 0.04375 0.212037
9 0.127344 0.569444 0.010937 0.407407
8 0.892708 0.491204 0.028125 0.110185
8 0.045052 0.580556 0.044271 0.235185
12 0.482292 0.531944 0.025 0.10463
12 0.46875 0.543056 0.033333 0.128704
