1 0.535417 0.521759 0.066667 0.362037
1 0.649479 0.50787 0.051042 0.223148
1 0.568229 0.534722 0.078125 0.328704
1 0.723698 0.509259 0.067187 0.353704
1 0.673438 0.53287 0.058333 0.280556
1 0.497135 0.519444 0.078646 0.453704
1 0.443229 0.561111 0.133333 0.533333
1 0.383854 0.55 0.129167 0.492593
1 0.951823 0.491204 0.055729 0.199074
1 0.850781 0.574074 0.040104 0.166667
1 0.825 0.519444 0.044792 0.261111
1 0.954427 0.480556 0.052604 0.207407
9 0.574479 0.407407 0.070833 0.492593
8 0.085417 0.590278 0.04375 0.20463
9 0.127344 0.569444 0.010937 0.407407
8 0.891927 0.489815 0.028646 0.107407
1 0.599219 0.514352 0.110937 0.480556
8 0.046615 0.578704 0.044271 0.235185
12 0.4875 0.531944 0.025 0.110185
