1 0.970313 0.4875 0.030208 0.178704
1 0.04375 0.593056 0.225 0.934259
1 0.775 0.507407 0.034375 0.17963
1 0.174479 0.559722 0.15 0.571296
1 0.695833 0.513426 0.065625 0.323148
1 0.933333 0.493519 0.045833 0.205556
1 1.00625 0.499074 0.046875 0.2
1 0.960417 0.494444 0.041667 0.203704
1 0.897396 0.503704 0.078125 0.253704
1 0.934115 0.494907 0.046354 0.262037
1 0.697917 0.512037 0.035417 0.164815
9 0.574479 0.407407 0.070833 0.492593
8 0.085417 0.590278 0.04375 0.20463
9 0.127344 0.569444 0.010937 0.407407
8 0.885417 0.489815 0.025 0.107407
8 0.040365 0.578241 0.044271 0.234259
12 0.522656 0.525 0.023438 0.081481
12 0.49401 0.52963 0.057812 0.253704
12 0.433333 0.537963 0.030208 0.127778
