1 0.721875 0.502315 0.059375 0.287963
1 0.650521 0.518519 0.067708 0.288889
1 0.765365 0.511574 0.064062 0.278704
1 0.858594 0.497222 0.051562 0.274074
1 0.80651 0.514352 0.042188 0.225
1 0.700521 0.508333 0.057292 0.351852
1 0.76901 0.526852 0.088021 0.387037
1 0.642708 0.522685 0.066667 0.362037
1 0.997135 0.486111 0.032813 0.17963
1 0.908854 0.581019 0.048958 0.191667
1 0.857031 0.553241 0.061979 0.199074
9 0.574479 0.407407 0.070833 0.492593
8 0.085417 0.590278 0.04375 0.20463
9 0.127344 0.569444 0.010937 0.407407
8 0.890365 0.489815 0.028646 0.107407
1 0.771354 0.505093 0.077083 0.356481
8 0.047135 0.578241 0.044271 0.234259
12 0.499219 0.533796 0.025521 0.112037
12 0.451562 0.531019 0.063542 0.262037
