1 0.420312 0.528704 0.08125 0.374074
1 0.414062 0.548148 0.097917 0.383333
1 0.627865 0.521759 0.099479 0.406481
1 0.535937 0.551389 0.079167 0.341667
1 0.282292 0.540741 0.1125 0.555556
1 0.092969 0.59537 0.163021 0.7
1 0.063281 0.578704 0.150521 0.603704
1 0.854427 0.497685 0.048438 0.212037
1 0.044531 0.527315 0.311979 1.419444
1 0.764844 0.574537 0.032813 0.152778
1 0.784896 0.519444 0.052083 0.248148
1 0.902865 0.481019 0.058854 0.225
9 0.574479 0.407407 0.070833 0.492593
8 0.085417 0.590278 0.04375 0.20463
9 0.127344 0.569444 0.010937 0.407407
8 0.892188 0.489815 0.028125 0.107407
1 0.361458 0.541667 0.159375 0.598148
8 0.046094 0.579167 0.044271 0.234259
12 0.481771 0.531944 0.022917 0.108333
