1 0.834635 0.500926 0.049479 0.242593
1 0.620833 0.526852 0.083333 0.357407
1 0.878646 0.50787 0.053125 0.236111
1 0.948698 0.488426 0.040104 0.228704
1 0.900781 0.508796 0.036979 0.199074
1 0.750781 0.505093 0.064062 0.284259
1 0.808073 0.52037 0.069271 0.305556
1 0.752083 0.517593 0.067708 0.277778
1 0.896094 0.583333 0.047396 0.188889
1 0.91875 0.5125 0.05625 0.29537
9 0.574479 0.407407 0.070833 0.492593
8 0.085417 0.590278 0.04375 0.20463
9 0.127344 0.569444 0.010937 0.407407
8 0.888802 0.489815 0.027604 0.107407
1 0.83099 0.499537 0.065104 0.286111
8 0.045052 0.577778 0.042188 0.233333
12 0.49401 0.532407 0.025521 0.112963
