1 0.548958 0.519907 0.066667 0.358333
1 0.651823 0.508333 0.051562 0.225926
1 0.585938 0.533333 0.073958 0.324074
1 0.733333 0.508796 0.065625 0.349074
1 0.680208 0.532407 0.0625 0.27963
1 0.511719 0.522222 0.084896 0.444444
1 0.480729 0.558796 0.103125 0.523148
1 0.407031 0.548611 0.108854 0.480556
1 0.960417 0.490741 0.054167 0.2
1 0.865104 0.574537 0.04375 0.169444
1 0.826042 0.518981 0.044792 0.262037
1 0.959635 0.480556 0.051562 0.203704
9 0.574479 0.407407 0.070833 0.492593
8 0.085417 0.590278 0.04375 0.20463
9 0.127344 0.569444 0.010937 0.407407
8 0.891667 0.489815 0.029167 0.107407
1 0.623177 0.51713 0.113021 0.471296
8 0.046615 0.578704 0.044271 0.235185
12 0.488542 0.531944 0.025 0.110185
