1 0.267188 0.523611 0.067708 0.310185
1 0.200521 0.539815 0.059375 0.281481
1 0.661719 0.575463 0.146354 0.649074
1 0.817187 0.525 0.148958 0.742593
1 0.697135 0.55787 0.030729 0.126852
1 0.713542 0.5125 0.045833 0.208333
1 0.710156 0.495833 0.082812 0.349074
9 0.574479 0.407407 0.070833 0.492593
8 0.079167 0.585648 0.04375 0.212037
9 0.127344 0.569444 0.010937 0.407407
8 0.892969 0.490741 0.025521 0.109259
8 0.045052 0.580556 0.044271 0.235185
12 0.48151 0.531944 0.023438 0.10463
12 0.522917 0.515741 0.061458 0.277778
