1 0.905729 0.493519 0.041667 0.22037
1 0.540104 0.536111 0.111458 0.475926
1 0.634896 0.510185 0.032292 0.17963
1 0.344792 0.541667 0.094792 0.516667
1 0.961458 0.504167 0.03125 0.171296
1 0.820312 0.497685 0.046875 0.247222
1 0.896094 0.509722 0.064062 0.25463
1 0.835417 0.508796 0.058333 0.243519
9 0.574479 0.407407 0.070833 0.492593
8 0.085417 0.590278 0.04375 0.20463
9 0.127344 0.569444 0.010937 0.407407
8 0.88724 0.489815 0.026562 0.107407
1 0.914323 0.493056 0.059896 0.256481
8 0.041667 0.577778 0.039583 0.233333
12 0.470312 0.538426 0.029167 0.115741
12 0.446354 0.529167 0.026042 0.086111
