1 0.272396 0.526389 0.065625 0.286111
1 0.204167 0.54213 0.047917 0.250926
1 0.735677 0.559259 0.126562 0.574074
1 0.865104 0.527778 0.121875 0.655556
1 0.698438 0.556481 0.029167 0.124074
1 0.71901 0.527315 0.044271 0.206481
1 0.645833 0.492593 0.090625 0.374074
9 0.574479 0.407407 0.070833 0.492593
8 0.079687 0.586111 0.04375 0.212963
9 0.127344 0.569444 0.010937 0.407407
8 0.892969 0.490741 0.026562 0.109259
8 0.045052 0.580556 0.044271 0.235185
12 0.482031 0.531944 0.024479 0.10463
12 0.438281 0.546296 0.034896 0.131481
12 0.44974 0.521759 0.067187 0.302778
