1 0.25 0.526852 0.058333 0.261111
1 0.163542 0.545833 0.053125 0.228704
1 0.813542 0.534259 0.122917 0.461111
1 0.930469 0.511574 0.107812 0.550926
1 0.697135 0.553704 0.025521 0.118519
1 0.71849 0.521296 0.042188 0.194444
1 0.497396 0.510185 0.142708 0.466667
9 0.574479 0.407407 0.070833 0.492593
8 0.080208 0.587037 0.04375 0.212963
9 0.127344 0.569444 0.010937 0.407407
8 0.892969 0.491204 0.028646 0.110185
8 0.044531 0.581019 0.044271 0.234259
12 0.480469 0.532407 0.026562 0.103704
12 0.489063 0.540278 0.032292 0.123148
