1 0.702083 0.502778 0.061458 0.3
1 0.654687 0.518519 0.065625 0.281481
1 0.740104 0.514352 0.065625 0.284259
1 0.847917 0.498148 0.064583 0.274074
1 0.792448 0.518056 0.049479 0.228704
1 0.684115 0.507407 0.071354 0.364815
1 0.751042 0.531481 0.091667 0.4
1 0.622656 0.527315 0.071354 0.375
1 0.995052 0.485185 0.031771 0.183333
1 0.910417 0.581019 0.053125 0.191667
1 0.859635 0.562037 0.065104 0.177778
9 0.574479 0.407407 0.070833 0.492593
8 0.085417 0.590278 0.04375 0.20463
9 0.127344 0.569444 0.010937 0.407407
8 0.890625 0.489815 0.029167 0.107407
1 0.760417 0.50787 0.079167 0.367593
8 0.047135 0.578241 0.044271 0.234259
12 0.498177 0.532407 0.025521 0.111111
12 0.536198 0.54213 0.044271 0.237963
12 0.429948 0.533333 0.069271 0.264815
