1 0.271094 0.527315 0.066146 0.284259
1 0.200521 0.54213 0.048958 0.249074
1 0.747135 0.557407 0.121354 0.561111
1 0.876823 0.52037 0.123437 0.640741
1 0.698698 0.556019 0.028646 0.123148
1 0.71875 0.525 0.04375 0.201852
1 0.633594 0.497685 0.102604 0.382407
9 0.574479 0.407407 0.070833 0.492593
8 0.079687 0.586111 0.04375 0.212963
9 0.127344 0.569444 0.010937 0.407407
8 0.892708 0.490741 0.027083 0.109259
8 0.045052 0.580556 0.044271 0.235185
12 0.482031 0.531944 0.024479 0.10463
12 0.445573 0.54537 0.034896 0.131481
12 0.431771 0.522685 0.071875 0.308333
