1 0.345052 0.534722 0.085938 0.380556
1 0.296094 0.556944 0.072396 0.384259
1 0.491667 0.525 0.097917 0.457407
1 0.420833 0.555556 0.096875 0.381481
1 0.085938 0.552778 0.122917 0.642593
1 0.790104 0.501852 0.063542 0.214815
1 0.048698 0.64537 0.310937 1.15
1 0.438542 0.529167 0.25625 1.247222
1 0.735156 0.568056 0.034896 0.143519
1 0.758594 0.518981 0.052604 0.232407
1 0.86849 0.487963 0.065104 0.238889
9 0.574479 0.407407 0.070833 0.492593
8 0.085417 0.590278 0.04375 0.20463
9 0.127344 0.569444 0.010937 0.407407
8 0.892448 0.490278 0.026562 0.108333
1 0.178125 0.560185 0.170833 0.72037
8 0.046094 0.57963 0.044271 0.235185
12 0.481771 0.532407 0.021875 0.107407
