1 0.226302 0.528704 0.057812 0.251852
1 0.128125 0.543981 0.05 0.215741
1 0.996354 0.488889 0.035417 0.168519
1 0.84375 0.534259 0.108333 0.427778
1 0.960938 0.510648 0.102083 0.497222
1 0.696875 0.553704 0.026042 0.118519
1 0.71901 0.521296 0.041146 0.194444
1 0.359375 0.512037 0.138542 0.527778
9 0.574479 0.407407 0.070833 0.492593
8 0.080729 0.5875 0.04375 0.212037
9 0.127344 0.569444 0.010937 0.407407
8 0.892708 0.490741 0.030208 0.111111
8 0.044531 0.581481 0.044271 0.235185
12 0.477344 0.531481 0.028646 0.101852
12 0.517188 0.535648 0.030208 0.113889
