1 0.26849 0.528704 0.064062 0.274074
1 0.191927 0.543519 0.052604 0.240741
1 0.776563 0.551852 0.117708 0.522222
1 0.907552 0.51713 0.126562 0.600926
1 0.698177 0.555093 0.027604 0.121296
1 0.718229 0.521296 0.042708 0.194444
1 0.580208 0.502315 0.117708 0.419444
9 0.574479 0.407407 0.070833 0.492593
8 0.079687 0.586574 0.04375 0.212037
9 0.127344 0.569444 0.010937 0.407407
8 0.892969 0.490741 0.027604 0.109259
8 0.045052 0.580556 0.044271 0.235185
12 0.482292 0.531944 0.025 0.10463
12 0.465365 0.543056 0.033854 0.128704
