1 0.861719 0.50463 0.036979 0.17963
1 0.373958 0.531944 0.092708 0.458333
1 0.278125 0.544444 0.122917 0.624074
1 0.81875 0.506481 0.052083 0.272222
1 0.710156 0.511111 0.041146 0.17963
1 0.971615 0.490278 0.041146 0.189815
1 0.73776 0.511574 0.047396 0.215741
1 0.779948 0.50787 0.049479 0.225
1 0.8125 0.510185 0.039583 0.175926
9 0.574479 0.407407 0.070833 0.492593
8 0.085417 0.590278 0.04375 0.20463
9 0.127344 0.569444 0.010937 0.407407
8 0.8875 0.489815 0.029167 0.107407
8 0.041406 0.580093 0.044271 0.234259
12 0.511458 0.537963 0.03125 0.112963
12 0.459896 0.546759 0.034375 0.123148
