1 0.45599 0.527315 0.074479 0.369444
1 0.617188 0.503704 0.044792 0.207407
1 0.476042 0.543519 0.104167 0.368519
1 0.654167 0.513889 0.077083 0.387037
1 0.592969 0.543056 0.071354 0.312037
1 0.36224 0.530093 0.102604 0.521296
1 0.233594 0.580556 0.156771 0.633333
1 0.17474 0.57037 0.167187 0.574074
1 0.885417 0.49537 0.05 0.209259
1 0.784115 0.573148 0.034896 0.155556
1 0.80651 0.519444 0.057812 0.25
1 0.919531 0.480556 0.056771 0.218519
9 0.574479 0.407407 0.070833 0.492593
8 0.085417 0.590278 0.04375 0.20463
9 0.127344 0.569444 0.010937 0.407407
8 0.892188 0.489815 0.028125 0.107407
1 0.460156 0.531944 0.134896 0.560185
8 0.046094 0.579167 0.044271 0.234259
12 0.482292 0.531944 0.025 0.110185
