1 0.561979 0.518056 0.065625 0.35463
1 0.653385 0.509259 0.052604 0.22963
1 0.603385 0.531019 0.070312 0.317593
1 0.742448 0.508333 0.065104 0.344444
1 0.692969 0.527778 0.050521 0.27037
1 0.533333 0.518981 0.08125 0.437963
1 0.511458 0.557407 0.1125 0.507407
1 0.433594 0.547685 0.076563 0.469444
1 0.966406 0.491204 0.045312 0.202778
1 0.880469 0.575463 0.051562 0.173148
1 0.826823 0.518981 0.045312 0.263889
1 0.964062 0.480556 0.051042 0.2
9 0.574479 0.407407 0.070833 0.492593
8 0.085417 0.590278 0.04375 0.20463
9 0.127344 0.569444 0.010937 0.407407
8 0.891667 0.489815 0.029167 0.107407
1 0.636198 0.515741 0.105729 0.462963
8 0.046615 0.578704 0.044271 0.235185
12 0.489323 0.531481 0.025521 0.111111
