1 0.29375 0.535185 0.084375 0.37037
1 0.222656 0.556481 0.075521 0.361111
1 0.339062 0.538889 0.09375 0.503704
1 0.280208 0.57963 0.104167 0.425926
1 0.747917 0.501852 0.058333 0.216667
1 0.369271 0.621296 0.205208 0.996296
1 0.593229 0.536111 0.211458 1.087037
1 0.711979 0.563889 0.035417 0.137037
1 0.745833 0.519907 0.048958 0.217593
1 0.832552 0.485185 0.067187 0.266667
9 0.574479 0.407407 0.070833 0.492593
8 0.083854 0.588889 0.04375 0.207407
9 0.127344 0.569444 0.010937 0.407407
8 0.892708 0.490278 0.026042 0.108333
8 0.045573 0.57963 0.044271 0.235185
12 0.48151 0.532407 0.023438 0.107407
