1 0.267708 0.528241 0.073958 0.332407
1 0.192969 0.543519 0.065104 0.318519
1 0.093229 0.559722 0.127083 0.593519
1 0.044271 0.606019 0.148958 0.493519
1 0.670312 0.496296 0.05625 0.22037
1 0.567187 0.597222 0.178125 0.77037
1 0.729948 0.548148 0.165104 0.874074
1 0.702604 0.556481 0.033333 0.131481
1 0.735417 0.511574 0.046875 0.212037
1 0.773438 0.489815 0.075 0.311111
9 0.574479 0.407407 0.070833 0.492593
8 0.079687 0.585648 0.04375 0.212037
9 0.127344 0.569444 0.010937 0.407407
8 0.892969 0.490278 0.025521 0.108333
8 0.045573 0.580093 0.044271 0.234259
12 0.48099 0.532407 0.025521 0.107407
