1 0.95625 0.490741 0.033333 0.188889
1 0.227604 0.569444 0.198958 0.768519
1 0.741146 0.508333 0.032292 0.17963
1 0.070573 0.562037 0.153646 0.611111
1 0.628906 0.516667 0.066146 0.348148
1 0.915625 0.494444 0.047917 0.214815
1 0.990625 0.49537 0.05 0.216667
1 0.942708 0.495833 0.045833 0.210185
1 0.967187 0.498148 0.067708 0.264815
1 0.990885 0.489352 0.042188 0.275
1 0.660937 0.513889 0.034375 0.161111
9 0.574479 0.407407 0.070833 0.492593
8 0.085417 0.590278 0.04375 0.20463
9 0.127344 0.569444 0.010937 0.407407
8 0.885677 0.489815 0.025521 0.107407
8 0.040104 0.577778 0.04375 0.233333
12 0.424479 0.533333 0.03125 0.116667
12 0.504948 0.528241 0.023438 0.082407
12 0.439062 0.528704 0.058333 0.275926
