1 0.552344 0.519444 0.066146 0.357407
1 0.652344 0.50787 0.051562 0.226852
1 0.590625 0.533333 0.072917 0.322222
1 0.735938 0.509259 0.065625 0.348148
1 0.679167 0.531481 0.0625 0.281481
1 0.516927 0.521296 0.083854 0.442593
1 0.488281 0.558333 0.105729 0.518519
1 0.413542 0.548148 0.101042 0.477778
1 0.961979 0.490278 0.052083 0.200926
1 0.869271 0.575 0.046875 0.17037
1 0.826042 0.518981 0.044792 0.262037
1 0.960677 0.481019 0.051562 0.202778
9 0.574479 0.407407 0.070833 0.492593
8 0.085417 0.590278 0.04375 0.20463
9 0.127344 0.569444 0.010937 0.407407
8 0.891667 0.489815 0.029167 0.107407
1 0.628646 0.518056 0.1125 0.469444
8 0.046615 0.578704 0.044271 0.235185
12 0.488802 0.531944 0.025521 0.110185
