1 0.865104 0.505093 0.036458 0.178704
1 0.38724 0.530093 0.098437 0.458333
1 0.297656 0.549074 0.148438 0.612963
1 0.822917 0.505556 0.052083 0.27037
1 0.716927 0.508796 0.036979 0.180556
1 0.973177 0.489352 0.042188 0.189815
1 0.73125 0.511111 0.044792 0.212963
1 0.773438 0.508333 0.048958 0.224074
1 0.81875 0.510185 0.039583 0.175926
9 0.574479 0.407407 0.070833 0.492593
8 0.085417 0.590278 0.04375 0.20463
9 0.127344 0.569444 0.010937 0.407407
8 0.8875 0.489815 0.029167 0.107407
8 0.041927 0.581019 0.044271 0.234259
12 0.514583 0.5375 0.03125 0.112037
12 0.46276 0.546296 0.033854 0.122222
