1 0.555469 0.518981 0.066146 0.356481
1 0.653125 0.508333 0.052083 0.227778
1 0.594792 0.532407 0.071875 0.32037
1 0.738021 0.508796 0.065625 0.347222
1 0.683594 0.52963 0.058854 0.277778
1 0.522396 0.52037 0.083333 0.440741
1 0.496094 0.55787 0.107812 0.515741
1 0.420312 0.547685 0.092708 0.475
1 0.963281 0.490741 0.049479 0.201852
1 0.873437 0.575463 0.05 0.171296
1 0.826562 0.519444 0.044792 0.262963
1 0.961719 0.480556 0.051562 0.201852
9 0.574479 0.407407 0.070833 0.492593
8 0.085417 0.590278 0.04375 0.20463
9 0.127344 0.569444 0.010937 0.407407
8 0.891667 0.489815 0.029167 0.107407
1 0.634115 0.518981 0.111979 0.467593
8 0.046615 0.578704 0.044271 0.235185
12 0.489063 0.531944 0.025 0.110185
