1 0.688542 0.503704 0.061458 0.305556
1 0.65625 0.518519 0.064583 0.277778
1 0.727083 0.516204 0.066667 0.287963
1 0.840104 0.503704 0.071875 0.283333
1 0.784635 0.519444 0.051562 0.231481
1 0.674219 0.510648 0.072396 0.369444
1 0.735677 0.535648 0.093229 0.408333
1 0.609115 0.528241 0.075521 0.382407
1 0.995573 0.482407 0.030729 0.181481
1 0.910156 0.581019 0.056771 0.191667
1 0.858073 0.558333 0.061979 0.185185
9 0.574479 0.407407 0.070833 0.492593
8 0.085417 0.590278 0.04375 0.20463
9 0.127344 0.569444 0.010937 0.407407
8 0.890625 0.489815 0.029167 0.107407
1 0.748958 0.506944 0.082292 0.373148
8 0.047135 0.578241 0.044271 0.234259
12 0.497656 0.531944 0.025521 0.112037
12 0.52526 0.541204 0.045312 0.239815
12 0.41901 0.536111 0.073438 0.266667
