1 0.269271 0.524074 0.067708 0.296296
1 0.204687 0.541204 0.047917 0.256481
1 0.729688 0.560185 0.129167 0.581481
1 0.859115 0.531481 0.121354 0.662963
1 0.698438 0.556481 0.029167 0.124074
1 0.718229 0.525463 0.044792 0.206481
1 0.652865 0.491667 0.088021 0.37037
9 0.574479 0.407407 0.070833 0.492593
8 0.079687 0.586111 0.04375 0.212963
9 0.127344 0.569444 0.010937 0.407407
8 0.892969 0.490741 0.026562 0.109259
8 0.045052 0.580556 0.044271 0.235185
12 0.481771 0.531944 0.023958 0.10463
12 0.434635 0.546759 0.034896 0.132407
12 0.458854 0.521296 0.064583 0.3
