1 0.685417 0.504167 0.061458 0.306481
1 0.65625 0.518056 0.064583 0.276852
1 0.723958 0.516667 0.066667 0.288889
1 0.835938 0.502778 0.06875 0.283333
1 0.782031 0.519444 0.049479 0.231481
1 0.671875 0.511111 0.072917 0.37037
1 0.730729 0.535648 0.09375 0.410185
1 0.605729 0.528704 0.077083 0.385185
1 0.995573 0.481481 0.030729 0.181481
1 0.910156 0.581019 0.057812 0.191667
1 0.857552 0.557407 0.060937 0.187037
9 0.574479 0.407407 0.070833 0.492593
8 0.085417 0.590278 0.04375 0.20463
9 0.127344 0.569444 0.010937 0.407407
8 0.890625 0.489815 0.029167 0.107407
1 0.745833 0.505093 0.084375 0.376852
8 0.047135 0.578241 0.044271 0.234259
12 0.497656 0.531481 0.025521 0.111111
12 0.522396 0.540741 0.045833 0.240741
