1 0.480469 0.525 0.072396 0.368519
1 0.638021 0.506944 0.051042 0.215741
1 0.504167 0.538426 0.073958 0.352778
1 0.683594 0.512963 0.071354 0.375926
1 0.619792 0.536111 0.060417 0.301852
1 0.410677 0.526852 0.113021 0.492593
1 0.31276 0.577778 0.143229 0.596296
1 0.238802 0.560185 0.098437 0.546296
1 0.907552 0.493981 0.044271 0.208333
1 0.79974 0.572685 0.041146 0.158333
1 0.815625 0.519444 0.053125 0.253704
1 0.930208 0.480556 0.055208 0.214815
9 0.574479 0.407407 0.070833 0.492593
8 0.085417 0.590278 0.04375 0.20463
9 0.127344 0.569444 0.010937 0.407407
8 0.891927 0.489815 0.028646 0.107407
1 0.497917 0.519907 0.095833 0.534259
8 0.046615 0.579167 0.044271 0.234259
12 0.483854 0.531944 0.025 0.110185
12 0.066667 0.579167 0.059375 0.341667
12 0.038542 0.588889 0.05 0.32037
