1 0.884375 0.502778 0.033333 0.17963
1 0.428906 0.525 0.073438 0.435185
1 0.415365 0.54537 0.135937 0.544444
1 0.853385 0.5 0.047396 0.257407
1 0.764323 0.514815 0.048438 0.183333
1 0.979948 0.486574 0.038021 0.175
1 0.690625 0.511111 0.042708 0.2
1 0.72474 0.509722 0.051562 0.210185
1 0.861979 0.509722 0.040625 0.178704
1 0.984635 0.492593 0.065104 0.288889
9 0.574479 0.407407 0.070833 0.492593
8 0.085417 0.590278 0.04375 0.20463
9 0.127344 0.569444 0.010937 0.407407
8 0.8875 0.489815 0.029167 0.107407
8 0.041927 0.581019 0.044271 0.234259
12 0.483333 0.543519 0.03125 0.12037
