1 0.930729 0.492593 0.038542 0.207407
1 0.450521 0.548611 0.129167 0.565741
1 0.677604 0.510185 0.032292 0.17963
1 0.475 0.530556 0.083333 0.442593
1 0.983333 0.501852 0.03125 0.166667
1 0.865625 0.496759 0.053125 0.237963
1 0.932031 0.50463 0.061979 0.237037
1 0.877604 0.50463 0.053125 0.227778
9 0.574479 0.407407 0.070833 0.492593
8 0.085417 0.590278 0.04375 0.20463
9 0.127344 0.569444 0.010937 0.407407
8 0.886458 0.489815 0.026042 0.107407
1 0.958594 0.485648 0.064062 0.237963
8 0.040625 0.577778 0.039583 0.233333
12 0.450781 0.535648 0.030729 0.115741
12 0.470573 0.530093 0.024479 0.084259
