1 0.263281 0.521759 0.053646 0.313889
1 0.193229 0.537963 0.061458 0.27963
1 0.649479 0.584259 0.139583 0.668519
1 0.797656 0.525926 0.151562 0.762963
1 0.697135 0.558333 0.030729 0.127778
1 0.718229 0.511111 0.045833 0.209259
1 0.72526 0.493056 0.077604 0.341667
9 0.574479 0.407407 0.070833 0.492593
8 0.079167 0.585648 0.04375 0.212037
9 0.127344 0.569444 0.010937 0.407407
8 0.892969 0.490741 0.025521 0.109259
8 0.045052 0.580093 0.044271 0.234259
12 0.48125 0.531944 0.023958 0.10463
12 0.540104 0.513889 0.060417 0.272222
