1 0.936979 0.494444 0.036458 0.203704
1 0.409375 0.558796 0.142708 0.608333
1 0.694271 0.508333 0.032292 0.17963
1 0.525 0.529167 0.085417 0.40463
1 0.991667 0.5 0.03125 0.164815
1 0.879687 0.495833 0.052083 0.232407
1 0.946875 0.503241 0.060417 0.230556
1 0.89375 0.502778 0.05 0.224074
9 0.574479 0.407407 0.070833 0.492593
8 0.085417 0.590278 0.04375 0.20463
9 0.127344 0.569444 0.010937 0.407407
8 0.886458 0.489815 0.026042 0.107407
1 0.971354 0.4875 0.055208 0.230556
8 0.040625 0.577778 0.040625 0.233333
12 0.442448 0.533796 0.030729 0.115741
12 0.479687 0.530556 0.023958 0.083333
