1 0.856771 0.505093 0.038542 0.178704
1 0.352865 0.533796 0.092188 0.462037
1 0.204948 0.556019 0.180729 0.65463
1 0.805729 0.509259 0.053125 0.277778
1 0.695052 0.508333 0.047396 0.177778
1 0.967448 0.4875 0.040104 0.193519
1 0.756771 0.509722 0.048958 0.223148
1 0.8 0.507407 0.052083 0.22963
1 0.794271 0.511111 0.038542 0.174074
9 0.574479 0.407407 0.070833 0.492593
8 0.085417 0.590278 0.04375 0.20463
9 0.127344 0.569444 0.010937 0.407407
8 0.8875 0.489815 0.029167 0.107407
8 0.041406 0.580093 0.044271 0.234259
12 0.501302 0.540278 0.031771 0.113889
12 0.450781 0.547222 0.034896 0.124074
