1 0.26901 0.523611 0.063021 0.293519
1 0.204948 0.540741 0.048438 0.259259
1 0.726823 0.560648 0.130729 0.584259
1 0.85625 0.533333 0.120833 0.666667
1 0.698438 0.556481 0.029167 0.124074
1 0.717969 0.524537 0.044271 0.206481
1 0.656771 0.49213 0.0875 0.369444
9 0.574479 0.407407 0.070833 0.492593
8 0.079687 0.585648 0.04375 0.212037
9 0.127344 0.569444 0.010937 0.407407
8 0.892969 0.490741 0.026562 0.109259
8 0.045052 0.580556 0.044271 0.235185
12 0.481771 0.531944 0.023958 0.10463
12 0.432812 0.546759 0.035417 0.132407
12 0.463021 0.52037 0.064583 0.298148
