1 0.746094 0.503704 0.057812 0.275926
1 0.644792 0.519444 0.065625 0.296296
1 0.794531 0.510185 0.059896 0.272222
1 0.897396 0.493519 0.077083 0.262963
1 0.826562 0.512963 0.040625 0.218519
1 0.715625 0.509259 0.065625 0.335185
1 0.78125 0.524074 0.083333 0.37037
1 0.660156 0.524537 0.075521 0.34537
1 1.00026 0.486111 0.034896 0.174074
1 0.903906 0.58287 0.051562 0.191667
1 0.852865 0.539352 0.056771 0.232407
9 0.574479 0.407407 0.070833 0.492593
8 0.085417 0.590278 0.04375 0.20463
9 0.127344 0.569444 0.010937 0.407407
8 0.890104 0.489815 0.028125 0.107407
1 0.78099 0.503704 0.075521 0.340741
8 0.047135 0.578241 0.044271 0.234259
12 0.498698 0.533796 0.025521 0.112037
12 0.477865 0.532407 0.068229 0.259259
