1 0.951823 0.492593 0.032813 0.192593
1 0.283073 0.562037 0.153646 0.727778
1 0.730729 0.508333 0.032292 0.17963
1 0.04401 0.566667 0.156771 0.622222
1 0.603906 0.521296 0.075521 0.355556
1 0.909635 0.493981 0.048438 0.215741
1 0.976562 0.499537 0.053125 0.217593
1 0.932031 0.497685 0.046354 0.213889
1 0.985938 0.493981 0.047917 0.267593
1 0.65 0.513889 0.033333 0.161111
9 0.574479 0.407407 0.070833 0.492593
8 0.085417 0.590278 0.04375 0.20463
9 0.127344 0.569444 0.010937 0.407407
8 0.885677 0.489815 0.025521 0.107407
1 1.003906 0.485185 0.054688 0.225926
8 0.040365 0.577778 0.043229 0.233333
12 0.427865 0.533333 0.031771 0.116667
12 0.499219 0.529167 0.023438 0.082407
12 0.421094 0.531019 0.074479 0.289815
