1 0.275 0.533333 0.079167 0.351852
1 0.195573 0.537963 0.070312 0.324074
1 0.177083 0.549537 0.148958 0.565741
1 0.122135 0.584722 0.120313 0.463889
1 0.690365 0.5 0.054688 0.218519
1 0.518229 0.616204 0.180208 0.841667
1 0.69375 0.548148 0.182292 0.948148
1 0.705208 0.558333 0.034375 0.133333
1 0.735677 0.515741 0.047396 0.212963
1 0.798438 0.487963 0.073958 0.296296
9 0.574479 0.407407 0.070833 0.492593
8 0.080729 0.586574 0.04375 0.212037
9 0.127344 0.569444 0.010937 0.407407
8 0.892969 0.490278 0.025521 0.108333
8 0.045573 0.580093 0.044271 0.234259
12 0.48125 0.532407 0.025 0.107407
12 0.046354 0.597222 0.060417 0.381481
