1 0.270052 0.526852 0.067187 0.285185
1 0.199219 0.541667 0.049479 0.25
1 0.75026 0.556944 0.120313 0.558333
1 0.879948 0.518519 0.123437 0.637037
1 0.698698 0.556019 0.028646 0.123148
1 0.71849 0.524537 0.043229 0.200926
1 0.630729 0.499537 0.105208 0.384259
9 0.574479 0.407407 0.070833 0.492593
8 0.079687 0.586574 0.04375 0.212037
9 0.127344 0.569444 0.010937 0.407407
8 0.892969 0.490741 0.027604 0.109259
8 0.045052 0.580556 0.044271 0.235185
12 0.482031 0.531944 0.024479 0.10463
12 0.447396 0.54537 0.034375 0.131481
12 0.427344 0.522685 0.073438 0.310185
