1 0.959896 0.489815 0.032292 0.187037
1 0.194271 0.562963 0.180208 0.785185
1 0.749479 0.508333 0.032292 0.17963
1 0.085677 0.553704 0.144271 0.6
1 0.647135 0.52037 0.083854 0.333333
1 0.920312 0.493519 0.046875 0.212963
1 0.992969 0.496759 0.056771 0.217593
1 0.94974 0.494444 0.045312 0.207407
1 0.953906 0.498611 0.071354 0.263889
1 0.986458 0.485648 0.055208 0.267593
1 0.670312 0.512963 0.034375 0.162963
9 0.574479 0.407407 0.070833 0.492593
8 0.085417 0.590278 0.04375 0.20463
9 0.127344 0.569444 0.010937 0.407407
8 0.885417 0.489815 0.025 0.107407
8 0.040104 0.577778 0.04375 0.233333
12 0.421615 0.534259 0.031771 0.116667
12 0.509115 0.527778 0.023438 0.081481
12 0.452344 0.528241 0.054688 0.267593
