1 0.2625 0.525 0.055208 0.292593
1 0.201563 0.542593 0.053125 0.274074
1 0.674219 0.56713 0.152604 0.630556
1 0.828125 0.527778 0.140625 0.72037
1 0.697396 0.557407 0.030208 0.125926
1 0.714844 0.516204 0.045312 0.208333
1 0.694792 0.494907 0.084375 0.35463
9 0.574479 0.407407 0.070833 0.492593
8 0.079167 0.585648 0.04375 0.212037
9 0.127344 0.569444 0.010937 0.407407
8 0.892708 0.490741 0.026042 0.109259
8 0.045052 0.580556 0.044271 0.235185
12 0.48151 0.531944 0.023438 0.10463
12 0.505729 0.516667 0.0625 0.283333
