1 0.269271 0.52963 0.067708 0.277778
1 0.191927 0.542593 0.052604 0.242593
1 0.774479 0.552315 0.115625 0.526852
1 0.904687 0.517593 0.127083 0.603704
1 0.698177 0.555093 0.027604 0.121296
1 0.718229 0.521296 0.042708 0.194444
1 0.585417 0.500926 0.113542 0.416667
9 0.574479 0.407407 0.070833 0.492593
8 0.079687 0.586574 0.04375 0.212037
9 0.127344 0.569444 0.010937 0.407407
8 0.892969 0.490741 0.027604 0.109259
8 0.045052 0.580556 0.044271 0.235185
12 0.482292 0.531944 0.025 0.10463
12 0.463281 0.543519 0.033854 0.12963
12 0.38724 0.525926 0.084896 0.324074
