1 0.532292 0.522222 0.066667 0.362963
1 0.648958 0.507407 0.051042 0.222222
1 0.564063 0.535648 0.079167 0.330556
1 0.721615 0.509722 0.067187 0.35463
1 0.66875 0.531944 0.05625 0.282407
1 0.493229 0.518519 0.077083 0.455556
1 0.433594 0.561574 0.144271 0.536111
1 0.378906 0.550463 0.130729 0.49537
1 0.947396 0.49213 0.05 0.200926
1 0.848177 0.574074 0.041146 0.166667
1 0.824479 0.519444 0.044792 0.261111
1 0.952865 0.480556 0.052604 0.207407
9 0.574479 0.407407 0.070833 0.492593
8 0.085417 0.590278 0.04375 0.20463
9 0.127344 0.569444 0.010937 0.407407
8 0.891927 0.489815 0.028646 0.107407
1 0.591667 0.513889 0.107292 0.483333
8 0.046615 0.578704 0.044271 0.235185
12 0.4875 0.531944 0.025 0.110185
