1 0.292708 0.536111 0.083333 0.364815
1 0.216667 0.55 0.075 0.344444
1 0.29349 0.550926 0.126562 0.525926
1 0.229948 0.575926 0.096354 0.438889
1 0.721875 0.5 0.051042 0.218519
1 0.420312 0.618056 0.201042 0.94537
1 0.629427 0.538889 0.209896 1.040741
1 0.708594 0.561111 0.035937 0.137037
1 0.740365 0.52037 0.048438 0.214815
1 0.81875 0.489815 0.077083 0.272222
9 0.574479 0.407407 0.070833 0.492593
8 0.082812 0.587963 0.04375 0.209259
9 0.127344 0.569444 0.010937 0.407407
8 0.892708 0.490278 0.026042 0.108333
8 0.045573 0.57963 0.044271 0.235185
12 0.48125 0.532407 0.023958 0.107407
