1 0.514844 0.524074 0.069271 0.368519
1 0.645312 0.507407 0.051042 0.222222
1 0.542188 0.537963 0.083333 0.338889
1 0.718229 0.509259 0.084375 0.359259
1 0.651042 0.534259 0.055208 0.290741
1 0.467187 0.525 0.088542 0.472222
1 0.393229 0.562037 0.121875 0.546296
1 0.327865 0.555093 0.082812 0.513889
1 0.936979 0.494444 0.044792 0.203704
1 0.834115 0.574074 0.047396 0.164815
1 0.823177 0.519444 0.044271 0.259259
1 0.945312 0.481019 0.053125 0.210185
9 0.574479 0.407407 0.070833 0.492593
8 0.085417 0.590278 0.04375 0.20463
9 0.127344 0.569444 0.010937 0.407407
8 0.891927 0.489815 0.028646 0.107407
1 0.560677 0.517593 0.105729 0.5
8 0.046615 0.579167 0.044271 0.234259
12 0.486198 0.531944 0.025521 0.110185
12 0.127604 0.571759 0.058333 0.323148
12 0.090365 0.587037 0.049479 0.3
