1 0.321875 0.536574 0.0875 0.378704
1 0.266927 0.55463 0.071354 0.372222
1 0.453906 0.527778 0.098437 0.474074
1 0.383073 0.558796 0.079687 0.389815
1 0.026562 0.55463 0.120833 0.67037
1 0.773958 0.499074 0.05 0.216667
1 0.185417 0.637963 0.275 1.107407
1 0.498698 0.530093 0.232813 1.199074
1 0.726042 0.56713 0.034375 0.139815
1 0.754427 0.519444 0.050521 0.22963
1 0.859635 0.487037 0.065104 0.244444
9 0.574479 0.407407 0.070833 0.492593
8 0.085417 0.590278 0.04375 0.20463
9 0.127344 0.569444 0.010937 0.407407
8 0.892448 0.490278 0.026562 0.108333
1 0.113021 0.566204 0.19375 0.752778
8 0.046094 0.57963 0.044271 0.235185
12 0.48151 0.532407 0.022396 0.107407
