1 0.575521 0.51713 0.065625 0.349074
1 0.653906 0.510648 0.053646 0.234259
1 0.617188 0.529167 0.069792 0.313889
1 0.751823 0.507407 0.063021 0.338889
1 0.703906 0.52963 0.051562 0.266667
1 0.557552 0.514815 0.083854 0.427778
1 0.544792 0.55 0.108333 0.492593
1 0.464844 0.548148 0.091146 0.457407
1 0.975 0.491667 0.046875 0.2
1 0.890885 0.574537 0.043229 0.178704
1 0.827865 0.518519 0.045312 0.264815
1 0.96875 0.481481 0.05 0.196296
9 0.574479 0.407407 0.070833 0.492593
8 0.085417 0.590278 0.04375 0.20463
9 0.127344 0.569444 0.010937 0.407407
8 0.891667 0.489815 0.029167 0.107407
1 0.644792 0.512037 0.096875 0.453704
8 0.046615 0.578241 0.044271 0.234259
12 0.490365 0.531481 0.025521 0.111111
