1 0.266927 0.526389 0.053646 0.262037
1 0.189062 0.542593 0.052083 0.235185
1 0.782292 0.549537 0.123958 0.510185
1 0.915104 0.515741 0.123958 0.590741
1 0.697917 0.55463 0.027083 0.12037
1 0.718229 0.521296 0.042708 0.194444
1 0.564323 0.505556 0.129688 0.425926
9 0.574479 0.407407 0.070833 0.492593
8 0.080208 0.586574 0.04375 0.212037
9 0.127344 0.569444 0.010937 0.407407
8 0.892708 0.491204 0.028125 0.110185
8 0.044531 0.580556 0.044271 0.235185
12 0.482292 0.531944 0.025 0.10463
12 0.470573 0.542593 0.033854 0.127778
