1 0.929688 0.49213 0.038542 0.208333
1 0.454167 0.551852 0.129167 0.562963
1 0.675521 0.510185 0.032292 0.17963
1 0.470052 0.531481 0.082812 0.444444
1 0.982292 0.501852 0.03125 0.166667
1 0.864062 0.497222 0.053125 0.238889
1 0.930469 0.505093 0.061979 0.237963
1 0.875521 0.50463 0.053125 0.227778
9 0.574479 0.407407 0.070833 0.492593
8 0.085417 0.590278 0.04375 0.20463
9 0.127344 0.569444 0.010937 0.407407
8 0.886719 0.489815 0.026562 0.107407
1 0.957031 0.485648 0.064062 0.239815
8 0.040625 0.577778 0.039583 0.233333
12 0.451823 0.535648 0.030729 0.115741
12 0.469531 0.530093 0.024479 0.084259
