1 0.880729 0.497685 0.044792 0.228704
1 0.589323 0.530556 0.086979 0.416667
1 0.184896 0.561111 0.140625 0.611111
1 0.913542 0.500926 0.047917 0.212963
1 0.973958 0.484259 0.033333 0.22037
1 0.941146 0.507407 0.034375 0.185185
1 0.788281 0.500926 0.053646 0.264815
1 0.865625 0.512963 0.066667 0.268519
1 0.801302 0.512963 0.063021 0.255556
1 0.980729 0.583796 0.061458 0.212037
1 0.979948 0.508796 0.065104 0.319444
9 0.574479 0.407407 0.070833 0.492593
8 0.085417 0.590278 0.04375 0.20463
9 0.127344 0.569444 0.010937 0.407407
8 0.888021 0.489815 0.027083 0.107407
1 0.878906 0.495833 0.061979 0.269444
8 0.042969 0.577778 0.040104 0.233333
12 0.48151 0.536111 0.026562 0.112963
12 0.427083 0.528241 0.027083 0.087963
