1 0.282813 0.534259 0.077083 0.357407
1 0.208333 0.539815 0.072917 0.335185
1 0.245312 0.546759 0.121875 0.547222
1 0.186979 0.583796 0.094792 0.449074
1 0.708854 0.5 0.053125 0.218519
1 0.467969 0.621296 0.183854 0.901852
1 0.660156 0.539815 0.198437 1.001852
1 0.707031 0.560185 0.034896 0.135185
1 0.735938 0.519444 0.047917 0.212963
1 0.814844 0.483796 0.069271 0.284259
9 0.574479 0.407407 0.070833 0.492593
8 0.081771 0.5875 0.04375 0.210185
9 0.127344 0.569444 0.010937 0.407407
8 0.892708 0.490278 0.026042 0.108333
8 0.045573 0.57963 0.044271 0.235185
12 0.48151 0.532407 0.024479 0.107407
12 0.085156 0.592593 0.060937 0.348148
