1 0.889583 0.496296 0.04375 0.225926
1 0.576042 0.53287 0.096875 0.441667
1 0.616146 0.5125 0.033333 0.180556
1 0.255208 0.555556 0.122917 0.592593
1 0.920833 0.503704 0.040625 0.207407
1 0.948698 0.505556 0.033854 0.17963
1 0.800781 0.5 0.057812 0.257407
1 0.876563 0.510648 0.065625 0.263889
1 0.813542 0.511111 0.060417 0.251852
1 0.995833 0.507407 0.061458 0.32963
9 0.574479 0.407407 0.070833 0.492593
8 0.085417 0.590278 0.04375 0.20463
9 0.127344 0.569444 0.010937 0.407407
8 0.88776 0.489815 0.026562 0.107407
1 0.891406 0.494907 0.060937 0.263889
8 0.042448 0.577778 0.040104 0.233333
12 0.477604 0.536574 0.028125 0.113889
12 0.433594 0.528704 0.026562 0.087037
