1 0.266146 0.527778 0.070833 0.325926
1 0.195833 0.541667 0.064583 0.309259
1 0.071354 0.562037 0.116667 0.605556
1 0.026042 0.603241 0.135417 0.487963
1 0.664062 0.494444 0.05625 0.22037
1 0.575781 0.590741 0.175521 0.755556
1 0.736979 0.542593 0.1625 0.855556
1 0.702604 0.555556 0.03125 0.131481
1 0.735417 0.510648 0.046875 0.212037
1 0.767969 0.489352 0.074479 0.315741
9 0.574479 0.407407 0.070833 0.492593
8 0.079687 0.585648 0.04375 0.212037
9 0.127344 0.569444 0.010937 0.407407
8 0.892969 0.490278 0.025521 0.108333
8 0.045573 0.580093 0.044271 0.234259
12 0.48099 0.532407 0.025521 0.107407
