1 0.269792 0.526852 0.075 0.344444
1 0.192448 0.540278 0.069271 0.325
1 0.156771 0.553704 0.179167 0.575926
1 0.092708 0.58287 0.084375 0.469444
1 0.685417 0.499537 0.055208 0.219444
1 0.53724 0.612037 0.181771 0.816667
1 0.70651 0.552315 0.175521 0.925
1 0.704167 0.557407 0.034375 0.133333
1 0.735677 0.514815 0.047396 0.212963
1 0.790625 0.490741 0.077083 0.3
9 0.574479 0.407407 0.070833 0.492593
8 0.080208 0.586574 0.04375 0.212037
9 0.127344 0.569444 0.010937 0.407407
8 0.892969 0.490278 0.025521 0.108333
8 0.045573 0.580093 0.044271 0.234259
12 0.48125 0.532407 0.025 0.107407
12 0.029948 0.599537 0.060937 0.39537
