1 0.48724 0.525 0.071354 0.368519
1 0.639062 0.506481 0.051042 0.216667
1 0.509896 0.540741 0.079167 0.353704
1 0.69375 0.5125 0.075 0.373148
1 0.626823 0.535185 0.057812 0.3
1 0.426823 0.527315 0.128646 0.482407
1 0.327083 0.575926 0.14375 0.587037
1 0.264323 0.561111 0.128646 0.538889
1 0.911979 0.494444 0.044792 0.207407
1 0.80625 0.572685 0.046875 0.160185
1 0.817708 0.519444 0.051042 0.255556
1 0.933073 0.481019 0.054688 0.213889
9 0.574479 0.407407 0.070833 0.492593
8 0.085417 0.590278 0.04375 0.20463
9 0.127344 0.569444 0.010937 0.407407
8 0.891927 0.489815 0.028646 0.107407
1 0.513542 0.519444 0.101042 0.527778
8 0.046615 0.579167 0.044271 0.234259
12 0.484375 0.531944 0.025 0.110185
12 0.080729 0.578704 0.059375 0.335185
12 0.050521 0.585648 0.05 0.313889
