1 0.365625 0.533333 0.083333 0.377778
1 0.327083 0.554167 0.083333 0.376852
1 0.540885 0.523611 0.107812 0.437963
1 0.460938 0.553241 0.076042 0.367593
1 0.147396 0.543981 0.121875 0.606481
1 0.805208 0.498611 0.042708 0.215741
1 0.361458 0.528704 0.285417 1.296296
1 0.74401 0.568519 0.034896 0.146296
1 0.763281 0.519444 0.055729 0.233333
1 0.876563 0.48287 0.061458 0.239815
9 0.574479 0.407407 0.070833 0.492593
8 0.085417 0.590278 0.04375 0.20463
9 0.127344 0.569444 0.010937 0.407407
8 0.892188 0.490278 0.027083 0.108333
1 0.23151 0.553241 0.176563 0.676852
8 0.046094 0.579167 0.044271 0.234259
12 0.482031 0.532407 0.021354 0.107407
