1 0.867969 0.499074 0.046354 0.233333
1 0.609115 0.527315 0.082812 0.393519
1 0.10599 0.573611 0.177604 0.675
1 0.902083 0.502778 0.052083 0.227778
1 0.966667 0.485185 0.035417 0.222222
1 0.930208 0.507407 0.035417 0.192593
1 0.769792 0.504167 0.055208 0.276852
1 0.841927 0.514352 0.066146 0.280556
1 0.785156 0.514352 0.064062 0.262037
1 0.950521 0.58287 0.055208 0.208333
1 0.964583 0.513889 0.080208 0.309259
9 0.574479 0.407407 0.070833 0.492593
8 0.085417 0.590278 0.04375 0.20463
9 0.127344 0.569444 0.010937 0.407407
8 0.888281 0.489815 0.027604 0.107407
1 0.86224 0.496759 0.063021 0.275
8 0.04349 0.577778 0.041146 0.233333
12 0.48724 0.535648 0.025521 0.112037
12 0.417969 0.528241 0.027604 0.087963
