1 0.882812 0.50463 0.033333 0.17963
1 0.425521 0.525926 0.073958 0.437037
1 0.407812 0.54537 0.132292 0.55
1 0.851042 0.499537 0.047917 0.258333
1 0.760417 0.515741 0.048958 0.183333
1 0.979427 0.486574 0.038021 0.176852
1 0.694271 0.511111 0.046875 0.2
1 0.726042 0.509259 0.051042 0.211111
1 0.858854 0.509259 0.040625 0.177778
1 0.986719 0.492593 0.065104 0.288889
9 0.574479 0.407407 0.070833 0.492593
8 0.085417 0.590278 0.04375 0.20463
9 0.127344 0.569444 0.010937 0.407407
8 0.8875 0.489815 0.029167 0.107407
8 0.041927 0.581019 0.044271 0.234259
12 0.482031 0.543519 0.031771 0.12037
