1 0.975781 0.485648 0.028646 0.175
1 -0.05 0.588426 0.247917 1.002778
1 0.789844 0.506944 0.040104 0.178704
1 0.210156 0.546296 0.102604 0.55
1 0.716146 0.510648 0.063542 0.310185
1 0.610156 0.514815 0.030729 0.172222
1 0.942448 0.489815 0.044271 0.201852
1 0.964844 0.494907 0.040104 0.200926
1 0.870573 0.502778 0.052604 0.251852
1 0.916406 0.493981 0.079687 0.25463
1 0.7125 0.5125 0.036458 0.165741
9 0.574479 0.407407 0.070833 0.492593
8 0.085417 0.590278 0.04375 0.20463
9 0.127344 0.569444 0.010937 0.407407
8 0.885937 0.489815 0.026042 0.107407
8 0.040365 0.578241 0.044271 0.234259
12 0.529948 0.522685 0.023438 0.082407
12 0.515625 0.531019 0.061458 0.252778
12 0.445052 0.539815 0.027604 0.124074
