1 0.661979 0.506481 0.0625 0.314815
1 0.65625 0.516667 0.0625 0.266667
1 0.701042 0.518981 0.066667 0.293519
1 0.811719 0.501389 0.056771 0.300926
1 0.764323 0.522685 0.045312 0.236111
1 0.648958 0.510185 0.066667 0.385185
1 0.694792 0.534722 0.095833 0.426852
1 0.597396 0.533796 0.089583 0.39537
1 0.997917 0.484259 0.0375 0.188889
1 0.915104 0.581944 0.058333 0.191667
1 0.852865 0.546296 0.058854 0.209259
1 0.997135 0.475926 0.045312 0.174074
9 0.574479 0.407407 0.070833 0.492593
8 0.085417 0.590278 0.04375 0.20463
9 0.127344 0.569444 0.010937 0.407407
8 0.891146 0.489815 0.029167 0.107407
1 0.72474 0.500926 0.092188 0.392593
8 0.047135 0.578241 0.044271 0.234259
12 0.496094 0.531481 0.025521 0.111111
12 0.503385 0.538889 0.047396 0.244444
