1 0.279687 0.53287 0.071875 0.35463
1 0.20651 0.539352 0.072396 0.332407
1 0.232292 0.541667 0.10625 0.55
1 0.177604 0.590741 0.105208 0.451852
1 0.70625 0.5 0.053125 0.218519
1 0.477344 0.622222 0.180729 0.892593
1 0.666146 0.539815 0.195833 0.994444
1 0.706771 0.560185 0.035417 0.135185
1 0.735938 0.518981 0.047917 0.213889
1 0.814063 0.483333 0.067708 0.287037
9 0.574479 0.407407 0.070833 0.492593
8 0.08125 0.587037 0.04375 0.211111
9 0.127344 0.569444 0.010937 0.407407
8 0.892708 0.490278 0.026042 0.108333
8 0.045573 0.580093 0.044271 0.234259
12 0.48151 0.532407 0.024479 0.107407
12 0.079687 0.593056 0.060417 0.352778
