1 0.507812 0.526852 0.069792 0.374074
1 0.64375 0.507407 0.051042 0.22037
1 0.533333 0.539352 0.084375 0.343519
1 0.71276 0.510185 0.083854 0.362963
1 0.645833 0.536574 0.057292 0.293519
1 0.454167 0.525 0.10625 0.474074
1 0.378125 0.562037 0.105208 0.55
1 0.313281 0.556944 0.100521 0.519444
1 0.930729 0.493981 0.044792 0.20463
1 0.826823 0.573611 0.050521 0.163889
1 0.822656 0.519444 0.044271 0.259259
1 0.942448 0.480556 0.053646 0.211111
9 0.574479 0.407407 0.070833 0.492593
8 0.085417 0.590278 0.04375 0.20463
9 0.127344 0.569444 0.010937 0.407407
8 0.891927 0.489815 0.028646 0.107407
1 0.552083 0.523148 0.116667 0.507407
8 0.046615 0.579167 0.044271 0.234259
12 0.485937 0.531944 0.025 0.110185
12 0.116667 0.574074 0.058333 0.325926
12 0.08099 0.585648 0.049479 0.302778
