1 0.272135 0.527315 0.066146 0.282407
1 0.201563 0.54213 0.048958 0.249074
1 0.744271 0.558333 0.122917 0.564815
1 0.873958 0.522222 0.122917 0.644444
1 0.698698 0.556019 0.028646 0.123148
1 0.71875 0.525463 0.04375 0.202778
1 0.636719 0.496759 0.099479 0.380556
9 0.574479 0.407407 0.070833 0.492593
8 0.079687 0.586111 0.04375 0.212963
9 0.127344 0.569444 0.010937 0.407407
8 0.892708 0.490741 0.027083 0.109259
8 0.045052 0.580556 0.044271 0.235185
12 0.482031 0.531944 0.024479 0.10463
12 0.44349 0.54537 0.034896 0.131481
12 0.436198 0.522222 0.071354 0.307407
