1 0.770312 0.505093 0.054167 0.260185
1 0.640104 0.518519 0.071875 0.307407
1 0.821094 0.509722 0.055729 0.262037
1 0.907813 0.494907 0.057292 0.249074
1 0.845833 0.5125 0.039583 0.213889
1 0.722656 0.50463 0.067187 0.316667
1 0.794531 0.52037 0.084896 0.35
1 0.684115 0.522222 0.073438 0.327778
1 1.000521 0.483796 0.033333 0.171296
1 0.896875 0.582407 0.05625 0.190741
1 0.854948 0.52037 0.050521 0.262963
9 0.574479 0.407407 0.070833 0.492593
8 0.085417 0.590278 0.04375 0.20463
9 0.127344 0.569444 0.010937 0.407407
8 0.889583 0.489815 0.028125 0.107407
1 0.789583 0.501852 0.073958 0.325926
8 0.047135 0.577778 0.044271 0.233333
12 0.498177 0.53287 0.025521 0.112037
12 0.511458 0.52963 0.065625 0.255556
