1 0.726823 0.502778 0.058854 0.285185
1 0.649219 0.518519 0.068229 0.290741
1 0.771354 0.511111 0.063542 0.277778
1 0.863802 0.493981 0.051562 0.263889
1 0.810417 0.514352 0.041667 0.223148
1 0.702865 0.509259 0.057812 0.348148
1 0.774219 0.525 0.086979 0.383333
1 0.645052 0.522685 0.067187 0.358333
1 0.998177 0.486574 0.032813 0.178704
1 0.908073 0.581019 0.049479 0.191667
1 0.85599 0.55 0.060937 0.205556
9 0.574479 0.407407 0.070833 0.492593
8 0.085417 0.590278 0.04375 0.20463
9 0.127344 0.569444 0.010937 0.407407
8 0.890365 0.489815 0.028646 0.107407
1 0.773438 0.505093 0.077083 0.352778
8 0.047135 0.578241 0.044271 0.234259
12 0.499219 0.533796 0.025521 0.112037
12 0.45651 0.531481 0.065104 0.261111
