1 0.273177 0.531019 0.077604 0.349074
1 0.194531 0.538889 0.070312 0.324074
1 0.167187 0.550926 0.165625 0.568519
1 0.1125 0.583796 0.108333 0.465741
1 0.688021 0.5 0.055208 0.218519
1 0.52474 0.614815 0.180729 0.833333
1 0.697917 0.549074 0.180208 0.940741
1 0.704688 0.558333 0.034375 0.133333
1 0.735677 0.515741 0.047396 0.212963
1 0.795833 0.488426 0.075 0.297222
9 0.574479 0.407407 0.070833 0.492593
8 0.080729 0.586574 0.04375 0.212037
9 0.127344 0.569444 0.010937 0.407407
8 0.892969 0.490278 0.025521 0.108333
8 0.045573 0.580093 0.044271 0.234259
12 0.48125 0.532407 0.025 0.107407
12 0.040885 0.597685 0.060937 0.386111
