1 0.2875 0.535648 0.082292 0.362037
1 0.21276 0.543519 0.073438 0.338889
1 0.271875 0.557407 0.154167 0.542593
1 0.20651 0.57037 0.073438 0.444444
1 0.714063 0.5 0.052083 0.218519
1 0.448958 0.619907 0.190625 0.919444
1 0.647917 0.539352 0.203125 1.017593
1 0.707812 0.560648 0.035417 0.136111
1 0.736198 0.520833 0.048438 0.213889
1 0.816406 0.486111 0.072396 0.27963
9 0.574479 0.407407 0.070833 0.492593
8 0.082292 0.5875 0.04375 0.210185
9 0.127344 0.569444 0.010937 0.407407
8 0.892708 0.490278 0.026042 0.108333
8 0.045573 0.57963 0.044271 0.235185
12 0.48125 0.532407 0.023958 0.107407
12 0.096354 0.591667 0.060417 0.338889
