1 0.858854 0.503704 0.0375 0.17963
1 0.370052 0.531481 0.092188 0.457407
1 0.268229 0.541667 0.110417 0.62963
1 0.816667 0.506944 0.052083 0.273148
1 0.706771 0.5125 0.04375 0.178704
1 0.971354 0.489352 0.039583 0.189815
1 0.741406 0.512037 0.048438 0.216667
1 0.783073 0.507407 0.049479 0.225926
1 0.809635 0.510648 0.039062 0.175
9 0.574479 0.407407 0.070833 0.492593
8 0.085417 0.590278 0.04375 0.20463
9 0.127344 0.569444 0.010937 0.407407
8 0.8875 0.489815 0.029167 0.107407
8 0.041406 0.580093 0.044271 0.234259
12 0.509635 0.538889 0.031771 0.112963
12 0.458333 0.546759 0.034375 0.123148
