1 0.75599 0.50463 0.056771 0.27037
1 0.642448 0.519444 0.066146 0.3
1 0.80599 0.509722 0.057812 0.269444
1 0.892969 0.49537 0.054688 0.257407
1 0.833854 0.513426 0.040625 0.217593
1 0.716927 0.50463 0.068229 0.327778
1 0.794792 0.523148 0.084375 0.361111
1 0.670052 0.524074 0.074479 0.338889
1 1.001042 0.485648 0.036458 0.173148
1 0.90026 0.583333 0.055729 0.190741
1 0.852083 0.533333 0.054167 0.244444
9 0.574479 0.407407 0.070833 0.492593
8 0.085417 0.590278 0.04375 0.20463
9 0.127344 0.569444 0.010937 0.407407
8 0.889844 0.489815 0.028646 0.107407
1 0.784635 0.502778 0.074479 0.335185
8 0.047135 0.578241 0.044271 0.234259
12 0.498698 0.533333 0.025521 0.112963
12 0.491406 0.531481 0.067187 0.257407
