1 0.753646 0.50463 0.057292 0.272222
1 0.642708 0.519907 0.063542 0.299074
1 0.803125 0.510185 0.058333 0.27037
1 0.89401 0.494907 0.059896 0.258333
1 0.832292 0.513426 0.040625 0.217593
1 0.718229 0.506481 0.06875 0.32963
1 0.795312 0.524537 0.083333 0.363889
1 0.667708 0.524074 0.075 0.340741
1 1.000781 0.485648 0.035937 0.173148
1 0.901042 0.58287 0.054167 0.191667
1 0.851823 0.535648 0.054688 0.241667
9 0.574479 0.407407 0.070833 0.492593
8 0.085417 0.590278 0.04375 0.20463
9 0.127344 0.569444 0.010937 0.407407
8 0.889844 0.489815 0.028646 0.107407
1 0.783854 0.503241 0.075 0.336111
8 0.047135 0.578241 0.044271 0.234259
12 0.498698 0.533796 0.025521 0.112037
12 0.488021 0.531481 0.067708 0.257407
