1 0.525521 0.522685 0.067708 0.363889
1 0.647396 0.507407 0.051042 0.222222
1 0.555208 0.537037 0.08125 0.333333
1 0.717187 0.510185 0.067708 0.357407
1 0.659375 0.530093 0.052083 0.286111
1 0.484115 0.519444 0.078646 0.461111
1 0.416146 0.562037 0.146875 0.540741
1 0.361198 0.552315 0.113021 0.502778
1 0.941667 0.493519 0.044792 0.201852
1 0.842187 0.573611 0.04375 0.165741
1 0.823958 0.518981 0.044792 0.260185
1 0.95 0.480556 0.053125 0.209259
9 0.574479 0.407407 0.070833 0.492593
8 0.085417 0.590278 0.04375 0.20463
9 0.127344 0.569444 0.010937 0.407407
8 0.891927 0.489815 0.028646 0.107407
1 0.576562 0.5125 0.098958 0.489815
8 0.046615 0.578704 0.044271 0.235185
12 0.486979 0.531944 0.025 0.110185
12 0.111198 0.585185 0.049479 0.298148
