1 0.980469 0.484722 0.027604 0.173148
1 0.80651 0.508796 0.054688 0.176852
1 0.24974 0.546296 0.132812 0.533333
1 0.738021 0.50787 0.06875 0.30463
1 0.623698 0.514815 0.045312 0.17037
1 0.949479 0.489352 0.041667 0.199074
1 0.96901 0.49537 0.039062 0.198148
1 0.851823 0.503241 0.060937 0.24537
1 0.893229 0.498148 0.059375 0.251852
1 0.723958 0.512037 0.036458 0.168519
9 0.574479 0.407407 0.070833 0.492593
8 0.085417 0.590278 0.04375 0.20463
9 0.127344 0.569444 0.010937 0.407407
8 0.886198 0.489815 0.026562 0.107407
8 0.040885 0.579167 0.044271 0.234259
12 0.533854 0.53287 0.064583 0.252778
12 0.455208 0.541667 0.026042 0.12037
