1 0.859635 0.499537 0.047396 0.236111
1 0.613021 0.525 0.083333 0.383333
1 0.039844 0.573148 0.119271 0.703704
1 0.894792 0.505093 0.052083 0.225
1 0.970313 0.487963 0.045833 0.22037
1 0.922396 0.508333 0.036458 0.194444
1 0.761198 0.501389 0.057812 0.287963
1 0.832031 0.515741 0.067187 0.287037
1 0.777344 0.515741 0.065104 0.264815
1 0.93151 0.582407 0.060937 0.203704
1 0.94974 0.513426 0.069271 0.306481
9 0.574479 0.407407 0.070833 0.492593
8 0.085417 0.590278 0.04375 0.20463
9 0.127344 0.569444 0.010937 0.407407
8 0.888281 0.489815 0.027604 0.107407
1 0.853906 0.497685 0.064062 0.278704
8 0.04401 0.577778 0.041146 0.233333
12 0.488802 0.534722 0.025521 0.112037
