1 0.953646 0.491667 0.032292 0.190741
1 0.26875 0.562037 0.15625 0.740741
1 0.734896 0.508333 0.032292 0.17963
1 0.067187 0.571296 0.15625 0.62037
1 0.614062 0.518519 0.06875 0.353704
1 0.9125 0.494444 0.047917 0.214815
1 0.989323 0.493519 0.040104 0.212963
1 0.936458 0.497222 0.045833 0.212963
1 0.979427 0.495833 0.047396 0.267593
1 0.654167 0.513889 0.033333 0.161111
9 0.574479 0.407407 0.070833 0.492593
8 0.085417 0.590278 0.04375 0.20463
9 0.127344 0.569444 0.010937 0.407407
8 0.885677 0.489815 0.025521 0.107407
8 0.040365 0.577778 0.043229 0.233333
12 0.426563 0.533333 0.03125 0.116667
12 0.501302 0.529167 0.023438 0.082407
12 0.428125 0.530093 0.067708 0.284259
