1 0.973958 0.486111 0.029167 0.175926
1 -0.014063 0.578704 0.223958 0.968519
1 0.783594 0.506481 0.034896 0.17963
1 0.193229 0.550926 0.121875 0.559259
1 0.709896 0.512037 0.064583 0.314815
1 0.605469 0.516667 0.035937 0.17037
1 0.9375 0.492593 0.045833 0.203704
1 1.011198 0.497685 0.046354 0.202778
1 0.963281 0.494907 0.041146 0.202778
1 0.879948 0.503704 0.063021 0.251852
1 0.917969 0.494444 0.079687 0.253704
1 0.707812 0.512037 0.036458 0.164815
9 0.574479 0.407407 0.070833 0.492593
8 0.085417 0.590278 0.04375 0.20463
9 0.127344 0.569444 0.010937 0.407407
8 0.885677 0.489815 0.025521 0.107407
8 0.040365 0.578241 0.044271 0.234259
12 0.527344 0.523611 0.023438 0.082407
12 0.508333 0.531019 0.060417 0.252778
12 0.441146 0.539352 0.028125 0.125
