1 0.289323 0.536111 0.082812 0.362963
1 0.215104 0.546296 0.073958 0.340741
1 0.278906 0.55463 0.145313 0.537037
1 0.214062 0.572222 0.08125 0.442593
1 0.716406 0.5 0.051562 0.218519
1 0.439323 0.619444 0.194271 0.927778
1 0.641667 0.539352 0.205208 1.025
1 0.707812 0.560648 0.035417 0.136111
1 0.73724 0.52037 0.048438 0.214815
1 0.817187 0.4875 0.073958 0.276852
9 0.574479 0.407407 0.070833 0.492593
8 0.082292 0.587963 0.04375 0.209259
9 0.127344 0.569444 0.010937 0.407407
8 0.892708 0.490278 0.026042 0.108333
8 0.045573 0.57963 0.044271 0.235185
12 0.48125 0.532407 0.023958 0.107407
