1 0.285938 0.536111 0.082292 0.361111
1 0.210417 0.540741 0.072917 0.337037
1 0.258594 0.551852 0.138021 0.544444
1 0.196615 0.576852 0.083854 0.446296
1 0.711198 0.5 0.052604 0.218519
1 0.458333 0.620833 0.1875 0.910185
1 0.653906 0.539815 0.200521 1.009259
1 0.707292 0.560185 0.035417 0.135185
1 0.735938 0.519907 0.047917 0.213889
1 0.815625 0.485185 0.070833 0.281481
9 0.574479 0.407407 0.070833 0.492593
8 0.081771 0.5875 0.04375 0.210185
9 0.127344 0.569444 0.010937 0.407407
8 0.892708 0.490278 0.026042 0.108333
8 0.045573 0.57963 0.044271 0.235185
12 0.48125 0.532407 0.023958 0.107407
12 0.090625 0.59213 0.060417 0.343519
