1 0.782292 0.505556 0.054167 0.255556
1 0.632292 0.518519 0.072917 0.311111
1 0.829688 0.509259 0.053125 0.246296
1 0.914323 0.494444 0.047396 0.240741
1 0.855729 0.512037 0.039583 0.211111
1 0.733073 0.505093 0.067187 0.310185
1 0.791406 0.523611 0.077604 0.341667
1 0.696354 0.522222 0.071875 0.318519
1 0.897917 0.581019 0.048958 0.193519
1 0.861979 0.514352 0.055208 0.273148
9 0.574479 0.407407 0.070833 0.492593
8 0.085417 0.590278 0.04375 0.20463
9 0.127344 0.569444 0.010937 0.407407
8 0.889583 0.489815 0.028125 0.107407
1 0.791146 0.502315 0.072917 0.317593
8 0.046875 0.577778 0.04375 0.233333
12 0.497656 0.532407 0.025521 0.112963
12 0.528125 0.528704 0.064583 0.253704
