1 0.213542 0.534259 0.060417 0.257407
1 0.978906 0.489352 0.030729 0.167593
1 0.878906 0.531019 0.095312 0.397222
1 0.97474 0.503241 0.093229 0.45463
1 0.697135 0.554167 0.026562 0.119444
1 0.717448 0.519907 0.040104 0.193519
1 0.216406 0.524537 0.144271 0.582407
9 0.574479 0.407407 0.070833 0.492593
8 0.08125 0.587963 0.04375 0.212963
9 0.127344 0.569444 0.010937 0.407407
8 0.892708 0.491204 0.03125 0.112037
8 0.04401 0.581481 0.044271 0.235185
12 0.47474 0.531481 0.027604 0.1
12 0.076042 0.55463 0.114583 0.453704
