1 0.639062 0.510185 0.063542 0.324074
1 0.655469 0.514815 0.059896 0.257407
1 0.678906 0.522222 0.067187 0.3
1 0.79375 0.505556 0.058333 0.301852
1 0.753646 0.519907 0.042708 0.239815
1 0.633854 0.514815 0.075 0.4
1 0.658333 0.539352 0.098958 0.441667
1 0.567708 0.536111 0.085417 0.407407
1 0.991406 0.486111 0.040104 0.188889
1 0.922917 0.58287 0.052083 0.191667
1 0.846875 0.52963 0.061458 0.242593
1 0.988802 0.476852 0.047396 0.175926
9 0.574479 0.407407 0.070833 0.492593
8 0.085417 0.590278 0.04375 0.20463
9 0.127344 0.569444 0.010937 0.407407
8 0.891406 0.489815 0.029687 0.107407
1 0.716406 0.509722 0.094271 0.408333
8 0.047135 0.578241 0.044271 0.234259
12 0.494531 0.531481 0.025521 0.111111
12 0.486719 0.536574 0.053646 0.247222
