1 0.585417 0.515741 0.064583 0.346296
1 0.654167 0.511111 0.054167 0.238889
1 0.626823 0.528241 0.069271 0.312037
1 0.7625 0.50787 0.066667 0.330556
1 0.711719 0.529167 0.051562 0.263889
1 0.582292 0.510648 0.098958 0.413889
1 0.563542 0.545833 0.095833 0.482407
1 0.482292 0.550463 0.102083 0.447222
1 0.976042 0.491204 0.045833 0.199074
1 0.898698 0.575 0.043229 0.181481
1 0.828906 0.518981 0.045312 0.265741
1 0.972135 0.481019 0.049479 0.193519
9 0.574479 0.407407 0.070833 0.492593
8 0.085417 0.590278 0.04375 0.20463
9 0.127344 0.569444 0.010937 0.407407
8 0.891667 0.489815 0.029167 0.107407
1 0.659896 0.512963 0.095833 0.448148
8 0.046615 0.578241 0.044271 0.234259
12 0.490885 0.531481 0.025521 0.111111
