1 0.222396 0.52963 0.061458 0.253704
1 0.99401 0.487963 0.034896 0.166667
1 0.85026 0.534259 0.106771 0.424074
1 0.963802 0.509722 0.101562 0.491667
1 0.696875 0.553704 0.026042 0.118519
1 0.71901 0.521296 0.041146 0.194444
1 0.339844 0.510185 0.131771 0.535185
9 0.574479 0.407407 0.070833 0.492593
8 0.080729 0.5875 0.04375 0.212037
9 0.127344 0.569444 0.010937 0.407407
8 0.892708 0.490741 0.030208 0.111111
8 0.044531 0.581481 0.044271 0.235185
12 0.477083 0.531481 0.029167 0.101852
12 0.519792 0.536111 0.030208 0.112963
