1 0.309896 0.536574 0.085417 0.373148
1 0.238542 0.556944 0.075 0.369444
1 0.381771 0.53287 0.102083 0.500926
1 0.321354 0.571759 0.090625 0.413889
1 0.750521 0.499074 0.048958 0.216667
1 0.330469 0.639352 0.263021 1.034259
1 0.563021 0.533333 0.207292 1.127778
1 0.714844 0.565741 0.034896 0.137037
1 0.748698 0.519444 0.049479 0.222222
1 0.842969 0.485648 0.066146 0.258333
9 0.574479 0.407407 0.070833 0.492593
8 0.084896 0.589815 0.04375 0.205556
9 0.127344 0.569444 0.010937 0.407407
8 0.892448 0.490278 0.026562 0.108333
8 0.045573 0.57963 0.044271 0.235185
12 0.48151 0.532407 0.023438 0.107407
