1 0.290885 0.535648 0.082812 0.363889
1 0.217708 0.549074 0.075 0.342593
1 0.286198 0.552778 0.135937 0.531481
1 0.221875 0.574074 0.088542 0.440741
1 0.719271 0.5 0.051042 0.218519
1 0.429948 0.618519 0.197396 0.937037
1 0.635677 0.539352 0.207812 1.032407
1 0.708333 0.561111 0.035417 0.137037
1 0.738802 0.52037 0.048438 0.214815
1 0.817969 0.488426 0.075521 0.275
9 0.574479 0.407407 0.070833 0.492593
8 0.082292 0.587963 0.04375 0.209259
9 0.127344 0.569444 0.010937 0.407407
8 0.892708 0.490278 0.026042 0.108333
8 0.045573 0.57963 0.044271 0.235185
12 0.48125 0.532407 0.023958 0.107407
