1 0.272396 0.524074 0.067708 0.275926
1 0.19349 0.541204 0.052604 0.247222
1 0.767708 0.55463 0.1125 0.538889
1 0.896615 0.518519 0.127604 0.612963
1 0.698438 0.555556 0.028125 0.122222
1 0.718229 0.521759 0.042708 0.19537
1 0.601562 0.497685 0.101042 0.410185
9 0.574479 0.407407 0.070833 0.492593
8 0.079687 0.586574 0.04375 0.212037
9 0.127344 0.569444 0.010937 0.407407
8 0.892969 0.490741 0.027604 0.109259
8 0.045052 0.580556 0.044271 0.235185
12 0.482292 0.531944 0.025 0.10463
12 0.458073 0.543981 0.033854 0.130556
12 0.400521 0.524537 0.08125 0.319444
