1 0.852865 0.5 0.048438 0.237037
1 0.613542 0.526389 0.085417 0.375
1 0.004948 0.581481 0.178646 0.727778
1 0.889844 0.506481 0.052604 0.224074
1 0.965885 0.489352 0.043229 0.223148
1 0.916146 0.508796 0.036458 0.19537
1 0.759115 0.497222 0.052604 0.287037
1 0.823437 0.51713 0.067708 0.291667
1 0.771094 0.516204 0.066146 0.267593
1 0.919531 0.58287 0.055729 0.199074
1 0.938542 0.512963 0.061458 0.303704
9 0.574479 0.407407 0.070833 0.492593
8 0.085417 0.590278 0.04375 0.20463
9 0.127344 0.569444 0.010937 0.407407
8 0.888542 0.489815 0.027083 0.107407
1 0.847656 0.498148 0.064062 0.27963
8 0.044271 0.577778 0.041667 0.233333
12 0.490365 0.533796 0.025521 0.112037
