1 0.846615 0.503704 0.040104 0.177778
1 0.342969 0.538426 0.094271 0.471296
1 0.18099 0.560185 0.204687 0.67037
1 0.798958 0.510648 0.054167 0.280556
1 0.68724 0.50787 0.043229 0.176852
1 0.968229 0.488426 0.041667 0.193519
1 0.765625 0.507407 0.046875 0.225926
1 0.809896 0.506019 0.052083 0.232407
1 0.785156 0.511574 0.038021 0.173148
9 0.574479 0.407407 0.070833 0.492593
8 0.085417 0.590278 0.04375 0.20463
9 0.127344 0.569444 0.010937 0.407407
8 0.8875 0.489815 0.029167 0.107407
8 0.041406 0.580093 0.044271 0.234259
12 0.496354 0.541204 0.03125 0.113889
12 0.445833 0.547222 0.035417 0.124074
