1 0.969792 0.487963 0.030208 0.17963
1 0.058333 0.597222 0.225 0.925926
1 0.772656 0.506481 0.033854 0.17963
1 0.16875 0.558796 0.145833 0.573148
1 0.692187 0.513889 0.065625 0.325926
1 0.932292 0.493056 0.045833 0.206481
1 1.004427 0.498148 0.046354 0.203704
1 0.959635 0.494907 0.042188 0.20463
1 0.900781 0.502778 0.077604 0.255556
1 0.938021 0.494444 0.045833 0.262963
1 0.695312 0.512037 0.035417 0.164815
9 0.574479 0.407407 0.070833 0.492593
8 0.085417 0.590278 0.04375 0.20463
9 0.127344 0.569444 0.010937 0.407407
8 0.885417 0.489815 0.025 0.107407
8 0.040365 0.578241 0.044271 0.234259
12 0.521094 0.525926 0.023438 0.081481
12 0.490104 0.52963 0.057292 0.253704
12 0.43125 0.5375 0.030208 0.128704
