1 0.490625 0.525 0.070833 0.368519
1 0.639583 0.506481 0.051042 0.216667
1 0.51276 0.54213 0.081771 0.35463
1 0.697917 0.512037 0.079167 0.372222
1 0.629948 0.535648 0.057812 0.299074
1 0.435156 0.527778 0.135937 0.477778
1 0.33125 0.572222 0.139583 0.583333
1 0.277344 0.562037 0.144271 0.535185
1 0.915104 0.493981 0.044792 0.206481
1 0.809375 0.572685 0.05 0.160185
1 0.81849 0.519444 0.049479 0.255556
1 0.934635 0.481019 0.054688 0.213889
9 0.574479 0.407407 0.070833 0.492593
8 0.085417 0.590278 0.04375 0.20463
9 0.127344 0.569444 0.010937 0.407407
8 0.891927 0.489815 0.028646 0.107407
1 0.523438 0.52037 0.111458 0.524074
8 0.046615 0.579167 0.044271 0.234259
12 0.484635 0.531944 0.025521 0.110185
12 0.08776 0.578241 0.058854 0.332407
12 0.056771 0.584259 0.05 0.311111
