1 0.968229 0.488889 0.030208 0.181481
1 0.078906 0.593519 0.218229 0.911111
1 0.767708 0.506481 0.033333 0.17963
1 0.158333 0.557407 0.1375 0.577778
1 0.684375 0.514815 0.065625 0.32963
1 0.930208 0.492593 0.045833 0.207407
1 1.001302 0.498148 0.045312 0.211111
1 0.957812 0.49537 0.042708 0.205556
1 0.908594 0.501389 0.071354 0.258333
1 0.945312 0.493519 0.044792 0.264815
1 0.690625 0.5125 0.035417 0.163889
9 0.574479 0.407407 0.070833 0.492593
8 0.085417 0.590278 0.04375 0.20463
9 0.127344 0.569444 0.010937 0.407407
8 0.885417 0.490278 0.025 0.108333
8 0.040365 0.578241 0.044271 0.234259
12 0.51901 0.526852 0.023438 0.081481
12 0.482812 0.528704 0.05625 0.253704
12 0.427344 0.537037 0.030729 0.12963
