1 0.828125 0.505556 0.039583 0.177778
1 0.304948 0.5375 0.096354 0.493519
1 0.060417 0.566667 0.172917 0.718519
1 0.775 0.509722 0.05625 0.286111
1 0.660937 0.512963 0.045833 0.174074
1 0.958854 0.489815 0.041667 0.194444
1 0.802344 0.506019 0.054688 0.237963
1 0.840104 0.50463 0.055208 0.238889
1 0.757812 0.5125 0.0375 0.171296
9 0.574479 0.407407 0.070833 0.492593
8 0.085417 0.590278 0.04375 0.20463
9 0.127344 0.569444 0.010937 0.407407
8 0.88724 0.489815 0.028646 0.107407
8 0.040885 0.579167 0.044271 0.234259
12 0.48099 0.544907 0.031771 0.115741
12 0.43125 0.547222 0.036458 0.124074
