1 0.228125 0.534259 0.0625 0.261111
1 0.989844 0.487963 0.031771 0.166667
1 0.859896 0.534259 0.104167 0.418519
1 0.966667 0.507407 0.1 0.485185
1 0.697135 0.554167 0.026562 0.119444
1 0.71901 0.521296 0.041146 0.194444
1 0.314063 0.514815 0.148958 0.544444
9 0.574479 0.407407 0.070833 0.492593
8 0.080729 0.587963 0.04375 0.212963
9 0.127344 0.569444 0.010937 0.407407
8 0.892708 0.490741 0.030208 0.111111
8 0.044531 0.581481 0.044271 0.235185
12 0.476562 0.531481 0.029167 0.101852
12 0.523438 0.537037 0.030208 0.114815
