1 0.270313 0.525463 0.067708 0.284259
1 0.197135 0.541667 0.050521 0.25
1 0.75599 0.556481 0.118229 0.551852
1 0.885937 0.514815 0.123958 0.62963
1 0.698698 0.555556 0.028646 0.122222
1 0.71849 0.523611 0.043229 0.199074
1 0.621354 0.497685 0.098958 0.39537
9 0.574479 0.407407 0.070833 0.492593
8 0.079687 0.586574 0.04375 0.212037
9 0.127344 0.569444 0.010937 0.407407
8 0.892969 0.490741 0.027604 0.109259
8 0.045052 0.580556 0.044271 0.235185
12 0.482031 0.531944 0.024479 0.10463
12 0.451042 0.544907 0.034375 0.130556
12 0.418229 0.523611 0.076042 0.313889
