1 0.26875 0.528704 0.075 0.335185
1 0.192448 0.543519 0.066146 0.32037
1 0.10651 0.559259 0.143229 0.590741
1 0.051042 0.602778 0.134375 0.487037
1 0.673698 0.497222 0.055729 0.22037
1 0.56276 0.6 0.179688 0.777778
1 0.726562 0.550926 0.166667 0.883333
1 0.702604 0.556481 0.033333 0.131481
1 0.735417 0.5125 0.046875 0.212037
1 0.776302 0.489815 0.075521 0.309259
9 0.574479 0.407407 0.070833 0.492593
8 0.079687 0.585648 0.04375 0.212037
9 0.127344 0.569444 0.010937 0.407407
8 0.892969 0.490278 0.025521 0.108333
8 0.045573 0.580093 0.044271 0.234259
12 0.48099 0.532407 0.025521 0.107407
