1 0.264583 0.527315 0.067708 0.319444
1 0.201042 0.537963 0.064583 0.294444
1 0.053646 0.564815 0.129167 0.624074
1 0.007812 0.600926 0.121875 0.483333
1 0.584375 0.584259 0.172917 0.740741
1 0.74401 0.537037 0.159896 0.837037
1 0.701823 0.555556 0.029687 0.131481
1 0.735417 0.509722 0.046875 0.212037
1 0.76224 0.488889 0.073438 0.318519
9 0.574479 0.407407 0.070833 0.492593
8 0.079167 0.585648 0.04375 0.212037
9 0.127344 0.569444 0.010937 0.407407
8 0.892969 0.490278 0.025521 0.108333
8 0.045573 0.580093 0.044271 0.234259
12 0.48099 0.532407 0.025521 0.107407
