1 0.26875 0.525926 0.072917 0.322222
1 0.2 0.540278 0.0625 0.29537
1 -0.00599 0.563889 0.138021 0.635185
1 0.621615 0.580093 0.155729 0.69537
1 0.773698 0.526852 0.153646 0.788889
1 0.696875 0.559259 0.03125 0.127778
1 0.726823 0.509722 0.046354 0.210185
1 0.742708 0.488426 0.070833 0.332407
9 0.574479 0.407407 0.070833 0.492593
8 0.079167 0.585648 0.04375 0.212037
9 0.127344 0.569444 0.010937 0.407407
8 0.892969 0.490741 0.025521 0.109259
8 0.045052 0.580093 0.044271 0.234259
12 0.48125 0.532407 0.025 0.105556
