1 0.89375 0.49537 0.042708 0.224074
1 0.569531 0.534722 0.101562 0.44537
1 0.619792 0.512037 0.032292 0.17963
1 0.27526 0.557407 0.148438 0.566667
1 0.924479 0.503704 0.038542 0.205556
1 0.952344 0.505093 0.032813 0.176852
1 0.80625 0.5 0.05625 0.251852
1 0.883594 0.509722 0.065104 0.262037
1 0.819271 0.510648 0.059375 0.249074
1 1.004687 0.506944 0.061458 0.334259
9 0.574479 0.407407 0.070833 0.492593
8 0.085417 0.590278 0.04375 0.20463
9 0.127344 0.569444 0.010937 0.407407
8 0.88776 0.489815 0.026562 0.107407
1 0.897656 0.494444 0.060937 0.262963
8 0.042188 0.577778 0.039583 0.233333
12 0.475521 0.5375 0.028125 0.113889
12 0.43724 0.528704 0.026562 0.087037
