1 0.885156 0.496759 0.044271 0.226852
1 0.582292 0.531019 0.091667 0.428704
1 0.61224 0.512963 0.033854 0.181481
1 0.219271 0.555093 0.107292 0.593519
1 0.916927 0.502315 0.044271 0.210185
1 0.976562 0.483333 0.032292 0.218519
1 0.944792 0.506019 0.034375 0.182407
1 0.795573 0.500926 0.058854 0.262963
1 0.870312 0.511574 0.065625 0.265741
1 0.807031 0.511574 0.061979 0.252778
1 0.999479 0.585648 0.055208 0.212037
1 0.986458 0.507407 0.061458 0.324074
9 0.574479 0.407407 0.070833 0.492593
8 0.085417 0.590278 0.04375 0.20463
9 0.127344 0.569444 0.010937 0.407407
8 0.888021 0.489815 0.027083 0.107407
1 0.885156 0.49537 0.061979 0.266667
8 0.042969 0.577778 0.040104 0.233333
12 0.479687 0.536574 0.027083 0.113889
12 0.430208 0.528704 0.027083 0.087037
