1 0.793229 0.504167 0.053125 0.252778
1 0.632812 0.521296 0.073958 0.316667
1 0.848698 0.508796 0.051562 0.25463
1 0.923177 0.492593 0.046354 0.237037
1 0.865104 0.511111 0.038542 0.207407
1 0.738802 0.505093 0.061979 0.30463
1 0.792188 0.524074 0.076042 0.337037
1 0.708594 0.521296 0.070312 0.311111
1 0.898438 0.57963 0.042708 0.194444
1 0.876042 0.515278 0.070833 0.275
9 0.574479 0.407407 0.070833 0.492593
8 0.085417 0.590278 0.04375 0.20463
9 0.127344 0.569444 0.010937 0.407407
8 0.889583 0.489815 0.028125 0.107407
1 0.792188 0.502315 0.071875 0.308333
8 0.046354 0.577778 0.04375 0.233333
12 0.497135 0.531944 0.025521 0.112037
