1 0.379688 0.532407 0.082292 0.375926
1 0.348438 0.55 0.082292 0.375926
1 0.55651 0.521759 0.105729 0.426852
1 0.49349 0.552778 0.100521 0.355556
1 0.183073 0.54213 0.109896 0.589815
1 0.816927 0.499074 0.046354 0.214815
1 0.289583 0.538426 0.364583 1.328704
1 0.74974 0.569444 0.034896 0.148148
1 0.767969 0.519444 0.054688 0.238889
1 0.885417 0.483796 0.060417 0.230556
9 0.574479 0.407407 0.070833 0.492593
8 0.085417 0.590278 0.04375 0.20463
9 0.127344 0.569444 0.010937 0.407407
8 0.892188 0.490278 0.027083 0.108333
1 0.269271 0.548148 0.160417 0.651852
8 0.046094 0.579167 0.044271 0.234259
12 0.482031 0.532407 0.021354 0.107407
