1 0.779687 0.505093 0.054167 0.256481
1 0.633594 0.518056 0.072396 0.310185
1 0.827865 0.508796 0.053646 0.249074
1 0.91224 0.494444 0.047396 0.242593
1 0.853646 0.511574 0.039583 0.212037
1 0.730469 0.505556 0.067187 0.311111
1 0.793229 0.523148 0.078125 0.342593
1 0.69375 0.522222 0.071875 0.32037
1 0.897656 0.581481 0.050521 0.192593
1 0.859375 0.514352 0.052083 0.273148
9 0.574479 0.407407 0.070833 0.492593
8 0.085417 0.590278 0.04375 0.20463
9 0.127344 0.569444 0.010937 0.407407
8 0.889583 0.489815 0.028125 0.107407
1 0.790625 0.501852 0.072917 0.318519
8 0.046875 0.577778 0.04375 0.233333
12 0.497656 0.532407 0.025521 0.112963
12 0.525 0.528704 0.064583 0.253704
