1 0.267969 0.524537 0.073438 0.341667
1 0.191406 0.541204 0.069271 0.325
1 0.151302 0.555556 0.185938 0.57963
1 0.083333 0.5875 0.091667 0.471296
1 0.684375 0.499537 0.055208 0.219444
1 0.54349 0.610648 0.182812 0.808333
1 0.710938 0.554167 0.172917 0.917593
1 0.703906 0.557407 0.033854 0.133333
1 0.735677 0.514352 0.047396 0.212037
1 0.7875 0.489815 0.077083 0.301852
9 0.574479 0.407407 0.070833 0.492593
8 0.080208 0.586574 0.04375 0.212037
9 0.127344 0.569444 0.010937 0.407407
8 0.892969 0.490278 0.025521 0.108333
8 0.045573 0.580093 0.044271 0.234259
12 0.48125 0.532407 0.025 0.107407
