1 0.932552 0.493056 0.038021 0.206481
1 0.4375 0.544907 0.13125 0.578704
1 0.683854 0.510185 0.032292 0.17963
1 0.497135 0.527315 0.076563 0.426852
1 0.986719 0.502315 0.031771 0.167593
1 0.870833 0.497222 0.052083 0.235185
1 0.93776 0.504167 0.060937 0.234259
1 0.883333 0.503704 0.052083 0.225926
9 0.574479 0.407407 0.070833 0.492593
8 0.085417 0.590278 0.04375 0.20463
9 0.127344 0.569444 0.010937 0.407407
8 0.886458 0.489815 0.026042 0.107407
1 0.963021 0.485648 0.0625 0.236111
8 0.040625 0.577778 0.040625 0.233333
12 0.447656 0.534722 0.030729 0.115741
12 0.473958 0.530093 0.023958 0.084259
