1 0.226042 0.532407 0.0625 0.259259
1 0.991146 0.487963 0.033333 0.166667
1 0.856771 0.534259 0.105208 0.42037
1 0.965365 0.508333 0.100521 0.487037
1 0.696875 0.553704 0.026042 0.118519
1 0.71901 0.521296 0.041146 0.194444
1 0.322135 0.512037 0.139063 0.540741
9 0.574479 0.407407 0.070833 0.492593
8 0.080729 0.5875 0.04375 0.212037
9 0.127344 0.569444 0.010937 0.407407
8 0.892708 0.490741 0.030208 0.111111
8 0.044531 0.581481 0.044271 0.235185
12 0.476562 0.531481 0.029167 0.101852
12 0.522396 0.537037 0.030208 0.114815
