1 0.276302 0.531944 0.069271 0.350926
1 0.202604 0.538426 0.071875 0.328704
1 0.215885 0.544907 0.101562 0.556481
1 0.160417 0.588426 0.139583 0.456481
1 0.701042 0.5 0.053125 0.218519
1 0.492969 0.621759 0.177604 0.875
1 0.676562 0.541667 0.191667 0.97963
1 0.70599 0.559259 0.034896 0.135185
1 0.735938 0.518056 0.047917 0.213889
1 0.808854 0.484722 0.069792 0.289815
9 0.574479 0.407407 0.070833 0.492593
8 0.08125 0.5875 0.04375 0.212037
9 0.127344 0.569444 0.010937 0.407407
8 0.892708 0.490278 0.026042 0.108333
8 0.045573 0.580093 0.044271 0.234259
12 0.48151 0.532407 0.024479 0.107407
12 0.06849 0.594444 0.060937 0.362963
