1 0.372656 0.53287 0.082812 0.376852
1 0.33724 0.551852 0.084896 0.374074
1 0.552604 0.523148 0.114583 0.431481
1 0.478385 0.552778 0.080729 0.362963
1 0.164583 0.539352 0.105208 0.597222
1 0.810937 0.498148 0.042708 0.214815
1 0.325521 0.533333 0.325 1.312963
1 0.746875 0.568981 0.034375 0.147222
1 0.765365 0.519444 0.055729 0.235185
1 0.88151 0.483796 0.060937 0.234259
9 0.574479 0.407407 0.070833 0.492593
8 0.085417 0.590278 0.04375 0.20463
9 0.127344 0.569444 0.010937 0.407407
8 0.892188 0.490278 0.027083 0.108333
1 0.25026 0.550463 0.168229 0.663889
8 0.046094 0.579167 0.044271 0.234259
12 0.482031 0.532407 0.021354 0.107407
