1 0.941667 0.494907 0.035417 0.199074
1 0.361979 0.552778 0.144792 0.642593
1 0.708854 0.508333 0.032292 0.17963
1 0.557813 0.523611 0.078125 0.380556
1 0.891146 0.49537 0.051042 0.224074
1 0.960417 0.502315 0.059375 0.225
1 0.908594 0.5 0.049479 0.218519
1 0.625521 0.515741 0.032292 0.157407
9 0.574479 0.407407 0.070833 0.492593
8 0.085417 0.590278 0.04375 0.20463
9 0.127344 0.569444 0.010937 0.407407
8 0.886198 0.489815 0.025521 0.107407
1 0.982292 0.486111 0.055208 0.227778
8 0.040625 0.577778 0.041667 0.233333
12 0.435417 0.53287 0.03125 0.115741
12 0.48776 0.530556 0.023438 0.083333
