1 0.266927 0.523148 0.065104 0.314815
1 0.197656 0.538889 0.060937 0.281481
1 0.655469 0.57963 0.143229 0.659259
1 0.807292 0.525463 0.15 0.752778
1 0.697135 0.55787 0.030729 0.126852
1 0.715104 0.511574 0.045833 0.208333
1 0.717708 0.494907 0.08125 0.34537
9 0.574479 0.407407 0.070833 0.492593
8 0.079167 0.585648 0.04375 0.212037
9 0.127344 0.569444 0.010937 0.407407
8 0.892969 0.490741 0.025521 0.109259
8 0.045052 0.580556 0.044271 0.235185
12 0.48151 0.531944 0.023438 0.10463
12 0.53151 0.514352 0.060937 0.275
