1 0.986458 0.484259 0.027083 0.168519
1 0.810937 0.505556 0.038542 0.177778
1 0.273438 0.546296 0.129167 0.516667
1 0.753646 0.508796 0.065625 0.29537
1 0.639583 0.511574 0.04375 0.173148
1 0.953385 0.490741 0.042188 0.196296
1 0.973958 0.496296 0.0375 0.196296
1 0.83125 0.503241 0.059375 0.241667
1 0.867448 0.500463 0.069271 0.247222
1 0.738021 0.512037 0.036458 0.168519
9 0.574479 0.407407 0.070833 0.492593
8 0.085417 0.590278 0.04375 0.20463
9 0.127344 0.569444 0.010937 0.407407
8 0.886719 0.489815 0.027604 0.107407
8 0.040885 0.579167 0.044271 0.234259
12 0.466667 0.543981 0.029167 0.117593
