1 0.541927 0.398148 0.033854 0.151852
1 0.476562 0.379167 0.022917 0.121296
1 0.436979 0.377315 0.020833 0.119444
1 0.957031 0.576852 0.120313 0.575926
1 0.04974 0.431019 0.059896 0.234259
1 0.343229 0.3875 0.032292 0.137963
1 0.477083 0.380556 0.021875 0.111111
1 0.007552 0.443981 0.036979 0.182407
1 0.492448 0.370833 0.017188 0.097222
10 0.319792 0.431481 0.060417 0.077778
1 0.188281 0.395833 0.025521 0.121296
1 0.598177 0.385185 0.030729 0.164815
1 0.53776 0.372222 0.017188 0.107407
1 0.291927 0.37963 0.019271 0.098148
1 0.273177 0.383333 0.014063 0.081481
1 0.315365 0.383796 0.017188 0.099074
10 0.333333 0.405093 0.0375 0.050926
10 0.340104 0.415278 0.040625 0.05463
1 0.45 0.360648 0.013542 0.063889
1 0.103906 0.368981 0.010937 0.062037
1 0.133594 0.387037 0.017188 0.094444
7 0.396354 0.369907 0.01875 0.047222
7 0.408333 0.37037 0.015625 0.044444
10 0.13724 0.400926 0.049479 0.05
1 0.13099 0.375926 0.011979 0.059259
10 0.153125 0.3875 0.032292 0.05463
10 0.702344 0.3125 0.291146 0.223148
7 0.836719 0.390741 0.032813 0.144444
