1 0.613542 0.373148 0.030208 0.131481
1 0.445833 0.369907 0.030208 0.158333
1 0.141146 0.513426 0.155208 0.523148
1 0.49349 0.372685 0.021354 0.143519
1 0.607031 0.347222 0.019271 0.083333
1 0.698958 0.402778 0.04375 0.288889
1 0.358854 0.362963 0.019792 0.1
1 0.683333 0.398611 0.041667 0.256481
1 0.533854 0.345833 0.014583 0.060185
1 0.19974 0.418519 0.032813 0.237037
10 0.267708 0.481019 0.132292 0.149074
10 -0.02474 0.643056 0.148438 0.337963
10 0.098698 0.619907 0.100521 0.284259
1 0.182552 0.350926 0.022396 0.098148
1 0.163281 0.343519 0.014063 0.061111
1 0.179427 0.340741 0.014063 0.072222
1 0.558594 0.341667 0.009896 0.044444
1 0.545833 0.338889 0.010417 0.051852
7 0.489844 0.375 0.023438 0.07037
7 0.50625 0.377315 0.022917 0.071296
10 0.004167 0.394907 0.083333 0.100926
1 0.332552 0.349074 0.016146 0.066667
10 1.072135 0.490278 0.290104 0.223148
1 0.389583 0.348148 0.0125 0.059259
1 0.379167 0.346759 0.0125 0.060185
8 0.815625 0.331944 0.023958 0.123148
8 0.842448 0.331019 0.026562 0.128704
8 0.867448 0.331481 0.026562 0.122222
