1 0.608333 0.332407 0.03125 0.135185
1 0.410938 0.340278 0.032292 0.162037
1 0.458333 0.343519 0.029167 0.148148
1 0.65599 0.323148 0.031771 0.122222
1 0.842969 0.413426 0.076563 0.523148
1 0.389583 0.327315 0.022917 0.102778
1 0.800781 0.402315 0.065104 0.425
1 0.545833 0.308333 0.016667 0.062963
1 0.00625 0.431944 0.055208 0.350926
10 0.10625 0.572685 0.223958 0.276852
1 0.045833 0.331481 0.038542 0.125926
1 0.074479 0.327778 0.01875 0.090741
1 0.098437 0.325463 0.020833 0.093519
1 0.577604 0.306019 0.0125 0.052778
1 0.5625 0.302778 0.0125 0.057407
7 0.491406 0.343519 0.028646 0.094444
7 0.513281 0.354167 0.026562 0.089815
8 0.88776 0.300463 0.030729 0.160185
8 0.921615 0.3 0.035937 0.162963
8 0.953125 0.301852 0.030208 0.151852
1 0.327083 0.307407 0.0125 0.048148
1 0.338021 0.30787 0.011458 0.047222
1 0.347656 0.300463 0.010937 0.041667
1 0.354167 0.301852 0.011458 0.044444
