1 0.608594 0.372222 0.027604 0.124074
1 0.407812 0.374074 0.032292 0.162963
1 0.447917 0.376852 0.029167 0.148148
1 0.68151 0.369444 0.039062 0.146296
1 0.979948 0.520833 0.110937 0.728704
1 0.397917 0.361574 0.022917 0.102778
1 0.908594 0.493981 0.106771 0.584259
1 0.548438 0.34537 0.016667 0.066667
10 0.016406 0.689352 0.222396 0.369444
1 0.024479 0.356019 0.019792 0.100926
1 0.047917 0.355556 0.027083 0.103704
1 0.584635 0.349537 0.013021 0.052778
1 0.56875 0.351852 0.0125 0.057407
7 0.491927 0.37963 0.030729 0.101852
7 0.515625 0.384722 0.028125 0.091667
8 0.957031 0.328241 0.030729 0.160185
1 0.32526 0.34213 0.013021 0.052778
1 0.335417 0.343519 0.011458 0.046296
1 0.341146 0.334259 0.011458 0.042593
1 0.351562 0.338426 0.011458 0.04537
1 0.384635 0.351389 0.015104 0.05463
