1 0.633073 0.380093 0.029687 0.125
1 0.430729 0.3875 0.032292 0.167593
1 0.470312 0.392593 0.034375 0.15
1 0.738281 0.383333 0.044271 0.174074
1 0.576302 0.352778 0.016146 0.062963
10 -0.066146 0.784259 0.221875 0.388889
1 0.011458 0.384722 0.025 0.108333
1 0.038542 0.377778 0.020833 0.111111
1 0.615885 0.358333 0.015104 0.057407
1 0.595052 0.354167 0.011979 0.065741
7 0.520052 0.395833 0.030729 0.102778
7 0.544792 0.403241 0.032292 0.099074
1 0.348177 0.356481 0.013021 0.051852
1 0.359375 0.356944 0.011458 0.047222
1 0.371875 0.35 0.011458 0.046296
1 0.407031 0.358333 0.015104 0.053704
