1 0.597396 0.327778 0.032292 0.137037
1 0.415104 0.328704 0.032292 0.161111
1 0.453125 0.336111 0.029167 0.146296
1 0.617448 0.310185 0.025521 0.105556
1 0.75 0.376389 0.058333 0.389815
1 0.367188 0.32037 0.020833 0.103704
1 0.724479 0.373611 0.048958 0.328704
1 0.528385 0.3 0.014063 0.064815
1 0.09375 0.395833 0.052083 0.299074
10 0.174219 0.494907 0.186979 0.206481
1 0.096875 0.318981 0.022917 0.113889
1 0.095573 0.318056 0.016146 0.082407
1 0.120052 0.305556 0.016146 0.07963
1 0.555208 0.296759 0.0125 0.052778
1 0.541927 0.293519 0.011979 0.053704
7 0.478125 0.332407 0.023958 0.083333
7 0.495833 0.339352 0.025 0.080556
1 0.385937 0.307407 0.0125 0.059259
8 0.859635 0.303704 0.028646 0.146296
8 0.889844 0.302778 0.033854 0.148148
8 0.920052 0.301389 0.028646 0.139815
1 0.316667 0.293981 0.0125 0.04537
1 0.322917 0.294444 0.010417 0.046296
1 0.335938 0.289352 0.010417 0.037963
1 0.340104 0.289815 0.010417 0.042593
