1 0.447396 0.44537 0.035417 0.157407
1 0.390104 0.415741 0.023958 0.116667
1 0.306771 0.418519 0.01875 0.098148
1 0.939844 0.593519 0.090104 0.511111
1 -0.000781 0.452778 0.047396 0.209259
1 0.195312 0.429167 0.023958 0.121296
1 0.371875 0.422222 0.020833 0.107407
1 0.379167 0.412037 0.019792 0.096296
10 0.228125 0.458796 0.060417 0.075
1 0.054688 0.443981 0.030208 0.134259
1 0.469792 0.416204 0.023958 0.130556
1 0.404427 0.418056 0.016146 0.102778
1 0.178646 0.416667 0.017708 0.087037
1 0.175521 0.42037 0.013542 0.072222
1 0.204167 0.419907 0.017708 0.087963
10 0.241146 0.443519 0.040625 0.051852
1 0.323437 0.405093 0.013542 0.063889
7 0.270313 0.414352 0.017708 0.043519
7 0.282813 0.416667 0.015625 0.044444
10 0.586198 0.346759 0.291146 0.223148
7 0.671094 0.428241 0.023438 0.117593
