1 0.742188 0.565741 0.107292 0.461111
1 0.498958 0.474074 0.0375 0.162963
1 0.410938 0.444444 0.023958 0.114815
1 0.045052 0.497685 0.046354 0.193519
1 0.282552 0.44213 0.018229 0.082407
1 0.065365 0.478704 0.039062 0.181481
1 0.386458 0.447222 0.020833 0.105556
1 0.001563 0.500463 0.035417 0.189815
1 0.375521 0.434259 0.017708 0.085185
10 0.240885 0.479167 0.055729 0.067593
10 0.21875 0.625 0.103125 0.431481
1 0.077604 0.475926 0.025 0.12963
1 0.444531 0.438426 0.021354 0.106481
1 0.410938 0.437963 0.017708 0.098148
1 0.183073 0.440741 0.010937 0.061111
1 0.164323 0.440278 0.009896 0.05463
1 0.17526 0.44213 0.010937 0.050926
1 0.331771 0.429167 0.013542 0.063889
10 0.577344 0.363426 0.291146 0.223148
7 0.649479 0.449537 0.020833 0.106481
