1 0.595313 0.323148 0.032292 0.131481
1 0.414583 0.327778 0.032292 0.161111
1 0.451042 0.334259 0.029167 0.146296
1 0.617969 0.309722 0.028646 0.106481
1 0.752083 0.378241 0.054167 0.386111
1 0.368229 0.319444 0.020833 0.103704
1 0.727865 0.374537 0.049479 0.334259
1 0.527604 0.300926 0.014583 0.064815
1 0.086458 0.399537 0.053125 0.306481
10 0.16901 0.498611 0.191146 0.206481
1 0.09349 0.315741 0.023438 0.116667
1 0.091927 0.317593 0.016146 0.083333
1 0.116667 0.306944 0.016667 0.078704
1 0.555208 0.296759 0.0125 0.052778
1 0.542188 0.294907 0.011458 0.052778
7 0.477604 0.331019 0.023958 0.084259
7 0.495833 0.337037 0.025 0.081481
1 0.385937 0.305556 0.0125 0.059259
8 0.861198 0.303241 0.028646 0.147222
8 0.891406 0.301852 0.033854 0.15
8 0.921615 0.300463 0.028646 0.141667
1 0.315625 0.293981 0.0125 0.04537
1 0.322396 0.295833 0.010417 0.047222
1 0.335417 0.292593 0.010417 0.038889
1 0.339583 0.290741 0.010417 0.042593
