1 0.642708 0.383333 0.029167 0.133333
1 0.442188 0.394444 0.032292 0.166667
1 0.479427 0.399074 0.028646 0.153704
1 0.773438 0.390741 0.042708 0.190741
1 0.591406 0.3625 0.016146 0.063889
1 0.002344 0.390278 0.022396 0.115741
1 0.03099 0.39537 0.026562 0.114815
1 0.630729 0.361574 0.014583 0.063889
1 0.6125 0.363426 0.014583 0.067593
7 0.531771 0.402778 0.034375 0.109259
7 0.55651 0.402315 0.031771 0.102778
1 0.359115 0.363426 0.013021 0.052778
1 0.36875 0.363889 0.011458 0.048148
1 0.382292 0.35463 0.011458 0.048148
1 0.41875 0.364815 0.015625 0.055556
