1 0.644271 0.352315 0.032292 0.14537
1 0.4625 0.34537 0.030208 0.146296
1 0.197396 0.399074 0.090625 0.353704
1 0.509375 0.352778 0.029167 0.137037
1 0.573438 0.331481 0.014583 0.066667
1 0.632552 0.363426 0.026562 0.186111
10 0.074219 0.549537 0.234896 0.265741
1 0.338542 0.32963 0.020833 0.094444
1 0.629948 0.359259 0.026562 0.166667
1 0.185938 0.356481 0.019792 0.12037
1 0.159896 0.343519 0.030208 0.142593
1 0.525781 0.324537 0.014063 0.058333
1 0.302865 0.354167 0.021354 0.14537
10 0.347917 0.399537 0.08125 0.097222
10 0.253646 0.452315 0.139583 0.147222
1 0.542188 0.319444 0.009375 0.038889
1 0.53125 0.316667 0.008333 0.044444
7 0.48151 0.337037 0.024479 0.062963
7 0.5 0.343056 0.020833 0.062037
10 0.002344 0.384722 0.076563 0.067593
10 0.101302 0.34537 0.074479 0.085185
1 0.390365 0.319444 0.015104 0.066667
1 0.370052 0.315278 0.015104 0.075
10 0.908073 0.363426 0.291146 0.223148
1 0.383333 0.322222 0.0125 0.059259
1 0.373437 0.322685 0.0125 0.060185
