1 0.620313 0.377778 0.030208 0.133333
1 0.414062 0.386111 0.032292 0.164815
1 0.456771 0.392593 0.030208 0.151852
1 0.71224 0.378704 0.036979 0.157407
1 0.995052 0.513889 0.122396 0.681481
1 0.558854 0.356944 0.016667 0.063889
10 -0.030208 0.746296 0.221875 0.388889
1 0.013542 0.37963 0.026042 0.101852
1 0.034896 0.375926 0.026042 0.107407
1 0.598177 0.358333 0.014063 0.055556
1 0.578646 0.356481 0.0125 0.057407
7 0.504948 0.39537 0.030729 0.101852
7 0.53125 0.403704 0.032292 0.096296
1 0.332552 0.355556 0.013021 0.051852
1 0.345052 0.356019 0.011979 0.04537
1 0.347656 0.35 0.013021 0.044444
1 0.358073 0.347685 0.011979 0.04537
1 0.39349 0.358796 0.015104 0.052778
