1 0.72526 0.564815 0.099479 0.455556
1 0.503125 0.474074 0.0375 0.162963
1 0.413021 0.444907 0.023958 0.113889
1 0.048958 0.499537 0.044792 0.189815
1 0.070052 0.480093 0.039062 0.180556
1 0.3875 0.450463 0.020833 0.10463
1 0.008594 0.505093 0.036979 0.187963
1 0.377083 0.437037 0.017708 0.083333
10 0.24401 0.479167 0.055729 0.067593
10 0.227344 0.621759 0.100521 0.423148
1 0.080729 0.475926 0.025 0.12963
1 0.444531 0.440741 0.021354 0.105556
1 0.411719 0.440278 0.017188 0.099074
1 0.184635 0.442593 0.010937 0.061111
1 0.165365 0.44213 0.009896 0.05463
1 0.176823 0.443056 0.010937 0.050926
1 0.333333 0.430093 0.013542 0.063889
10 0.578385 0.364352 0.291146 0.223148
7 0.648958 0.451389 0.020833 0.106481
