1 0.636458 0.356481 0.030208 0.140741
1 0.4625 0.346759 0.029167 0.143519
1 0.2625 0.42963 0.097917 0.414815
1 1.033594 0.678704 0.168229 0.746296
1 0.223437 0.387037 0.071875 0.301852
1 0.502604 0.349537 0.029167 0.130556
1 0.554167 0.327315 0.014583 0.058333
1 0.599219 0.354167 0.027604 0.162037
10 0.157031 0.500926 0.181771 0.188889
1 0.322135 0.3375 0.021354 0.100926
1 0.604948 0.359722 0.024479 0.150926
1 0.710938 0.345833 0.021875 0.113889
1 0.268229 0.350926 0.021875 0.122222
1 0.245312 0.352778 0.022917 0.12037
1 0.307552 0.363426 0.022396 0.134259
10 0.351823 0.396296 0.072396 0.081481
10 0.282031 0.432407 0.107812 0.118519
1 -0.00026 0.360185 0.026562 0.153704
1 0.519792 0.328704 0.009375 0.037037
7 0.465365 0.344444 0.026562 0.059259
7 0.484375 0.348148 0.01875 0.057407
10 0.027344 0.386574 0.076563 0.067593
10 0.11276 0.35787 0.064062 0.080556
1 0.395052 0.326389 0.015104 0.063889
1 0.372396 0.321759 0.015625 0.073148
10 0.861719 0.349537 0.291146 0.223148
1 0.369271 0.333333 0.0125 0.059259
1 0.358333 0.329167 0.0125 0.060185
