1 0.466406 0.439352 0.033854 0.15463
1 0.409115 0.416204 0.023438 0.115741
1 0.338542 0.421296 0.01875 0.098148
1 0.955729 0.605093 0.114583 0.523148
1 0.008854 0.458796 0.05 0.217593
1 0.215885 0.425 0.031771 0.131481
1 0.392188 0.417593 0.020833 0.107407
1 0.399479 0.411111 0.017708 0.096296
10 0.246615 0.458796 0.060937 0.075
1 0.083333 0.440278 0.030208 0.134259
1 0.490104 0.414815 0.023958 0.135185
1 0.436198 0.411574 0.016146 0.102778
1 0.200521 0.415741 0.017708 0.088889
1 0.194271 0.420833 0.013542 0.075
1 0.225 0.419907 0.017708 0.087963
10 0.260417 0.440741 0.040625 0.051852
1 0.351562 0.398148 0.013542 0.064815
1 0.030208 0.428241 0.017708 0.099074
7 0.300521 0.411111 0.01875 0.048148
7 0.308333 0.408333 0.015625 0.044444
10 0.03724 0.44213 0.044271 0.050926
10 0.604427 0.344907 0.291146 0.223148
7 0.696615 0.424074 0.024479 0.124074
