1 0.633854 0.356481 0.03125 0.138889
1 0.463542 0.348611 0.030208 0.14537
1 0.156771 0.44537 0.126042 0.501852
1 1.038542 0.675463 0.16875 0.752778
1 0.21875 0.388426 0.076042 0.319444
1 0.502083 0.353241 0.029167 0.136111
1 0.554427 0.327778 0.015104 0.059259
1 0.605469 0.358333 0.029687 0.17037
10 0.128385 0.519444 0.196354 0.211111
1 0.327865 0.3375 0.021354 0.100926
1 0.608854 0.356944 0.027083 0.160185
1 0.732031 0.356481 0.018229 0.112963
1 0.230729 0.34213 0.025 0.126852
1 0.209375 0.346759 0.023958 0.119444
1 0.511719 0.328241 0.014063 0.058333
1 0.305208 0.355093 0.021875 0.136111
10 0.35 0.398611 0.073958 0.087963
10 0.278385 0.443056 0.111979 0.126852
1 0.526563 0.323148 0.009375 0.038889
7 0.469531 0.341667 0.027604 0.061111
7 0.488021 0.348611 0.019792 0.056481
10 0.01901 0.3875 0.076563 0.067593
10 0.102865 0.352315 0.065104 0.086111
1 0.392969 0.326852 0.015104 0.066667
1 0.373177 0.325463 0.015104 0.075
10 0.87526 0.356019 0.291146 0.223148
1 0.371875 0.326852 0.0125 0.059259
1 0.359375 0.323611 0.0125 0.060185
