1 0.928906 0.650926 0.129688 0.748148
1 0.46224 0.461574 0.035937 0.158333
1 0.389323 0.436111 0.022396 0.112963
1 0.284115 0.428241 0.020313 0.089815
1 0.009375 0.466204 0.042708 0.197222
1 0.228646 0.436111 0.032292 0.124074
1 0.365365 0.433796 0.021354 0.106481
1 0.363281 0.428241 0.018229 0.089815
10 0.21849 0.470833 0.056771 0.069444
10 0.083333 0.649537 0.14375 0.637963
1 0.046354 0.464352 0.030208 0.134259
1 0.439062 0.433796 0.020833 0.113889
1 0.39401 0.433333 0.017188 0.103704
1 0.177344 0.427315 0.018229 0.084259
1 0.166146 0.43287 0.014583 0.075
1 0.317708 0.418981 0.013542 0.063889
7 0.259635 0.426389 0.019271 0.04537
7 0.272917 0.425463 0.015625 0.043519
10 0.565365 0.361574 0.291146 0.223148
7 0.646354 0.447685 0.021875 0.113889
