1 0.45026 0.44537 0.036979 0.155556
1 0.384896 0.417593 0.022917 0.116667
1 0.293229 0.419444 0.017708 0.090741
1 0.966667 0.589352 0.091667 0.491667
1 -0.007292 0.460648 0.04375 0.200926
1 0.209635 0.422685 0.028646 0.126852
1 0.3625 0.421296 0.021875 0.107407
1 0.364063 0.410648 0.016667 0.091667
10 0.215625 0.456944 0.060417 0.073148
10 0.003125 0.65787 0.154167 0.697222
1 0.040625 0.447685 0.030208 0.134259
1 0.446094 0.416204 0.021354 0.115741
1 0.398177 0.413426 0.016146 0.102778
1 0.17474 0.411111 0.018229 0.085185
1 0.164844 0.418056 0.014063 0.069444
1 0.192708 0.419907 0.017708 0.087963
1 0.320312 0.400463 0.013542 0.063889
7 0.26276 0.409722 0.019271 0.04537
7 0.273958 0.412963 0.015625 0.044444
10 0.56901 0.346759 0.291146 0.223148
7 0.657552 0.431481 0.022396 0.114815
