1 0.666667 0.53287 0.059375 0.30463
1 0.582812 0.491204 0.035417 0.156481
1 0.128906 0.541204 0.069271 0.273148
1 0.472396 0.460648 0.023958 0.108333
1 0.03724 0.513889 0.045312 0.188889
1 0.155729 0.506481 0.034375 0.174074
1 0.080729 0.512963 0.035417 0.168519
1 0.163802 0.490278 0.035937 0.152778
1 0.448437 0.467593 0.01875 0.1
1 0.11875 0.512037 0.034375 0.177778
1 0.429948 0.452778 0.017188 0.081481
10 0.315625 0.49213 0.052083 0.062037
10 0.345573 0.59537 0.074479 0.335185
1 0.152604 0.482407 0.026042 0.125926
1 0.485156 0.456019 0.019271 0.09537
1 0.463802 0.462037 0.015104 0.094444
1 0.271354 0.45787 0.0125 0.067593
1 0.260937 0.45787 0.010417 0.05463
1 0.277865 0.464352 0.011979 0.069444
1 0.253125 0.455093 0.011458 0.058333
1 0.238281 0.453704 0.010937 0.061111
1 0.223958 0.459259 0.010417 0.051852
1 0.388021 0.452315 0.013542 0.063889
10 0.626823 0.381019 0.291146 0.223148
7 0.690885 0.468056 0.021354 0.099074
