1 0.903646 0.651852 0.123958 0.731481
1 0.463281 0.463426 0.035937 0.158333
1 0.390885 0.437963 0.022396 0.112963
1 0.28125 0.430093 0.021875 0.089815
1 0.01276 0.467593 0.043229 0.196296
1 0.229427 0.440741 0.024479 0.122222
1 0.366406 0.4375 0.021354 0.106481
1 0.3625 0.430556 0.01875 0.090741
10 0.21901 0.472685 0.056771 0.069444
10 0.097917 0.647685 0.142708 0.621296
1 0.047917 0.463426 0.030208 0.134259
1 0.438542 0.436574 0.020833 0.113889
1 0.39401 0.435648 0.017188 0.102778
1 0.177344 0.431944 0.018229 0.084259
1 0.316667 0.423611 0.013542 0.063889
7 0.259635 0.428241 0.019271 0.04537
7 0.272135 0.428704 0.016146 0.042593
10 0.565365 0.363426 0.291146 0.223148
7 0.644271 0.451389 0.021875 0.113889
