1 0.644271 0.350926 0.032292 0.146296
1 0.461979 0.343519 0.030208 0.146296
1 0.198698 0.393519 0.089063 0.35
1 0.509375 0.351852 0.029167 0.137037
1 0.572396 0.323148 0.015625 0.066667
1 0.629948 0.359259 0.026562 0.183333
10 0.080729 0.541667 0.232292 0.261111
1 0.338542 0.326852 0.020833 0.094444
1 0.628906 0.357407 0.026562 0.164815
1 0.194271 0.343519 0.023958 0.127778
1 0.166667 0.338889 0.029167 0.142593
1 0.52474 0.321759 0.014063 0.058333
1 0.30026 0.347222 0.026562 0.144444
10 0.348698 0.394444 0.080729 0.096296
10 0.255208 0.44537 0.139583 0.144444
1 0.540625 0.314815 0.009375 0.038889
1 0.53151 0.314815 0.007812 0.044444
7 0.48099 0.333333 0.024479 0.061111
7 0.499479 0.339352 0.020833 0.060185
10 0.005469 0.381019 0.076563 0.067593
10 0.102344 0.342593 0.072396 0.085185
1 0.390885 0.315741 0.015104 0.066667
1 0.371094 0.3125 0.015104 0.075
10 0.905469 0.359722 0.291146 0.223148
1 0.382812 0.319444 0.0125 0.059259
1 0.372396 0.318981 0.0125 0.060185
