1 0.497396 0.414815 0.036458 0.155556
1 0.442188 0.387037 0.027083 0.12963
1 0.417708 0.395833 0.025 0.126852
1 0.778646 0.612037 0.113542 0.624074
1 0.919531 0.606944 0.143229 0.641667
1 0.309115 0.402315 0.035937 0.158333
1 0.446354 0.384259 0.021875 0.116667
1 0.479167 0.388889 0.025 0.114815
10 0.267448 0.437963 0.067187 0.087037
1 0.172917 0.39213 0.026042 0.119444
1 0.622656 0.420833 0.042188 0.232407
1 0.484375 0.385185 0.016667 0.096296
1 0.526042 0.383796 0.017708 0.106481
1 0.239062 0.38287 0.021875 0.115741
1 0.226302 0.386111 0.016146 0.094444
1 0.491667 0.383796 0.020833 0.086111
1 0.477604 0.383333 0.021875 0.094444
1 0.292448 0.393981 0.017188 0.100926
10 0.320833 0.410648 0.047917 0.056481
10 0.29974 0.421759 0.057812 0.063889
1 0.436719 0.369907 0.013021 0.063889
1 0.065365 0.366204 0.013021 0.065741
1 0.083333 0.386574 0.020833 0.10463
7 0.391146 0.381481 0.01875 0.05
7 0.404167 0.385185 0.015625 0.044444
10 0.092969 0.405093 0.052604 0.05463
1 0.091667 0.370833 0.014583 0.063889
10 0.123437 0.384259 0.039583 0.061111
1 0.326562 0.365741 0.0125 0.053704
10 0.691927 0.33287 0.291146 0.223148
7 0.860417 0.4375 0.0375 0.167593
