1 0.515625 0.416667 0.036458 0.155556
1 0.467187 0.392593 0.027083 0.12963
1 0.439062 0.394907 0.027083 0.137963
1 0.785937 0.629167 0.116667 0.632407
1 0.928385 0.609259 0.117188 0.638889
1 0.327083 0.404167 0.045833 0.163889
1 0.468229 0.390741 0.021875 0.116667
1 0.502344 0.390278 0.021354 0.112037
10 0.285938 0.444444 0.065625 0.088889
1 0.201823 0.393981 0.026562 0.117593
1 0.65625 0.435648 0.045833 0.250926
1 0.510938 0.385185 0.016667 0.096296
1 0.551562 0.390278 0.017708 0.106481
1 0.263542 0.3875 0.023958 0.121296
1 0.249219 0.393981 0.016146 0.100926
1 0.511458 0.385648 0.020833 0.086111
1 0.49375 0.390741 0.021875 0.096296
1 0.317969 0.393981 0.017188 0.100926
10 0.341927 0.415741 0.052604 0.055556
10 0.320052 0.428241 0.058854 0.065741
1 0.088281 0.368056 0.013021 0.065741
1 0.10625 0.388889 0.020833 0.105556
7 0.414323 0.383796 0.017188 0.049074
7 0.426042 0.387037 0.015625 0.044444
10 0.116406 0.408796 0.052604 0.056481
1 0.120313 0.371759 0.014583 0.063889
10 0.152083 0.388889 0.041667 0.061111
1 0.355208 0.369907 0.0125 0.05463
1 0.339844 0.369907 0.009896 0.052778
10 0.716927 0.34213 0.291146 0.223148
7 0.896875 0.428241 0.0375 0.167593
