1 0.613542 0.356481 0.035417 0.151852
1 0.525 0.342593 0.03125 0.137037
1 0.509115 0.347222 0.033854 0.161111
1 0.817448 0.593056 0.123437 0.693519
1 0.960156 0.5875 0.139063 0.723148
1 0.369792 0.35463 0.052083 0.198148
1 0.536458 0.339815 0.022917 0.12037
1 0.561719 0.316204 0.010937 0.043519
1 0.030729 0.370833 0.039583 0.180556
1 0.588021 0.337037 0.028125 0.127778
10 0.316927 0.403241 0.091146 0.09537
1 0.304167 0.331481 0.025 0.105556
1 0.596094 0.338426 0.020313 0.115741
1 0.644271 0.33287 0.017708 0.106481
1 0.275521 0.342593 0.03125 0.159259
1 0.258073 0.35 0.021354 0.135185
1 0.508073 0.335185 0.020313 0.092593
1 0.48099 0.333796 0.021354 0.10463
1 0.379688 0.346759 0.021875 0.115741
10 0.405729 0.362037 0.048958 0.059259
10 0.370833 0.379167 0.06875 0.075
1 0.144531 0.312963 0.014063 0.07037
1 0.152344 0.333333 0.022396 0.112963
7 0.486458 0.32963 0.01875 0.05
7 0.507552 0.333796 0.017188 0.049074
10 0.165104 0.355093 0.05625 0.05463
1 0.16276 0.318981 0.017188 0.071296
10 0.195052 0.331944 0.044271 0.067593
1 0.439583 0.315278 0.011458 0.056481
1 0.423698 0.312963 0.008854 0.061111
10 0.809635 0.297685 0.291146 0.223148
1 0.407031 0.321759 0.011979 0.052778
1 0.396354 0.317593 0.011458 0.053704
