1 0.621354 0.340278 0.033333 0.139815
1 0.461979 0.326852 0.028125 0.140741
1 0.402604 0.357407 0.051042 0.22963
1 0.947656 0.571759 0.126562 0.736111
1 0.20625 0.355093 0.055208 0.243519
1 0.498958 0.330556 0.026042 0.125926
1 0.529948 0.303704 0.011979 0.053704
1 0.570573 0.32963 0.027604 0.148148
10 0.224219 0.438426 0.131771 0.141667
1 0.294792 0.319907 0.021875 0.100926
1 0.577344 0.334259 0.021354 0.137037
1 0.648177 0.318981 0.018229 0.110185
1 0.06224 0.357407 0.061979 0.253704
1 0.033854 0.373611 0.054167 0.217593
1 0.347135 0.325463 0.020313 0.10463
1 0.333073 0.322685 0.023438 0.110185
1 0.314583 0.339352 0.022917 0.121296
10 0.355208 0.365278 0.059375 0.075
10 0.303906 0.394444 0.088021 0.101852
1 0.005729 0.30787 0.017708 0.093519
1 0.042708 0.331481 0.028125 0.135185
7 0.456771 0.314815 0.020833 0.05
7 0.470573 0.327315 0.018229 0.056481
10 0.065885 0.356481 0.070312 0.064815
10 0.132031 0.333333 0.054688 0.07963
1 0.391927 0.300926 0.010937 0.059259
1 0.377344 0.301852 0.013021 0.066667
10 0.814323 0.305093 0.291146 0.223148
1 0.358854 0.318519 0.0125 0.059259
1 0.351562 0.309259 0.011458 0.057407
