1 0.492188 0.399074 0.035417 0.151852
1 0.438542 0.377315 0.025 0.121296
1 0.395833 0.380556 0.021875 0.124074
1 0.889844 0.563426 0.096354 0.569444
1 0.997135 0.548148 0.095312 0.590741
1 0.301563 0.388889 0.038542 0.148148
1 0.441406 0.371759 0.021354 0.108333
1 0.452083 0.367593 0.016667 0.098148
10 0.272917 0.427315 0.064583 0.082407
1 0.142969 0.400463 0.025521 0.121296
1 0.56875 0.384722 0.034375 0.176852
1 0.460677 0.368981 0.017188 0.089815
1 0.497396 0.369907 0.017708 0.106481
1 0.239844 0.381944 0.020313 0.108333
1 0.223437 0.386111 0.013542 0.088889
1 0.276823 0.388426 0.017188 0.100926
10 0.309375 0.401389 0.0375 0.050926
10 0.291927 0.411574 0.050521 0.056481
1 0.407292 0.361574 0.013542 0.063889
1 0.05599 0.376389 0.010937 0.063889
1 0.082292 0.390278 0.020833 0.099074
7 0.35651 0.369444 0.019271 0.048148
7 0.376563 0.372222 0.015625 0.044444
10 0.088802 0.410185 0.049479 0.05
1 0.082031 0.37963 0.011979 0.059259
10 0.107292 0.389815 0.0375 0.053704
10 0.665365 0.311574 0.291146 0.223148
7 0.803646 0.392593 0.029167 0.146296
