1 0.544792 0.400463 0.035417 0.156481
1 0.479167 0.380093 0.025 0.123148
1 0.438542 0.375 0.020833 0.118519
1 0.968229 0.573148 0.113542 0.568519
1 0.057292 0.430556 0.059375 0.233333
1 0.340625 0.388426 0.030208 0.139815
1 0.478125 0.37963 0.021875 0.111111
1 0.010937 0.443519 0.036458 0.187037
1 0.493229 0.371759 0.016667 0.097222
10 0.321094 0.433333 0.059896 0.077778
1 0.192969 0.393981 0.025521 0.121296
1 0.597135 0.386111 0.030729 0.162963
1 0.536979 0.369907 0.01875 0.106481
1 0.293229 0.379167 0.01875 0.097222
1 0.27474 0.384722 0.014063 0.080556
1 0.31849 0.38287 0.017188 0.097222
10 0.3375 0.405093 0.0375 0.050926
10 0.340104 0.415278 0.040625 0.05463
1 0.448958 0.359722 0.013542 0.063889
1 0.110677 0.368981 0.010937 0.062037
1 0.13724 0.387963 0.017188 0.094444
7 0.396875 0.369444 0.017708 0.046296
7 0.413542 0.37037 0.015625 0.044444
10 0.140365 0.401852 0.049479 0.05
1 0.133594 0.375926 0.011979 0.059259
10 0.155729 0.3875 0.032292 0.05463
10 0.701302 0.313426 0.291146 0.223148
7 0.831771 0.39213 0.032292 0.141667
