1 0.539323 0.414352 0.034896 0.150926
1 0.48151 0.395833 0.025521 0.128704
1 0.453906 0.394444 0.027604 0.138889
1 0.779948 0.641667 0.116146 0.642593
1 0.920833 0.632407 0.136458 0.662963
1 0.333333 0.4 0.047917 0.17037
1 0.491146 0.391667 0.022917 0.116667
1 0.521875 0.39213 0.020833 0.112037
10 0.297396 0.443981 0.066667 0.091667
1 0.226042 0.388426 0.026042 0.113889
1 0.695833 0.449074 0.05 0.281481
1 0.525521 0.393519 0.016667 0.096296
1 0.575 0.393981 0.017708 0.106481
1 0.276562 0.386111 0.023958 0.12037
1 0.261198 0.39213 0.019271 0.102778
1 0.51849 0.383796 0.020313 0.089815
1 0.501563 0.388889 0.021875 0.096296
1 0.332552 0.393056 0.017188 0.100926
10 0.359896 0.415741 0.051042 0.055556
10 0.334896 0.427778 0.058333 0.068519
1 0.104948 0.35787 0.013021 0.065741
1 0.125 0.383333 0.020833 0.105556
7 0.433854 0.384259 0.01875 0.05
7 0.446354 0.387963 0.015625 0.044444
10 0.134635 0.404167 0.052604 0.056481
1 0.1375 0.363426 0.014583 0.063889
10 0.169271 0.377778 0.041667 0.061111
1 0.374219 0.371296 0.011979 0.059259
1 0.365365 0.366667 0.009896 0.053704
10 0.738281 0.345833 0.291146 0.223148
7 0.932812 0.444907 0.0375 0.167593
