1 0.546354 0.409259 0.036458 0.151852
1 0.486458 0.397222 0.027083 0.131481
1 0.461719 0.391667 0.027604 0.135185
1 0.779687 0.631481 0.117708 0.640741
1 0.922917 0.625 0.15 0.675926
1 0.340104 0.400463 0.039583 0.162037
1 0.498437 0.385185 0.021875 0.118519
1 0.53125 0.390741 0.022917 0.116667
10 0.302604 0.440741 0.06875 0.088889
1 0.235677 0.384722 0.025521 0.112037
1 0.714583 0.452778 0.052083 0.301852
1 0.534375 0.388426 0.017708 0.097222
1 0.584375 0.393981 0.017708 0.106481
1 0.279687 0.381481 0.023958 0.12037
1 0.266406 0.3875 0.021354 0.108333
1 0.520573 0.382407 0.020313 0.090741
1 0.504167 0.382407 0.021875 0.096296
1 0.339323 0.386574 0.017188 0.100926
10 0.367188 0.411574 0.048958 0.05463
10 0.339583 0.424074 0.058333 0.068519
1 0.11224 0.35 0.013021 0.066667
1 0.129688 0.380556 0.020833 0.105556
7 0.442708 0.384259 0.01875 0.05
7 0.454948 0.385648 0.016146 0.04537
10 0.138802 0.400463 0.052604 0.056481
1 0.144792 0.358796 0.014583 0.063889
10 0.177604 0.374074 0.041667 0.061111
1 0.384635 0.366667 0.011979 0.059259
1 0.375781 0.360185 0.009896 0.055556
10 0.746615 0.345833 0.291146 0.223148
1 0.353646 0.365741 0.0125 0.051852
7 0.951562 0.443981 0.038542 0.167593
