1 0.6375 0.383333 0.030208 0.133333
1 0.436458 0.385648 0.032292 0.167593
1 0.473958 0.393981 0.030208 0.156481
1 0.753646 0.380093 0.039583 0.178704
1 0.584635 0.358796 0.016146 0.063889
10 -0.0875 0.797222 0.221875 0.388889
1 0.010937 0.389352 0.025 0.108333
1 0.036719 0.383333 0.022396 0.112963
1 0.621094 0.359259 0.015104 0.059259
1 0.601562 0.356944 0.0125 0.067593
7 0.52474 0.398611 0.031771 0.108333
7 0.550781 0.403704 0.031771 0.101852
1 0.353646 0.358796 0.013542 0.052778
1 0.364323 0.359259 0.010937 0.046296
1 0.377083 0.351389 0.011458 0.047222
1 0.411979 0.359259 0.015625 0.053704
