1 0.635938 0.365741 0.032292 0.140741
1 0.455729 0.358333 0.030208 0.15
1 0.216927 0.426852 0.106771 0.392593
1 0.503906 0.362963 0.027604 0.138889
1 0.576042 0.328241 0.016667 0.065741
1 0.64401 0.371296 0.038021 0.211111
10 -0.028125 0.634259 0.272917 0.309259
1 0.338021 0.35 0.020833 0.094444
1 0.634896 0.37037 0.028125 0.190741
1 0.117708 0.368056 0.0375 0.137963
1 0.063281 0.377315 0.049479 0.15463
1 0.523698 0.330093 0.014063 0.058333
1 0.273698 0.377315 0.023438 0.162037
10 0.33151 0.42963 0.091146 0.105556
10 0.211979 0.504167 0.161458 0.169444
1 0.542188 0.325926 0.009375 0.038889
1 0.529948 0.321296 0.008854 0.042593
7 0.480729 0.35 0.023958 0.064815
7 0.501823 0.354167 0.021354 0.063889
10 0.075 0.368981 0.083333 0.100926
1 0.375781 0.330556 0.015104 0.066667
1 0.353385 0.337963 0.018229 0.077778
10 0.935677 0.391204 0.291146 0.223148
1 0.381771 0.334259 0.0125 0.059259
1 0.370833 0.331944 0.0125 0.060185
8 0.758333 0.320833 0.023958 0.115741
8 0.780469 0.324537 0.022396 0.112037
