1 0.614062 0.367593 0.035417 0.151852
1 0.534375 0.34537 0.03125 0.135185
1 0.518229 0.347685 0.029167 0.150926
1 0.813021 0.585185 0.120833 0.67037
1 0.972396 0.583796 0.135417 0.712037
1 0.378646 0.356944 0.052083 0.191667
1 0.546875 0.348148 0.022917 0.12037
1 0.567187 0.315741 0.010417 0.042593
1 0.044531 0.368519 0.038021 0.17963
1 0.589844 0.341204 0.025521 0.123148
10 0.334115 0.406019 0.084896 0.089815
1 0.308333 0.341204 0.025 0.108333
1 0.598958 0.343519 0.01875 0.112963
1 0.654948 0.340278 0.019271 0.108333
1 0.300781 0.338889 0.028646 0.148148
1 0.283073 0.352315 0.021354 0.125
1 0.517969 0.340741 0.020313 0.092593
1 0.507552 0.338426 0.021354 0.100926
1 0.391146 0.341667 0.020833 0.111111
10 0.420052 0.368056 0.047396 0.060185
10 0.383854 0.383796 0.065625 0.071296
1 0.16276 0.309722 0.013021 0.071296
1 0.171094 0.333333 0.020313 0.109259
7 0.5 0.337037 0.01875 0.05
7 0.516927 0.339352 0.017188 0.049074
10 0.183073 0.355556 0.054688 0.055556
1 0.179948 0.318981 0.017188 0.071296
10 0.222135 0.333796 0.042188 0.062037
1 0.446875 0.322685 0.011458 0.056481
1 0.434115 0.322222 0.008854 0.061111
10 0.815885 0.305093 0.291146 0.223148
1 0.414323 0.318056 0.011979 0.052778
1 0.401302 0.317593 0.010937 0.051852
