1 0.508854 0.42037 0.036458 0.159259
1 0.448437 0.404167 0.026042 0.121296
1 0.392188 0.397222 0.019792 0.105556
1 0.982031 0.575926 0.138021 0.527778
1 0.033854 0.449074 0.051042 0.22037
1 0.267188 0.406019 0.035417 0.132407
1 0.440104 0.402778 0.021875 0.107407
1 0.448177 0.390741 0.017188 0.096296
10 0.288542 0.443981 0.064583 0.075
1 0.141146 0.415741 0.029167 0.12963
1 0.541667 0.396296 0.027083 0.140741
1 0.485677 0.388426 0.016146 0.102778
1 0.252865 0.394907 0.017188 0.09537
1 0.240625 0.399074 0.013542 0.077778
1 0.274479 0.402315 0.017708 0.087963
10 0.308333 0.419444 0.040625 0.051852
1 0.402083 0.380093 0.013542 0.063889
1 0.065365 0.384259 0.010937 0.062963
1 0.08776 0.403704 0.017188 0.094444
7 0.350521 0.387037 0.01875 0.048148
7 0.361458 0.387963 0.015625 0.044444
10 0.09401 0.419444 0.049479 0.05
1 0.088281 0.394444 0.011979 0.059259
10 0.1125 0.406019 0.032292 0.05463
10 0.651823 0.327315 0.291146 0.223148
7 0.763542 0.409722 0.026042 0.128704
