1 0.751302 0.57963 0.104688 0.503704
1 0.49375 0.470833 0.036458 0.156481
1 0.407812 0.441204 0.022917 0.110185
1 0.035156 0.494444 0.042188 0.190741
1 0.282292 0.441667 0.017708 0.081481
1 0.056771 0.476852 0.039583 0.185185
1 0.266406 0.449074 0.025521 0.118519
1 0.381771 0.446759 0.019792 0.10463
1 0.373698 0.431944 0.017188 0.086111
10 0.236458 0.479167 0.05625 0.067593
10 0.204948 0.628704 0.107812 0.45
1 0.073177 0.474537 0.025521 0.130556
1 0.44349 0.436574 0.021354 0.108333
1 0.408594 0.436111 0.018229 0.098148
1 0.16224 0.439352 0.009896 0.05463
1 0.173698 0.441204 0.010937 0.050926
1 0.329688 0.429167 0.013542 0.063889
10 0.575781 0.3625 0.291146 0.223148
7 0.648438 0.451389 0.020833 0.106481
