1 0.609115 0.369444 0.033854 0.146296
1 0.532552 0.351389 0.030729 0.134259
1 0.516146 0.352778 0.032292 0.153704
1 0.802604 0.601389 0.121875 0.680556
1 0.963542 0.605093 0.139583 0.715741
1 0.377344 0.359722 0.045312 0.187963
1 0.54375 0.351852 0.022917 0.12037
1 0.563542 0.324074 0.010417 0.042593
1 0.041927 0.372222 0.038021 0.17963
1 0.591146 0.346759 0.020833 0.123148
10 0.332813 0.406481 0.083333 0.088889
1 0.302865 0.346296 0.025521 0.109259
1 0.946094 0.456944 0.102604 0.482407
1 0.595833 0.34537 0.01875 0.112963
1 0.651302 0.344444 0.018229 0.107407
1 0.301302 0.346296 0.027604 0.144444
1 0.284896 0.353704 0.020833 0.122222
1 0.51901 0.342593 0.020313 0.092593
1 0.509375 0.340741 0.021875 0.098148
1 0.386198 0.34537 0.020313 0.109259
10 0.417448 0.370833 0.047396 0.060185
10 0.380729 0.387963 0.063542 0.072222
1 0.160677 0.317593 0.015104 0.075926
1 0.167969 0.339815 0.020313 0.109259
7 0.497917 0.339815 0.01875 0.05
7 0.513802 0.34213 0.017188 0.049074
10 0.179948 0.361111 0.054688 0.055556
1 0.179948 0.318981 0.017188 0.071296
10 0.225521 0.334259 0.041667 0.061111
1 0.446354 0.324537 0.011458 0.056481
1 0.429948 0.327778 0.008854 0.061111
10 0.811719 0.309722 0.291146 0.223148
1 0.408594 0.323611 0.011979 0.052778
1 0.398177 0.32037 0.010937 0.051852
