1 0.617708 0.366667 0.033333 0.148148
1 0.45625 0.346296 0.029167 0.140741
1 0.376042 0.389815 0.058333 0.266667
1 0.970052 0.606019 0.123437 0.74537
1 0.206771 0.378704 0.064583 0.257407
1 0.493229 0.361111 0.030208 0.125926
1 0.528125 0.324074 0.0125 0.055556
1 0.569531 0.347685 0.024479 0.150926
10 0.20625 0.458333 0.140625 0.148148
1 0.299219 0.333796 0.021354 0.100926
1 0.574479 0.352315 0.022917 0.136111
1 0.651302 0.341204 0.021354 0.117593
1 0.013542 0.389352 0.061458 0.273148
1 0.322135 0.344444 0.020313 0.111111
1 0.307552 0.3375 0.023438 0.110185
1 0.308333 0.350926 0.022917 0.124074
10 0.347917 0.386111 0.059375 0.075926
10 0.294792 0.413426 0.092708 0.100926
1 0.027865 0.356019 0.027604 0.139815
7 0.452344 0.336574 0.021354 0.050926
7 0.467708 0.341667 0.01875 0.057407
10 0.048698 0.383796 0.076563 0.067593
10 0.11901 0.346296 0.057812 0.081481
1 0.385677 0.326852 0.010937 0.059259
1 0.367448 0.324074 0.013021 0.066667
10 0.816406 0.325463 0.291146 0.223148
1 0.354167 0.331481 0.0125 0.059259
1 0.344531 0.327778 0.010937 0.061111
