1 0.6 0.331019 0.028125 0.130556
1 0.415625 0.331481 0.032292 0.161111
1 0.45625 0.338889 0.029167 0.146296
1 0.616667 0.3125 0.023958 0.10463
1 0.744792 0.381019 0.057292 0.378704
1 0.366146 0.321296 0.020833 0.103704
1 0.720573 0.375926 0.049479 0.322222
1 0.528385 0.305556 0.014063 0.064815
1 0.102344 0.396759 0.053646 0.291667
10 0.182031 0.489352 0.181771 0.206481
1 0.101823 0.324074 0.022396 0.111111
1 0.101562 0.318519 0.015625 0.081481
1 0.124479 0.305093 0.015625 0.078704
1 0.555729 0.300463 0.0125 0.052778
1 0.543229 0.298148 0.010417 0.051852
7 0.478906 0.334722 0.023438 0.082407
7 0.495833 0.342593 0.025 0.07963
1 0.385417 0.312963 0.0125 0.059259
8 0.857812 0.30463 0.028125 0.144444
8 0.88776 0.303704 0.032813 0.146296
8 0.917708 0.302315 0.028125 0.137963
1 0.336979 0.29213 0.010417 0.037963
1 0.341927 0.293519 0.010937 0.042593
