1 0.735417 0.495833 0.044792 0.250926
1 0.734896 0.484259 0.038542 0.162963
1 0.323698 0.494907 0.049479 0.202778
1 0.611458 0.443981 0.025 0.110185
1 0.21276 0.485185 0.040104 0.17037
1 0.323698 0.483796 0.033854 0.173148
1 0.251823 0.490278 0.031771 0.163889
1 0.58125 0.45 0.019792 0.1
1 0.280208 0.487963 0.032292 0.166667
1 0.552083 0.440741 0.016667 0.077778
10 0.445833 0.475 0.05 0.057407
3 -0.017188 0.517593 0.234375 0.346296
10 0.501823 0.548148 0.067187 0.274074
1 0.157292 0.439352 0.014583 0.063889
1 0.298698 0.468056 0.026562 0.125
1 0.592708 0.446759 0.015625 0.091667
1 0.404948 0.440278 0.010937 0.060185
1 0.398698 0.441204 0.010937 0.052778
1 0.411198 0.448611 0.010937 0.065741
1 0.386458 0.440278 0.010417 0.052778
1 0.371875 0.437963 0.011458 0.057407
1 0.357812 0.443981 0.010417 0.050926
10 0.747656 0.373611 0.291146 0.223148
10 0.178646 0.488426 0.103125 0.076852
7 0.810677 0.460648 0.021354 0.099074
