1 0.618229 0.37963 0.030208 0.12963
1 0.414062 0.385185 0.032292 0.164815
1 0.455208 0.393056 0.030208 0.150926
1 0.710156 0.38287 0.039062 0.160185
1 0.98776 0.513426 0.121354 0.673148
1 0.557292 0.356944 0.016667 0.063889
10 -0.026562 0.741667 0.221875 0.388889
1 0.013802 0.379167 0.026562 0.100926
1 0.036198 0.374537 0.026562 0.106481
1 0.597135 0.358333 0.014063 0.055556
1 0.577604 0.356481 0.0125 0.057407
7 0.503385 0.39537 0.030729 0.101852
7 0.529687 0.403704 0.032292 0.096296
1 0.330469 0.352778 0.013021 0.051852
1 0.344271 0.356944 0.011458 0.04537
1 0.347656 0.350463 0.013021 0.043519
1 0.357552 0.347685 0.011979 0.04537
1 0.392969 0.358796 0.015104 0.052778
