1 0.588802 0.322222 0.030729 0.135185
1 0.451302 0.310648 0.025521 0.143519
1 0.431771 0.32963 0.038542 0.188889
1 0.832552 0.532407 0.111979 0.683333
1 0.977083 0.549537 0.147917 0.74537
1 0.241927 0.324074 0.036979 0.216667
1 0.482031 0.309259 0.023438 0.124074
1 0.510156 0.281944 0.013021 0.047222
1 0.543229 0.304167 0.022917 0.132407
10 0.233854 0.393519 0.108333 0.114815
1 0.263542 0.303704 0.025 0.105556
1 0.548958 0.315278 0.020833 0.121296
1 0.609635 0.300463 0.017188 0.110185
1 0.146875 0.32963 0.038542 0.198148
1 0.122656 0.340278 0.027604 0.175
1 0.384635 0.306481 0.024479 0.105556
1 0.36901 0.306944 0.019271 0.112037
1 0.315625 0.318056 0.022917 0.121296
10 0.346094 0.340741 0.056771 0.068519
10 0.303646 0.362037 0.078125 0.092593
1 0.023698 0.290741 0.019271 0.087037
1 0.058594 0.308796 0.026562 0.125
7 0.441927 0.294907 0.020313 0.049074
7 0.460156 0.296296 0.017188 0.05
10 0.075781 0.333333 0.069271 0.064815
1 0.065885 0.298611 0.017188 0.071296
10 0.133854 0.309722 0.045833 0.071296
1 0.376823 0.283333 0.010937 0.059259
1 0.367188 0.283333 0.010417 0.064815
10 0.777865 0.280093 0.291146 0.223148
1 0.350781 0.297222 0.011979 0.057407
1 0.338542 0.294444 0.011458 0.053704
