1 0.728646 0.483333 0.041667 0.227778
1 0.761719 0.476852 0.036979 0.162963
1 0.346615 0.486574 0.045312 0.191667
1 0.626563 0.440741 0.025 0.109259
1 0.238802 0.482407 0.039062 0.166667
1 0.359896 0.480556 0.03125 0.166667
1 0.278646 0.487037 0.030208 0.159259
1 0.597917 0.44537 0.019792 0.098148
1 0.301042 0.48287 0.029167 0.165741
1 0.571354 0.431481 0.016667 0.075926
10 0.46901 0.466204 0.048438 0.056481
3 0.03125 0.516667 0.235417 0.346296
10 0.526823 0.534722 0.066146 0.258333
1 0.186458 0.4375 0.014583 0.063889
1 0.325521 0.464352 0.027083 0.126852
1 0.610677 0.443056 0.016146 0.09537
1 0.426042 0.430093 0.010417 0.062037
1 0.415885 0.433796 0.010937 0.052778
1 0.433073 0.441204 0.010937 0.065741
1 0.405469 0.437037 0.009896 0.053704
1 0.389583 0.434259 0.011458 0.057407
1 0.376563 0.436574 0.010417 0.050926
10 0.76849 0.36713 0.291146 0.223148
10 0.204948 0.488889 0.095312 0.074074
7 0.826302 0.451389 0.021354 0.099074
