1 0.608854 0.349537 0.026042 0.126852
1 0.4125 0.34537 0.032292 0.161111
1 0.455469 0.354167 0.024479 0.147222
1 0.660417 0.336574 0.032292 0.128704
1 0.867188 0.445833 0.079167 0.556481
1 0.394271 0.336574 0.022917 0.102778
1 0.815885 0.422685 0.071354 0.45463
1 0.544271 0.319444 0.016667 0.062963
10 0.088281 0.593519 0.223437 0.296296
1 0.030729 0.32963 0.035417 0.125926
1 0.058594 0.326852 0.020313 0.096296
1 0.079948 0.322222 0.022396 0.096296
1 0.578125 0.320833 0.0125 0.052778
1 0.561979 0.312963 0.0125 0.057407
7 0.491927 0.355556 0.028646 0.094444
7 0.514323 0.358796 0.026562 0.089815
8 0.90026 0.304167 0.030729 0.160185
8 0.936198 0.305556 0.035937 0.162963
8 0.967187 0.309259 0.030208 0.151852
1 0.324219 0.313426 0.013021 0.049074
1 0.334896 0.316667 0.011458 0.046296
1 0.346875 0.312037 0.011458 0.042593
1 0.348177 0.305093 0.011979 0.04537
