1 0.598437 0.343981 0.03125 0.136111
1 0.422656 0.337037 0.031771 0.161111
1 0.463542 0.34537 0.029167 0.144444
1 0.613802 0.325926 0.024479 0.101852
1 0.735156 0.391667 0.051562 0.362963
1 0.364323 0.337963 0.021354 0.101852
1 0.714323 0.383333 0.049479 0.309259
1 0.528385 0.317593 0.014063 0.064815
1 0.120313 0.399537 0.057292 0.275
10 0.199479 0.484259 0.170833 0.194444
1 0.116667 0.330093 0.021875 0.106481
1 0.113281 0.318981 0.015104 0.080556
1 0.133073 0.310185 0.015104 0.077778
1 0.555469 0.312037 0.011979 0.05
1 0.542188 0.315741 0.011458 0.051852
7 0.480208 0.341204 0.022917 0.078704
7 0.498958 0.347685 0.025 0.076852
1 0.384896 0.323148 0.0125 0.059259
8 0.854427 0.307407 0.027604 0.140741
8 0.883594 0.306481 0.032813 0.142593
8 0.913021 0.30463 0.028125 0.135185
