1 0.59974 0.326852 0.033854 0.144444
1 0.453646 0.31713 0.028125 0.139815
1 0.42526 0.3375 0.038021 0.200926
1 0.8625 0.559259 0.114583 0.712963
1 1.016927 0.553241 0.147396 0.750926
1 0.232552 0.336111 0.036979 0.22037
1 0.490365 0.315741 0.024479 0.124074
1 0.517969 0.288889 0.011979 0.05
1 0.552083 0.309259 0.03125 0.133333
10 0.238542 0.412037 0.115625 0.122222
1 0.277083 0.311111 0.025 0.105556
1 0.557031 0.311111 0.021354 0.125926
1 0.622135 0.30463 0.017188 0.109259
1 0.130469 0.343981 0.042188 0.210185
1 0.109635 0.35 0.033854 0.185185
1 0.373958 0.312963 0.025 0.105556
1 0.364323 0.311111 0.020313 0.111111
1 0.3125 0.323611 0.022917 0.121296
10 0.354427 0.349074 0.056771 0.068519
10 0.307812 0.376852 0.078125 0.092593
1 0.023698 0.305093 0.018229 0.087963
1 0.056771 0.329167 0.028125 0.134259
7 0.441927 0.309722 0.020313 0.049074
7 0.461719 0.3125 0.018229 0.050926
10 0.074219 0.355556 0.069271 0.064815
1 0.058073 0.302315 0.017188 0.071296
10 0.134115 0.312963 0.048438 0.074074
1 0.388281 0.294444 0.010937 0.059259
1 0.372917 0.290741 0.010417 0.064815
10 0.790365 0.279167 0.291146 0.223148
1 0.352083 0.303704 0.0125 0.059259
1 0.339583 0.294444 0.011458 0.053704
