1 0.59349 0.322222 0.026562 0.12963
1 0.400781 0.331944 0.031771 0.158333
1 0.445312 0.33287 0.023958 0.14537
1 0.626042 0.316667 0.03125 0.111111
1 0.780469 0.387037 0.061979 0.444444
1 0.368229 0.322222 0.020833 0.103704
1 0.754687 0.389815 0.061458 0.377778
1 0.523438 0.301389 0.015625 0.063889
1 0.038021 0.424074 0.055208 0.344444
10 0.120052 0.525926 0.224479 0.240741
1 0.061979 0.321296 0.029167 0.122222
1 0.065104 0.316204 0.017708 0.086111
1 0.094531 0.321759 0.020313 0.086111
1 0.555208 0.298611 0.0125 0.052778
1 0.544792 0.301852 0.010417 0.051852
7 0.473698 0.332407 0.024479 0.087037
7 0.498958 0.336111 0.025 0.085185
1 0.3875 0.312037 0.0125 0.059259
8 0.869792 0.298148 0.030208 0.157407
8 0.901042 0.29537 0.035417 0.159259
8 0.932812 0.295833 0.030208 0.149074
1 0.308073 0.301389 0.013021 0.04537
1 0.319531 0.30463 0.010937 0.046296
1 0.332552 0.299074 0.010937 0.038889
1 0.339323 0.302315 0.010937 0.041667
