1 0.467187 0.388889 0.036458 0.155556
1 0.414062 0.372222 0.027083 0.127778
1 0.379948 0.375 0.025521 0.131481
1 0.789062 0.5875 0.108333 0.606481
1 0.90625 0.582407 0.130208 0.612963
1 0.28776 0.376389 0.042188 0.15463
1 0.424479 0.372222 0.021875 0.112963
1 0.440365 0.360185 0.020313 0.111111
10 0.245052 0.422222 0.070312 0.087037
1 0.128385 0.369444 0.027604 0.122222
1 0.574479 0.389815 0.038542 0.209259
1 0.451562 0.362037 0.016667 0.096296
1 0.489063 0.359722 0.017708 0.106481
1 0.213542 0.362963 0.020833 0.112963
1 0.201302 0.368056 0.016146 0.087963
1 0.482292 0.352315 0.020833 0.086111
1 0.461719 0.368519 0.022396 0.090741
1 0.269531 0.375463 0.017188 0.100926
10 0.290625 0.393056 0.040625 0.056481
10 0.268229 0.404167 0.052083 0.065741
1 0.4 0.346296 0.013542 0.062963
1 0.023177 0.343981 0.013021 0.065741
1 0.046875 0.368056 0.020833 0.099074
7 0.351042 0.360185 0.01875 0.05
7 0.363021 0.357407 0.015625 0.044444
10 0.054948 0.386111 0.051562 0.05
1 0.055729 0.346759 0.014583 0.063889
10 0.083594 0.359259 0.039062 0.053704
10 0.660677 0.314352 0.291146 0.223148
7 0.807812 0.395833 0.034375 0.156481
