1 0.451823 0.44537 0.036979 0.151852
1 0.388021 0.41713 0.020833 0.115741
1 0.294271 0.412963 0.017708 0.090741
1 0.975 0.586111 0.079167 0.485185
1 -0.005469 0.4625 0.042188 0.199074
1 0.215625 0.421759 0.025 0.125
1 0.365104 0.421296 0.021875 0.107407
1 0.366146 0.412963 0.019792 0.092593
10 0.21901 0.457407 0.059896 0.072222
10 0.015625 0.654167 0.142708 0.697222
1 0.041667 0.450463 0.030208 0.134259
1 0.446354 0.41713 0.020833 0.113889
1 0.399219 0.413426 0.016146 0.102778
1 0.176823 0.411111 0.018229 0.085185
1 0.166146 0.418981 0.014583 0.069444
1 0.194271 0.422685 0.017708 0.087963
1 0.321875 0.401389 0.013542 0.063889
7 0.264323 0.411574 0.019271 0.04537
7 0.274479 0.413889 0.015625 0.044444
10 0.570052 0.347685 0.291146 0.223148
7 0.65651 0.431944 0.022396 0.113889
