1 0.444271 0.442593 0.036458 0.159259
1 0.380208 0.412963 0.025 0.118519
1 0.29375 0.409722 0.01875 0.093519
1 0.94375 0.608333 0.128125 0.494444
1 -0.004687 0.456019 0.04375 0.20463
1 0.198958 0.419907 0.023958 0.126852
1 0.359896 0.422222 0.021875 0.107407
1 0.361719 0.408796 0.019271 0.093519
10 0.20651 0.456481 0.060937 0.074074
10 -0.028385 0.662037 0.165104 0.696296
1 0.0375 0.438426 0.030208 0.134259
1 0.445312 0.414352 0.022917 0.119444
1 0.395052 0.413426 0.016146 0.102778
1 0.168229 0.410185 0.017708 0.087037
1 0.157552 0.418056 0.014063 0.069444
1 0.191146 0.418056 0.017708 0.087963
1 0.315104 0.398611 0.013542 0.063889
7 0.258594 0.404167 0.019271 0.04537
7 0.273438 0.409259 0.015625 0.044444
10 0.566406 0.344907 0.291146 0.223148
7 0.660417 0.42963 0.022917 0.114815
