1 0.609896 0.367593 0.028125 0.12963
1 0.438281 0.369444 0.029687 0.146296
1 0.233854 0.44537 0.114583 0.427778
1 0.49349 0.371759 0.026562 0.137963
1 0.571354 0.340741 0.017708 0.07037
1 0.64349 0.387037 0.048438 0.233333
1 0.329688 0.357407 0.020833 0.094444
1 0.634375 0.385648 0.033333 0.206481
1 0.035937 0.383796 0.038542 0.143519
1 0.513542 0.344444 0.013542 0.059259
1 0.239062 0.393981 0.026042 0.167593
10 0.301042 0.45 0.1 0.122222
10 0.142187 0.553704 0.2 0.205556
1 0.535156 0.340278 0.010937 0.037963
1 0.522135 0.335648 0.009896 0.043519
7 0.470052 0.365278 0.023438 0.069444
7 0.4875 0.371296 0.021875 0.064815
10 0.032813 0.39213 0.083333 0.100926
1 0.348698 0.350926 0.015104 0.066667
1 0.324479 0.351389 0.01875 0.076852
10 0.958073 0.423611 0.291146 0.223148
1 0.370312 0.350926 0.0125 0.059259
1 0.358854 0.347685 0.0125 0.060185
8 0.766146 0.324537 0.023958 0.115741
8 0.789062 0.331481 0.022917 0.114815
