1 0.540625 0.402778 0.036458 0.159259
1 0.48125 0.382407 0.026042 0.122222
1 0.4375 0.373611 0.020833 0.115741
1 0.990625 0.565741 0.1 0.553704
1 0.060677 0.43287 0.057812 0.230556
1 0.329948 0.394907 0.038021 0.141667
1 0.475521 0.381481 0.021875 0.109259
1 0.015365 0.443981 0.044271 0.180556
1 0.494531 0.373611 0.015104 0.09537
10 0.323698 0.436111 0.057812 0.075926
1 0.195052 0.397685 0.025521 0.121296
1 0.595573 0.388426 0.029687 0.160185
1 0.533594 0.375926 0.017188 0.107407
1 0.290625 0.382407 0.017708 0.096296
1 0.277344 0.386574 0.014063 0.078704
1 0.321615 0.38287 0.017188 0.09537
10 0.345833 0.406944 0.0375 0.050926
10 0.341146 0.416204 0.040625 0.05463
1 0.446094 0.361574 0.013021 0.063889
1 0.109115 0.372685 0.010937 0.062037
1 0.133594 0.393519 0.017188 0.094444
7 0.397917 0.368519 0.016667 0.044444
7 0.406771 0.375 0.015625 0.044444
10 0.13724 0.408333 0.049479 0.05
1 0.138802 0.375926 0.011979 0.059259
10 0.160938 0.3875 0.032292 0.05463
10 0.69974 0.314352 0.291146 0.223148
7 0.822135 0.39537 0.030729 0.137037
