1 0.53724 0.418056 0.029687 0.141667
1 0.479687 0.396759 0.020833 0.125
1 0.451562 0.39537 0.026042 0.137037
1 0.777344 0.649537 0.108854 0.643519
1 0.925521 0.627778 0.146875 0.662963
1 0.334896 0.404167 0.04375 0.162037
1 0.48724 0.4 0.021354 0.111111
1 0.520312 0.390278 0.019792 0.106481
10 0.294792 0.446296 0.065625 0.092593
1 0.220312 0.391204 0.026042 0.115741
1 0.684635 0.446759 0.048438 0.269444
1 0.520833 0.390741 0.016667 0.096296
1 0.569792 0.394907 0.017708 0.106481
1 0.272917 0.3875 0.023958 0.121296
1 0.257812 0.393981 0.01875 0.100926
1 0.517188 0.384722 0.020833 0.087963
1 0.5 0.393519 0.021875 0.096296
1 0.329948 0.393056 0.017188 0.100926
10 0.35599 0.418519 0.052604 0.055556
10 0.331771 0.42963 0.058333 0.068519
1 0.101823 0.3625 0.013021 0.065741
1 0.121875 0.385185 0.020833 0.105556
7 0.429167 0.385185 0.01875 0.05
7 0.442188 0.387037 0.015625 0.044444
10 0.132031 0.406019 0.052604 0.056481
1 0.132292 0.365278 0.014583 0.063889
10 0.164062 0.380556 0.041667 0.061111
1 0.368229 0.371759 0.0125 0.058333
1 0.359115 0.369907 0.009896 0.052778
10 0.733594 0.345833 0.291146 0.223148
7 0.923438 0.4375 0.0375 0.167593
