1 0.526563 0.411111 0.036458 0.159259
1 0.469271 0.391667 0.026042 0.12037
1 0.417448 0.383796 0.020313 0.112037
1 1.007812 0.572222 0.09375 0.55
1 0.053125 0.438426 0.054167 0.226852
1 0.304167 0.400463 0.035417 0.136111
1 0.465104 0.387963 0.021875 0.109259
1 -0.000521 0.459259 0.035417 0.187037
1 0.476302 0.377778 0.018229 0.094444
10 0.313021 0.433796 0.060417 0.071296
1 0.171875 0.405556 0.028125 0.122222
1 0.574479 0.387963 0.029167 0.151852
1 0.514844 0.379167 0.016146 0.10463
1 0.275781 0.3875 0.016146 0.097222
1 0.264062 0.385648 0.014583 0.076852
1 0.303646 0.392593 0.017708 0.092593
10 0.335417 0.406481 0.039583 0.051852
10 0.328906 0.414815 0.041146 0.053704
1 0.427865 0.369907 0.013021 0.063889
1 0.090885 0.378241 0.010937 0.062037
1 0.11849 0.397222 0.017188 0.094444
7 0.376302 0.376852 0.017188 0.044444
7 0.390104 0.382407 0.015625 0.044444
10 0.124219 0.412963 0.049479 0.05
1 0.115365 0.375926 0.011979 0.059259
10 0.1375 0.393981 0.032292 0.05463
10 0.680469 0.31713 0.291146 0.223148
7 0.799219 0.402778 0.027604 0.127778
