1 0.517188 0.402778 0.036458 0.157407
1 0.457292 0.378704 0.027083 0.124074
1 0.416927 0.378241 0.023438 0.115741
1 0.920573 0.563889 0.109896 0.568519
1 0.009375 0.438426 0.060417 0.237963
1 0.32474 0.388426 0.038021 0.143519
1 0.458333 0.372685 0.021875 0.112037
1 0.472135 0.36713 0.017188 0.097222
10 0.292969 0.428704 0.063021 0.07963
1 0.16849 0.399537 0.025521 0.121296
1 0.58125 0.385185 0.033333 0.17037
1 0.479948 0.369907 0.017188 0.089815
1 0.514062 0.373148 0.016667 0.107407
1 0.266146 0.380093 0.019792 0.10463
1 0.247656 0.384259 0.014063 0.085185
1 0.298177 0.386574 0.017188 0.100926
10 0.319271 0.403241 0.0375 0.050926
10 0.31224 0.412963 0.046354 0.055556
1 0.427865 0.360185 0.014063 0.062963
1 0.079948 0.371759 0.010937 0.062037
1 0.102344 0.388889 0.020313 0.098148
7 0.377344 0.369444 0.018229 0.048148
7 0.390104 0.371296 0.015625 0.044444
10 0.108073 0.407407 0.049479 0.05
1 0.109115 0.376852 0.011979 0.059259
10 0.132812 0.387963 0.034375 0.053704
10 0.68099 0.3125 0.291146 0.223148
7 0.819271 0.392593 0.029167 0.138889
