1 0.64375 0.355093 0.03125 0.141667
1 0.463542 0.348148 0.030208 0.146296
1 0.199479 0.405556 0.092708 0.355556
1 0.508854 0.353704 0.028125 0.137037
1 0.573958 0.329167 0.013542 0.065741
1 0.635938 0.363889 0.034375 0.188889
10 0.064583 0.561574 0.238542 0.273148
1 0.338542 0.334259 0.020833 0.094444
1 0.63099 0.362963 0.026562 0.17037
1 0.179688 0.355556 0.025 0.127778
1 0.14974 0.350463 0.031771 0.143519
1 0.525781 0.327315 0.014063 0.058333
1 0.297917 0.358796 0.022917 0.147222
10 0.346354 0.406944 0.082292 0.099074
10 0.251042 0.462037 0.139583 0.153704
1 0.542708 0.32037 0.009375 0.038889
1 0.53151 0.319907 0.008854 0.043519
7 0.482292 0.343519 0.023958 0.064815
7 0.501302 0.349537 0.021354 0.063889
10 -0.001823 0.391204 0.076563 0.067593
10 0.097656 0.353704 0.074479 0.085185
1 0.389323 0.325926 0.015104 0.066667
1 0.36849 0.318056 0.015104 0.075
10 0.91224 0.368981 0.291146 0.223148
1 0.383333 0.326852 0.0125 0.059259
1 0.372396 0.327315 0.0125 0.060185
8 0.751563 0.318056 0.023958 0.115741
