1 0.592708 0.329167 0.028125 0.132407
1 0.401562 0.335648 0.032292 0.160185
1 0.449219 0.334259 0.026562 0.146296
1 0.628646 0.320833 0.03125 0.112037
1 0.790365 0.399074 0.065104 0.455556
1 0.372135 0.322222 0.021354 0.103704
1 0.759115 0.393519 0.064062 0.385185
1 0.526823 0.307407 0.015104 0.062963
1 0.03125 0.426852 0.055208 0.348148
10 0.11849 0.533333 0.224479 0.246296
1 0.060417 0.325463 0.033333 0.123148
1 0.067187 0.318519 0.017708 0.087037
1 0.091667 0.324537 0.020833 0.087963
1 0.558854 0.299537 0.0125 0.052778
1 0.545312 0.303704 0.010417 0.051852
7 0.477083 0.335185 0.025 0.088889
7 0.501302 0.340278 0.025521 0.086111
1 0.388542 0.314815 0.0125 0.059259
8 0.871094 0.297685 0.030729 0.158333
8 0.902604 0.294444 0.035417 0.161111
8 0.934375 0.29537 0.030208 0.15
1 0.310677 0.307407 0.013021 0.046296
1 0.320573 0.310185 0.010937 0.046296
1 0.333594 0.306481 0.010937 0.038889
1 0.339583 0.304167 0.011458 0.041667
