1 0.874479 0.655093 0.134375 0.699074
1 0.466667 0.464352 0.0375 0.162037
1 0.39375 0.440278 0.025 0.115741
1 0.279687 0.431019 0.019792 0.086111
1 0.017708 0.468981 0.04375 0.19537
1 0.240625 0.441667 0.032292 0.122222
1 0.369271 0.437963 0.021875 0.107407
1 0.363281 0.431481 0.017188 0.088889
10 0.220573 0.472685 0.056771 0.069444
10 0.11901 0.642593 0.138021 0.594444
1 0.052083 0.45787 0.030208 0.134259
1 0.438542 0.4375 0.020833 0.112037
1 0.395573 0.436574 0.017188 0.100926
1 0.318229 0.424537 0.013542 0.063889
7 0.260156 0.429167 0.019271 0.04537
10 0.566927 0.364352 0.291146 0.223148
7 0.644531 0.452315 0.021354 0.112037
