1 0.610417 0.36713 0.027083 0.130556
1 0.439583 0.368981 0.029167 0.14537
1 0.238021 0.447222 0.115625 0.427778
1 0.494531 0.371296 0.025521 0.137037
1 0.573177 0.341667 0.017188 0.07037
1 0.64401 0.384722 0.046354 0.228704
1 0.330729 0.357407 0.020833 0.094444
1 0.635417 0.385185 0.033333 0.207407
1 0.033333 0.38287 0.038542 0.143519
1 0.514062 0.343981 0.013542 0.060185
1 0.240365 0.393056 0.026562 0.167593
10 0.301042 0.450463 0.1 0.123148
10 0.138021 0.55463 0.203125 0.207407
1 0.535677 0.340278 0.010937 0.037963
1 0.522917 0.335185 0.009375 0.044444
7 0.471094 0.363889 0.023438 0.07037
7 0.488021 0.37037 0.021875 0.064815
10 0.032292 0.391204 0.083333 0.100926
1 0.348177 0.35 0.015104 0.066667
1 0.323437 0.350463 0.01875 0.076852
10 0.961198 0.426389 0.291146 0.223148
1 0.370833 0.35 0.0125 0.059259
1 0.359896 0.347685 0.0125 0.060185
8 0.766667 0.324537 0.023958 0.115741
8 0.789323 0.331944 0.022396 0.115741
