1 0.594531 0.315278 0.032813 0.14537
1 0.466667 0.309259 0.027083 0.138889
1 0.451042 0.321296 0.0375 0.183333
1 0.83151 0.539815 0.130729 0.692593
1 0.977083 0.553704 0.152083 0.759259
1 0.267708 0.328704 0.052083 0.212963
1 0.495312 0.309722 0.028125 0.123148
1 0.521875 0.277778 0.0125 0.046296
1 0.555469 0.302315 0.023438 0.128704
10 0.257552 0.389352 0.104688 0.110185
1 0.282813 0.307407 0.025 0.105556
1 0.554688 0.309722 0.020833 0.121296
1 0.619531 0.296759 0.017188 0.110185
1 0.186719 0.32037 0.039062 0.185185
1 0.159375 0.331019 0.028125 0.165741
1 0.411458 0.304167 0.021875 0.10463
1 0.4 0.305093 0.022917 0.106481
1 0.325521 0.311574 0.022917 0.121296
10 0.363021 0.337963 0.053125 0.064815
10 0.319792 0.355093 0.075 0.087963
1 0.053646 0.285648 0.01875 0.087963
1 0.077083 0.309722 0.026042 0.123148
7 0.450781 0.293981 0.020313 0.049074
7 0.465885 0.291204 0.017188 0.049074
10 0.09401 0.332407 0.066146 0.057407
1 0.088281 0.288426 0.017188 0.071296
10 0.151042 0.304167 0.045833 0.071296
1 0.395052 0.281481 0.010937 0.059259
1 0.380729 0.284259 0.010417 0.064815
10 0.778906 0.281019 0.291146 0.223148
1 0.356771 0.287963 0.011458 0.055556
1 0.348438 0.286111 0.011458 0.053704
