1 0.595052 0.333333 0.029687 0.133333
1 0.402083 0.3375 0.032292 0.160185
1 0.451042 0.335185 0.028125 0.146296
1 0.63099 0.320833 0.031771 0.112037
1 0.795573 0.405556 0.066146 0.461111
1 0.373958 0.322222 0.021875 0.103704
1 0.761458 0.39537 0.065625 0.388889
1 0.530469 0.312037 0.015104 0.062963
1 0.028125 0.428241 0.055208 0.349074
10 0.117969 0.5375 0.224479 0.249074
1 0.059896 0.326852 0.035417 0.124074
1 0.06849 0.319444 0.017188 0.087037
1 0.09375 0.324537 0.020833 0.087963
1 0.560937 0.299537 0.0125 0.052778
1 0.546875 0.303241 0.010417 0.052778
7 0.478906 0.336574 0.025521 0.089815
7 0.502344 0.341667 0.025521 0.087037
1 0.389062 0.316667 0.0125 0.059259
8 0.871615 0.297222 0.030729 0.159259
8 0.903385 0.293981 0.035937 0.162037
8 0.935156 0.294907 0.029687 0.150926
1 0.313281 0.311574 0.013021 0.047222
1 0.321094 0.313889 0.010937 0.046296
1 0.334375 0.310648 0.011458 0.037963
1 0.340104 0.306019 0.011458 0.041667
