1 0.610677 0.374537 0.028646 0.128704
1 0.407292 0.374537 0.032292 0.163889
1 0.447917 0.383333 0.029167 0.148148
1 0.6875 0.378704 0.039583 0.148148
1 1.004948 0.537037 0.111979 0.735185
1 0.922656 0.502778 0.111979 0.6
1 0.551302 0.351852 0.016146 0.064815
10 0.008594 0.698611 0.222396 0.373148
1 0.021875 0.363889 0.020833 0.101852
1 0.049479 0.364815 0.029167 0.103704
1 0.588802 0.362037 0.013021 0.053704
1 0.570833 0.357407 0.0125 0.057407
7 0.49349 0.385185 0.030729 0.101852
7 0.517969 0.390278 0.029687 0.093519
8 0.96849 0.331944 0.030729 0.160185
1 0.327344 0.349537 0.013021 0.052778
1 0.33776 0.351389 0.011979 0.04537
1 0.343229 0.342593 0.011458 0.042593
1 0.352604 0.343981 0.011458 0.04537
1 0.386198 0.356019 0.015104 0.052778
