1 0.633594 0.359259 0.030729 0.137037
1 0.464062 0.351852 0.030208 0.144444
1 0.184375 0.440741 0.11875 0.47963
1 1.034115 0.675463 0.166146 0.750926
1 0.224479 0.387963 0.06875 0.309259
1 0.500781 0.354167 0.026562 0.134259
1 0.553906 0.326852 0.015104 0.059259
1 0.603125 0.358333 0.030208 0.17037
10 0.135937 0.514815 0.190625 0.201852
1 0.326302 0.3375 0.021354 0.100926
1 0.607552 0.35787 0.026562 0.158333
1 0.726823 0.353704 0.018229 0.112963
1 0.235937 0.344444 0.023958 0.125926
1 0.214323 0.346296 0.023438 0.12037
1 0.511719 0.327778 0.014063 0.057407
1 0.306771 0.356944 0.021875 0.136111
10 0.349219 0.399074 0.072396 0.088889
10 0.279687 0.443056 0.109375 0.126852
1 0.526563 0.324074 0.009375 0.038889
7 0.467448 0.339815 0.027604 0.061111
7 0.48776 0.350463 0.019271 0.056481
10 0.020573 0.389352 0.076563 0.067593
10 0.10599 0.353241 0.065104 0.084259
1 0.394531 0.328704 0.015104 0.066667
1 0.373177 0.326389 0.015104 0.075
10 0.870052 0.354167 0.291146 0.223148
1 0.372396 0.328704 0.0125 0.059259
1 0.359375 0.324537 0.0125 0.060185
