1 0.613802 0.375463 0.031771 0.134259
1 0.440625 0.375 0.030208 0.161111
1 0.15651 0.496296 0.144271 0.512963
1 0.493229 0.375463 0.029167 0.143519
1 0.595833 0.350926 0.022917 0.083333
1 0.68776 0.403241 0.043229 0.278704
1 0.350781 0.364352 0.020313 0.099074
1 0.672656 0.401389 0.042188 0.243519
1 0.530729 0.352315 0.014583 0.060185
1 0.209375 0.422685 0.033333 0.226852
10 0.271875 0.477778 0.125 0.142593
10 0.004427 0.624074 0.148438 0.287037
10 0.122917 0.604167 0.086458 0.239815
1 0.186198 0.353704 0.022396 0.098148
1 0.179948 0.348611 0.014063 0.069444
1 0.554167 0.349074 0.010417 0.040741
1 0.540625 0.34213 0.010417 0.04537
7 0.483594 0.375926 0.023438 0.07037
7 0.501042 0.378704 0.022917 0.07037
10 0.009375 0.404167 0.083333 0.100926
1 0.333594 0.355556 0.015104 0.066667
10 1.046615 0.476389 0.291146 0.223148
1 0.385937 0.35463 0.0125 0.059259
1 0.376563 0.355093 0.0125 0.060185
8 0.802865 0.338426 0.023438 0.121296
8 0.829427 0.3375 0.025521 0.128704
8 0.852865 0.339815 0.026562 0.12037
