1 0.594271 0.32963 0.034375 0.151852
1 0.452083 0.318519 0.029167 0.140741
1 0.425 0.3375 0.0375 0.197222
1 0.853385 0.566667 0.118229 0.711111
1 1.004167 0.557407 0.15 0.753704
1 0.233073 0.33287 0.040104 0.217593
1 0.490104 0.312037 0.023958 0.124074
1 0.514583 0.29213 0.0125 0.049074
1 0.547656 0.311111 0.030729 0.133333
10 0.23724 0.407407 0.114062 0.12037
1 0.273438 0.309259 0.025 0.105556
1 0.552865 0.312963 0.021354 0.124074
1 0.616927 0.308333 0.017188 0.109259
1 0.133594 0.346296 0.041146 0.207407
1 0.11224 0.347685 0.031771 0.182407
1 0.373958 0.314815 0.025 0.105556
1 0.365365 0.310185 0.020313 0.111111
1 0.309375 0.325463 0.022917 0.121296
10 0.352344 0.347222 0.056771 0.068519
10 0.306771 0.373148 0.078125 0.092593
1 0.021875 0.303241 0.017708 0.087963
1 0.057031 0.323611 0.027604 0.132407
7 0.440885 0.30787 0.020313 0.049074
7 0.460417 0.310648 0.017708 0.050926
10 0.074219 0.35 0.069271 0.064815
1 0.057552 0.303241 0.017188 0.071296
10 0.13099 0.3125 0.047396 0.073148
1 0.383073 0.296296 0.010937 0.059259
1 0.371354 0.288889 0.010417 0.064815
10 0.78724 0.279167 0.291146 0.223148
1 0.347917 0.305556 0.0125 0.059259
1 0.335938 0.297222 0.011458 0.053704
