1 0.608333 0.370833 0.03125 0.132407
1 0.433854 0.371296 0.030208 0.15
1 0.219792 0.439815 0.111458 0.422222
1 0.490104 0.375926 0.029167 0.140741
1 0.567187 0.349074 0.01875 0.066667
1 0.640885 0.388889 0.031771 0.224074
1 0.324479 0.357407 0.020833 0.094444
1 0.628646 0.388889 0.03125 0.2
1 0.048698 0.387963 0.036979 0.140741
1 0.510677 0.347685 0.014063 0.058333
1 0.232552 0.4 0.023438 0.164815
10 0.301042 0.447685 0.1 0.117593
10 0.153125 0.539352 0.190625 0.206481
1 0.53151 0.340278 0.010937 0.037963
1 0.515365 0.340741 0.009896 0.044444
7 0.465365 0.366204 0.023438 0.067593
7 0.485156 0.370833 0.021354 0.063889
10 0.034896 0.395833 0.083333 0.100926
1 0.349219 0.35 0.015104 0.066667
1 0.321354 0.348611 0.01875 0.076852
10 0.944531 0.414352 0.291146 0.223148
1 0.367708 0.353704 0.0125 0.059259
1 0.353646 0.349537 0.0125 0.060185
8 0.764583 0.323611 0.023958 0.115741
8 0.78724 0.32963 0.022396 0.114815
