1 0.484375 0.399074 0.036458 0.157407
1 0.432292 0.378704 0.027083 0.124074
1 0.385937 0.380556 0.021875 0.124074
1 0.873698 0.568519 0.103646 0.581481
1 0.968229 0.551852 0.09375 0.594444
1 0.297135 0.386111 0.039062 0.148148
1 0.439583 0.36713 0.021875 0.112037
1 0.447135 0.36713 0.017188 0.099074
10 0.266146 0.427315 0.065625 0.082407
1 0.133594 0.403241 0.025521 0.121296
1 0.565885 0.38287 0.033854 0.180556
1 0.452344 0.36713 0.017188 0.089815
1 0.493229 0.366204 0.017708 0.106481
1 0.232031 0.386111 0.020313 0.109259
1 0.218229 0.380556 0.014583 0.088889
1 0.509896 0.371759 0.020833 0.086111
1 0.263802 0.390278 0.017188 0.100926
10 0.303646 0.398611 0.038542 0.050926
10 0.286198 0.409722 0.050521 0.056481
1 0.4 0.363426 0.013542 0.063889
1 0.041667 0.379167 0.011458 0.065741
1 0.070833 0.39213 0.020833 0.099074
7 0.350781 0.373148 0.019271 0.048148
7 0.368229 0.372222 0.015625 0.044444
10 0.077865 0.411111 0.049479 0.05
1 0.069792 0.377778 0.0125 0.059259
10 0.095573 0.387963 0.039062 0.053704
10 0.661198 0.308796 0.291146 0.223148
7 0.794271 0.39213 0.029167 0.150926
