1 0.441667 0.441667 0.036458 0.159259
1 0.382292 0.412037 0.025 0.118519
1 0.296875 0.413426 0.01875 0.09537
1 0.942708 0.593981 0.104167 0.502778
1 -0.002083 0.453704 0.042708 0.207407
1 0.198698 0.421759 0.030729 0.128704
1 0.363281 0.422222 0.021354 0.107407
1 0.365625 0.410185 0.01875 0.094444
10 0.213802 0.45787 0.060937 0.075
10 -0.063281 0.669444 0.165104 0.696296
1 0.040104 0.439352 0.030208 0.134259
1 0.455469 0.415278 0.023438 0.125
1 0.398177 0.415278 0.016146 0.102778
1 0.171875 0.412963 0.017708 0.087037
1 0.160938 0.418519 0.013542 0.07037
1 0.191146 0.419907 0.017708 0.087963
10 0.228125 0.442593 0.040625 0.051852
1 0.313802 0.398611 0.013021 0.063889
7 0.259635 0.407407 0.019271 0.046296
7 0.278646 0.412963 0.015625 0.044444
10 0.57474 0.344907 0.291146 0.223148
7 0.66276 0.427315 0.023438 0.115741
