1 0.614062 0.375926 0.030208 0.131481
1 0.445573 0.371296 0.029687 0.155556
1 0.146615 0.515278 0.153646 0.512037
1 0.495052 0.375463 0.019271 0.143519
1 0.605208 0.347685 0.020833 0.084259
1 0.697396 0.403704 0.04375 0.285185
1 0.357812 0.363889 0.019792 0.1
1 0.681771 0.399537 0.041667 0.25463
1 0.533333 0.346759 0.014583 0.060185
1 0.201302 0.419444 0.032813 0.235185
10 0.26875 0.481019 0.13125 0.149074
10 -0.015625 0.641667 0.14375 0.331481
10 0.104688 0.618519 0.097917 0.283333
1 0.183073 0.351852 0.022396 0.098148
1 0.163542 0.343981 0.014583 0.060185
1 0.179427 0.341667 0.014063 0.072222
1 0.557813 0.343056 0.010417 0.043519
1 0.545312 0.339352 0.010417 0.050926
7 0.488802 0.375926 0.023438 0.07037
7 0.505729 0.377778 0.022917 0.07037
10 0.004687 0.396759 0.083333 0.100926
1 0.332813 0.350926 0.015625 0.066667
10 1.067969 0.488426 0.291146 0.223148
1 0.389062 0.35 0.0125 0.059259
1 0.378646 0.347685 0.0125 0.060185
8 0.813542 0.33287 0.023958 0.123148
8 0.840365 0.332407 0.026562 0.12963
8 0.865365 0.33287 0.026562 0.121296
