1 0.513021 0.416667 0.036458 0.155556
1 0.465625 0.392593 0.027083 0.12963
1 0.435937 0.394907 0.027083 0.137963
1 0.786458 0.626852 0.116667 0.631481
1 0.929427 0.603704 0.107812 0.633333
1 0.325521 0.403704 0.045833 0.162963
1 0.465104 0.389815 0.021875 0.116667
1 0.501563 0.3875 0.017708 0.108333
10 0.284375 0.444444 0.065625 0.088889
1 0.199219 0.393981 0.026562 0.117593
1 0.652083 0.434259 0.045833 0.248148
1 0.506771 0.385185 0.016667 0.096296
1 0.548958 0.389352 0.017708 0.106481
1 0.2625 0.3875 0.023958 0.121296
1 0.247917 0.393981 0.015625 0.100926
1 0.508854 0.385648 0.020833 0.086111
1 0.493229 0.389815 0.021875 0.096296
1 0.314323 0.393981 0.017188 0.100926
10 0.339844 0.415741 0.052604 0.055556
10 0.317969 0.427778 0.058854 0.064815
1 0.084635 0.368056 0.013021 0.065741
1 0.103646 0.389815 0.020833 0.105556
7 0.411458 0.383333 0.017708 0.05
7 0.423437 0.387037 0.015625 0.044444
10 0.113281 0.408796 0.052604 0.056481
1 0.116146 0.370833 0.014583 0.063889
10 0.147656 0.387963 0.041146 0.061111
1 0.353646 0.37037 0.0125 0.053704
1 0.336719 0.368981 0.009896 0.052778
10 0.714844 0.34213 0.291146 0.223148
7 0.891667 0.430093 0.0375 0.167593
