1 0.450781 0.44537 0.036979 0.153704
1 0.386458 0.41713 0.021875 0.115741
1 0.29375 0.415741 0.017708 0.090741
1 0.970833 0.5875 0.085417 0.487963
1 -0.007292 0.462037 0.04375 0.2
1 0.21276 0.422222 0.026562 0.125926
1 0.363542 0.421296 0.021875 0.107407
1 0.364844 0.411574 0.018229 0.091667
10 0.217188 0.456944 0.060417 0.073148
10 0.009115 0.656019 0.148438 0.697222
1 0.041146 0.448611 0.030208 0.134259
1 0.446094 0.416667 0.021354 0.114815
1 0.398698 0.413426 0.016146 0.102778
1 0.175781 0.411111 0.018229 0.085185
1 0.166406 0.418056 0.014063 0.069444
1 0.193229 0.421759 0.017708 0.087963
1 0.320833 0.401389 0.013542 0.063889
7 0.263281 0.410648 0.019271 0.04537
7 0.273958 0.412963 0.015625 0.044444
10 0.569531 0.346759 0.291146 0.223148
7 0.657031 0.431944 0.022396 0.113889
