1 0.626042 0.344444 0.029167 0.12963
1 0.450521 0.349074 0.03125 0.162963
1 0.055208 0.540278 0.190625 0.671296
1 0.488802 0.350463 0.023438 0.143519
1 0.624219 0.337963 0.020313 0.088889
1 0.738542 0.390278 0.048958 0.330556
1 0.380208 0.336111 0.019792 0.1
1 0.716927 0.393519 0.045312 0.287037
1 0.548438 0.325463 0.014583 0.060185
1 0.183594 0.406944 0.050521 0.262037
10 0.250781 0.473611 0.150521 0.175
10 -0.005729 0.660185 0.120833 0.288889
1 0.166667 0.326389 0.021875 0.106481
1 0.153906 0.320833 0.015104 0.071296
1 0.152604 0.322685 0.014583 0.075
1 0.573177 0.322222 0.009896 0.046296
1 0.560937 0.321759 0.013542 0.050926
7 0.500781 0.343981 0.023438 0.071296
7 0.516667 0.351852 0.022917 0.074074
1 0.332552 0.330556 0.017188 0.066667
1 0.403646 0.330556 0.0125 0.059259
1 0.394271 0.327315 0.0125 0.060185
8 0.845313 0.312037 0.026042 0.131481
8 0.873698 0.312963 0.030729 0.133333
8 0.901823 0.309259 0.026562 0.127778
