1 0.502083 0.399074 0.035417 0.151852
1 0.444792 0.377315 0.025 0.121296
1 0.403906 0.379167 0.022396 0.121296
1 0.901562 0.562037 0.097917 0.566667
1 1.014323 0.556019 0.105729 0.587963
1 0.313281 0.386574 0.030729 0.147222
1 0.446094 0.373148 0.021354 0.109259
1 0.459375 0.364815 0.016667 0.098148
10 0.279687 0.427778 0.064583 0.081481
1 0.151302 0.399537 0.025521 0.121296
1 0.572396 0.385185 0.034375 0.174074
1 0.46849 0.368981 0.017188 0.089815
1 0.502604 0.371759 0.017708 0.106481
1 0.248177 0.380556 0.020313 0.107407
1 0.232813 0.385185 0.013542 0.087037
1 0.285156 0.3875 0.017188 0.100926
10 0.313021 0.402315 0.0375 0.050926
10 0.298177 0.4125 0.049479 0.056481
1 0.417708 0.360648 0.013542 0.063889
1 0.065365 0.374074 0.010937 0.062963
1 0.089583 0.389352 0.020833 0.099074
7 0.363542 0.368056 0.01875 0.047222
7 0.382292 0.372222 0.015625 0.044444
10 0.096094 0.409259 0.049479 0.05
1 0.092969 0.378704 0.011979 0.059259
10 0.117448 0.388889 0.035937 0.053704
10 0.670052 0.3125 0.291146 0.223148
7 0.809896 0.39213 0.029167 0.143519
