1 0.573438 0.389815 0.035417 0.151852
1 0.513021 0.375926 0.027083 0.133333
1 0.489063 0.372222 0.026042 0.144444
1 0.777344 0.603704 0.119271 0.648148
1 0.915104 0.626389 0.159375 0.699074
1 0.363281 0.372685 0.041146 0.180556
1 0.521615 0.37037 0.022396 0.12037
1 0.021354 0.385648 0.041667 0.180556
1 0.558333 0.368056 0.023958 0.119444
10 0.315885 0.412037 0.078646 0.087037
1 0.273177 0.356481 0.025521 0.111111
1 0.801823 0.453704 0.069271 0.387037
1 0.566927 0.366667 0.018229 0.103704
1 0.616667 0.366204 0.017708 0.106481
1 0.291667 0.356481 0.025 0.124074
1 0.277865 0.360648 0.021354 0.110185
1 0.523177 0.361111 0.020313 0.092593
1 0.509375 0.362037 0.021875 0.096296
1 0.364063 0.366667 0.019792 0.105556
10 0.39401 0.386574 0.047396 0.060185
10 0.361719 0.402315 0.058854 0.071296
1 0.140365 0.329167 0.013021 0.069444
1 0.152604 0.350926 0.020833 0.105556
7 0.472917 0.353704 0.01875 0.05
7 0.488281 0.359722 0.017188 0.049074
10 0.163281 0.36713 0.052604 0.056481
1 0.166927 0.33287 0.015104 0.065741
10 0.204167 0.350926 0.041667 0.061111
1 0.416927 0.34213 0.011979 0.058333
1 0.40625 0.341204 0.009375 0.058333
10 0.779427 0.326389 0.291146 0.223148
1 0.386198 0.344907 0.011979 0.052778
1 0.373698 0.343519 0.010937 0.051852
