1 0.642969 0.356481 0.030729 0.131481
1 0.464583 0.343519 0.030208 0.146296
1 0.10026 0.45463 0.126562 0.546296
1 0.213542 0.391667 0.0625 0.314815
1 0.50625 0.351852 0.029167 0.137037
1 0.56224 0.318981 0.015104 0.060185
1 0.615365 0.357407 0.026562 0.174074
10 0.113802 0.52963 0.207812 0.227778
1 0.33099 0.3375 0.021354 0.100926
1 0.616667 0.350463 0.027083 0.160185
1 0.220312 0.337963 0.026042 0.12963
1 0.2 0.348611 0.026042 0.119444
1 0.517969 0.31713 0.014063 0.058333
1 0.305208 0.345833 0.021875 0.136111
10 0.351302 0.397685 0.077604 0.087963
10 0.273958 0.441667 0.11875 0.127778
1 0.533854 0.317593 0.009375 0.038889
7 0.473698 0.337963 0.027604 0.061111
7 0.490885 0.34213 0.020313 0.056481
10 0.015365 0.38287 0.076563 0.067593
10 0.104948 0.339352 0.065104 0.086111
1 0.391927 0.319444 0.015104 0.066667
1 0.372656 0.320833 0.015104 0.075
10 0.885677 0.358796 0.291146 0.223148
1 0.376042 0.318519 0.0125 0.059259
1 0.364583 0.313426 0.0125 0.060185
