1 0.598698 0.349074 0.029687 0.137037
1 0.502604 0.335648 0.021875 0.136111
1 0.488802 0.347685 0.033854 0.163889
1 0.80026 0.557407 0.125521 0.648148
1 0.953906 0.548611 0.134896 0.743519
1 0.34349 0.353241 0.038021 0.199074
1 0.516667 0.338889 0.022917 0.122222
1 0.541927 0.311574 0.010937 0.043519
1 0.570052 0.331019 0.023438 0.126852
10 0.297135 0.402778 0.094271 0.098148
1 0.290625 0.330556 0.025 0.105556
1 0.577344 0.33287 0.021354 0.117593
1 0.629687 0.330093 0.017708 0.106481
1 0.248698 0.340278 0.030729 0.160185
1 0.23151 0.349537 0.021354 0.139815
1 0.476562 0.332407 0.020833 0.096296
1 0.458073 0.33287 0.021354 0.10463
1 0.357031 0.342593 0.022396 0.118519
10 0.388021 0.361111 0.051042 0.059259
10 0.35651 0.379167 0.068229 0.076852
1 0.110937 0.313889 0.014583 0.075926
1 0.133854 0.336111 0.022917 0.114815
7 0.46875 0.326852 0.01875 0.05
7 0.496094 0.329167 0.017188 0.049074
10 0.147396 0.357407 0.058333 0.053704
1 0.136719 0.31713 0.017188 0.071296
10 0.181771 0.331019 0.044792 0.069444
1 0.422396 0.311574 0.011458 0.056481
1 0.410156 0.312037 0.008854 0.061111
10 0.797135 0.296759 0.291146 0.223148
1 0.38724 0.31713 0.011979 0.052778
1 0.375521 0.316667 0.011458 0.053704
