1 0.626563 0.368519 0.032292 0.148148
1 0.454167 0.353704 0.029167 0.142593
1 0.293229 0.424537 0.08125 0.373148
1 1.023177 0.661574 0.163021 0.750926
1 0.220312 0.387963 0.078125 0.301852
1 0.495833 0.353704 0.029167 0.12963
1 0.540885 0.326852 0.014063 0.055556
1 0.586458 0.359259 0.027083 0.162963
10 0.1625 0.5 0.173958 0.17963
1 0.314323 0.343056 0.021354 0.100926
1 0.59349 0.362963 0.026562 0.146296
1 0.688802 0.354167 0.020313 0.113889
1 0.274479 0.358333 0.019792 0.12037
1 0.249479 0.358333 0.022917 0.12037
1 0.302865 0.37037 0.022396 0.12963
10 0.346354 0.404167 0.065625 0.080556
10 0.280208 0.435648 0.105208 0.110185
1 -0.002344 0.359259 0.026562 0.159259
1 0.513021 0.332407 0.009375 0.037037
7 0.459635 0.343519 0.025521 0.057407
7 0.476562 0.347222 0.01875 0.057407
10 0.025781 0.388426 0.076563 0.067593
10 0.108854 0.360185 0.058333 0.081481
1 0.389583 0.328704 0.014583 0.061111
1 0.364583 0.328241 0.014583 0.073148
10 0.844531 0.354167 0.291146 0.223148
1 0.359896 0.336111 0.0125 0.059259
1 0.351042 0.33287 0.0125 0.060185
