1 0.608333 0.347685 0.027083 0.128704
1 0.409896 0.34537 0.032292 0.161111
1 0.453385 0.353241 0.025521 0.147222
1 0.660677 0.339815 0.030729 0.12963
1 0.869271 0.448148 0.080208 0.564815
1 0.39375 0.336574 0.022917 0.102778
1 0.817969 0.425926 0.072396 0.459259
1 0.542448 0.318981 0.016146 0.063889
10 0.083594 0.596759 0.223437 0.300926
1 0.025 0.327315 0.034375 0.126852
1 0.054948 0.326389 0.020313 0.097222
1 0.076563 0.321759 0.022917 0.097222
1 0.576562 0.319907 0.0125 0.052778
1 0.561979 0.314815 0.0125 0.057407
7 0.490885 0.355556 0.028646 0.094444
7 0.513281 0.359722 0.026562 0.089815
8 0.902344 0.304167 0.030729 0.160185
8 0.938281 0.306481 0.035937 0.162963
8 0.969271 0.310185 0.030208 0.151852
1 0.323177 0.312963 0.013021 0.048148
1 0.333594 0.315278 0.011979 0.047222
1 0.344271 0.310648 0.011458 0.043519
1 0.347656 0.305556 0.011979 0.044444
