1 0.608594 0.344907 0.026562 0.125
1 0.430729 0.341667 0.03125 0.161111
1 0.470312 0.349537 0.022917 0.143519
1 0.613021 0.327778 0.028125 0.1
1 0.733594 0.390741 0.049479 0.344444
1 0.369531 0.33287 0.021354 0.099074
1 0.714063 0.388889 0.047917 0.3
1 0.535937 0.322222 0.014583 0.062963
1 0.145573 0.403241 0.057812 0.269444
10 0.214062 0.481944 0.161458 0.182407
1 0.136979 0.329167 0.021875 0.106481
1 0.122917 0.319907 0.014583 0.078704
1 0.139844 0.314815 0.015104 0.077778
1 0.560937 0.314352 0.011458 0.047222
1 0.547396 0.315278 0.011458 0.05463
7 0.486458 0.340278 0.023958 0.069444
7 0.50599 0.35 0.023438 0.075926
1 0.390885 0.324074 0.011979 0.059259
8 0.851042 0.308796 0.027083 0.137963
8 0.879948 0.309259 0.031771 0.138889
8 0.909115 0.306019 0.027604 0.132407
