1 0.691667 0.515278 0.047917 0.280556
1 0.660417 0.487037 0.038542 0.162963
1 0.245052 0.511111 0.055729 0.231481
1 0.54375 0.461111 0.023958 0.112963
1 0.130208 0.505556 0.042708 0.17963
1 0.248958 0.495833 0.034375 0.178704
1 0.179167 0.507407 0.032292 0.166667
1 0.515365 0.461111 0.020313 0.1
1 0.205208 0.499537 0.034375 0.173148
1 0.495312 0.449074 0.016667 0.07963
10 0.382552 0.482407 0.050521 0.059259
10 0.433333 0.568981 0.071875 0.293519
1 0.068229 0.451852 0.015625 0.07037
1 0.232031 0.474074 0.026562 0.124074
1 0.526563 0.454167 0.015625 0.093519
1 0.342708 0.450463 0.011458 0.060185
1 0.335677 0.449537 0.010937 0.052778
1 0.348958 0.455556 0.011458 0.068519
1 0.321094 0.451389 0.010937 0.056481
1 0.306771 0.446759 0.011458 0.056481
1 0.29375 0.446759 0.010417 0.050926
10 0.688802 0.380093 0.291146 0.223148
10 0.097135 0.505093 0.114062 0.078704
7 0.750781 0.468981 0.021354 0.099074
