1 0.454948 0.449537 0.036979 0.156481
1 0.386979 0.423611 0.022917 0.115741
1 0.29375 0.413889 0.017708 0.090741
1 0.978906 0.5875 0.088021 0.467593
1 -0.001823 0.463426 0.041146 0.199074
1 0.220573 0.423611 0.023438 0.123148
1 0.364583 0.421296 0.021875 0.107407
1 0.365365 0.416204 0.019271 0.091667
10 0.21875 0.460185 0.059375 0.072222
10 0.030469 0.652778 0.143229 0.683333
1 0.042708 0.453241 0.030208 0.134259
1 0.444792 0.420833 0.020833 0.113889
1 0.397917 0.417593 0.016667 0.103704
1 0.177865 0.413426 0.018229 0.084259
1 0.166146 0.421759 0.014583 0.071296
1 0.195833 0.426389 0.017708 0.087963
1 0.321875 0.404167 0.013542 0.063889
7 0.263281 0.414352 0.019271 0.04537
7 0.275 0.415741 0.015625 0.044444
10 0.56901 0.350463 0.291146 0.223148
7 0.654687 0.434722 0.021875 0.113889
