1 0.604688 0.33287 0.030208 0.130556
1 0.410417 0.339815 0.032292 0.161111
1 0.458333 0.338889 0.027083 0.148148
1 0.647917 0.319907 0.029167 0.117593
1 0.824219 0.407407 0.070312 0.485185
1 0.385937 0.323611 0.022917 0.102778
1 0.784896 0.399074 0.065625 0.411111
1 0.541927 0.311111 0.017188 0.064815
1 0.020313 0.435648 0.055208 0.350926
10 0.114583 0.560648 0.223958 0.265741
1 0.052865 0.333333 0.042188 0.125926
1 0.075781 0.326852 0.017188 0.088889
1 0.09974 0.325463 0.020313 0.091667
1 0.571875 0.302315 0.0125 0.052778
1 0.557552 0.301852 0.011979 0.055556
7 0.489583 0.339815 0.028125 0.094444
7 0.509115 0.350463 0.026562 0.089815
1 0.400521 0.319444 0.0125 0.059259
8 0.880469 0.298611 0.030729 0.160185
8 0.913281 0.296296 0.035937 0.162963
8 0.944792 0.298148 0.030208 0.151852
1 0.324479 0.306019 0.0125 0.049074
1 0.333594 0.309722 0.010937 0.04537
1 0.344271 0.301389 0.011458 0.041667
1 0.348438 0.303241 0.011458 0.043519
