1 0.609375 0.373148 0.028125 0.125926
1 0.407292 0.374074 0.032292 0.162963
1 0.447917 0.37963 0.029167 0.148148
1 0.684375 0.373611 0.039583 0.147222
1 0.992188 0.528704 0.111458 0.731481
1 0.915625 0.498611 0.109375 0.591667
1 0.55 0.348611 0.016667 0.065741
10 0.01224 0.693981 0.222396 0.371296
1 0.023177 0.359722 0.020313 0.100926
1 0.048438 0.360185 0.028125 0.103704
1 0.586719 0.355556 0.013021 0.053704
1 0.569792 0.35463 0.0125 0.057407
7 0.492448 0.382407 0.030729 0.101852
7 0.516927 0.3875 0.028646 0.091667
8 0.96276 0.330093 0.030729 0.160185
1 0.326302 0.345833 0.013021 0.052778
1 0.336719 0.347685 0.011979 0.04537
1 0.342187 0.338889 0.011458 0.042593
1 0.352083 0.341204 0.011458 0.04537
1 0.385677 0.353704 0.015104 0.053704
