1 0.608333 0.332407 0.03125 0.135185
1 0.411979 0.339815 0.032292 0.161111
1 0.459375 0.342593 0.029167 0.148148
1 0.655469 0.323611 0.029687 0.121296
1 0.838542 0.411111 0.075 0.512963
1 0.389062 0.326389 0.022917 0.102778
1 0.796615 0.401389 0.065104 0.421296
1 0.544792 0.308796 0.016667 0.063889
1 0.009896 0.43287 0.055208 0.350926
10 0.108854 0.57037 0.223958 0.274074
1 0.047917 0.331944 0.039583 0.126852
1 0.07526 0.327778 0.018229 0.090741
1 0.099219 0.325463 0.020313 0.093519
1 0.577604 0.304167 0.0125 0.052778
1 0.563021 0.301852 0.0125 0.057407
7 0.491406 0.341667 0.028646 0.094444
7 0.51224 0.353241 0.026562 0.089815
8 0.885677 0.299537 0.030729 0.160185
8 0.919531 0.299074 0.035937 0.162963
8 0.951042 0.300926 0.030208 0.151852
1 0.326042 0.306481 0.0125 0.048148
1 0.336719 0.30787 0.010937 0.047222
1 0.346615 0.300463 0.010937 0.041667
1 0.352604 0.301852 0.011458 0.044444
