1 0.644271 0.363889 0.032292 0.144444
1 0.466667 0.360185 0.030208 0.15
1 0.223177 0.423611 0.091146 0.369444
1 0.514844 0.360185 0.024479 0.137037
1 0.580208 0.330556 0.015625 0.066667
1 0.647917 0.372685 0.029167 0.202778
10 0.014583 0.618981 0.271875 0.308333
1 0.347917 0.35 0.020833 0.094444
1 0.636198 0.366204 0.025521 0.186111
1 0.145833 0.370833 0.036458 0.134259
1 0.107812 0.377778 0.05 0.15
1 0.526823 0.329167 0.014063 0.058333
1 0.284896 0.371296 0.025 0.157407
10 0.344792 0.426852 0.086458 0.101852
10 0.235937 0.494444 0.151042 0.162963
1 0.548438 0.32963 0.009375 0.038889
1 0.536458 0.324537 0.009375 0.041667
7 0.488021 0.353704 0.023958 0.064815
7 0.504427 0.356019 0.021354 0.063889
10 -0.017708 0.418056 0.076042 0.078704
10 0.086719 0.37037 0.079687 0.094444
1 0.385156 0.339815 0.015104 0.066667
1 0.365885 0.334259 0.015104 0.077778
10 0.934635 0.388426 0.291146 0.223148
1 0.383854 0.335185 0.0125 0.059259
1 0.373437 0.33287 0.0125 0.060185
8 0.75625 0.319907 0.023958 0.115741
8 0.777604 0.323148 0.022917 0.111111
