1 0.46875 0.384722 0.035417 0.152778
1 0.413542 0.36713 0.022917 0.125
1 0.379688 0.36713 0.026042 0.126852
1 0.798958 0.580093 0.115625 0.599074
1 0.925521 0.566667 0.132292 0.614815
1 0.282292 0.36713 0.036458 0.152778
1 0.419531 0.363889 0.021354 0.111111
1 0.440104 0.356944 0.01875 0.108333
10 0.245312 0.419907 0.070833 0.086111
1 0.127865 0.374537 0.025521 0.121296
1 0.566927 0.380093 0.038021 0.202778
1 0.45 0.358333 0.016667 0.096296
1 0.486979 0.358796 0.017708 0.106481
1 0.215104 0.363889 0.020833 0.112963
1 0.201302 0.366204 0.016146 0.087963
1 0.4875 0.350463 0.020833 0.086111
1 0.464844 0.365741 0.022396 0.090741
1 0.26276 0.369907 0.017188 0.100926
10 0.28776 0.388426 0.041146 0.056481
10 0.267188 0.400463 0.05 0.065741
1 0.398958 0.346759 0.013542 0.063889
1 0.023698 0.347685 0.011979 0.065741
1 0.046875 0.368981 0.020833 0.099074
7 0.347917 0.35463 0.01875 0.05
7 0.360938 0.353704 0.015625 0.044444
10 0.053125 0.387037 0.05 0.05
1 0.056771 0.350463 0.014583 0.063889
10 0.083594 0.362963 0.039062 0.053704
10 0.658073 0.310648 0.291146 0.223148
7 0.803646 0.385648 0.034375 0.156481
