1 0.588802 0.325463 0.032813 0.143519
1 0.451562 0.3125 0.027083 0.141667
1 0.429688 0.330093 0.038542 0.189815
1 0.835417 0.540278 0.109375 0.693519
1 0.977865 0.556944 0.152604 0.752778
1 0.239844 0.325 0.038021 0.216667
1 0.484896 0.309259 0.023958 0.124074
1 0.509115 0.283796 0.013021 0.047222
1 0.542188 0.308796 0.022917 0.132407
10 0.234375 0.395833 0.109375 0.115741
1 0.265104 0.30463 0.025 0.105556
1 0.547917 0.315278 0.020833 0.121296
1 0.610156 0.303241 0.017188 0.110185
1 0.141667 0.330556 0.038542 0.2
1 0.11849 0.341667 0.027604 0.175926
1 0.381771 0.308333 0.025 0.105556
1 0.368229 0.306944 0.019792 0.112037
1 0.314063 0.319907 0.022917 0.121296
10 0.347135 0.341667 0.056771 0.068519
10 0.304167 0.363889 0.078125 0.092593
1 0.020573 0.294907 0.019271 0.086111
1 0.058333 0.311111 0.027083 0.125926
7 0.441927 0.297685 0.020313 0.049074
7 0.460156 0.298611 0.017188 0.049074
10 0.07526 0.336111 0.069271 0.064815
1 0.06276 0.300463 0.017188 0.071296
10 0.131771 0.310648 0.045833 0.071296
1 0.37526 0.288889 0.010937 0.059259
1 0.367708 0.284259 0.010417 0.064815
10 0.779427 0.279167 0.291146 0.223148
1 0.34974 0.299074 0.011979 0.057407
1 0.336979 0.29537 0.011458 0.053704
