1 0.613281 0.367593 0.030729 0.133333
1 0.447396 0.366204 0.030208 0.163889
1 0.125781 0.512963 0.159896 0.551852
1 0.489583 0.365741 0.029167 0.144444
1 0.609115 0.345833 0.018229 0.082407
1 0.704427 0.399074 0.043229 0.298148
1 0.364583 0.359259 0.019792 0.1
1 0.691146 0.395833 0.042708 0.263889
1 0.536458 0.34213 0.014583 0.060185
1 0.195833 0.415741 0.032292 0.242593
10 0.265625 0.482407 0.136458 0.151852
10 0.076042 0.626389 0.109375 0.286111
1 0.180469 0.349074 0.022396 0.098148
1 0.163281 0.342593 0.014063 0.062963
1 0.175 0.336574 0.014583 0.073148
1 0.561719 0.338889 0.009896 0.046296
1 0.546615 0.336111 0.010937 0.051852
7 0.492448 0.371296 0.023438 0.07037
7 0.509375 0.374074 0.022917 0.072222
10 0.002083 0.391204 0.083333 0.100926
1 0.330729 0.346759 0.016667 0.065741
10 1.089063 0.498611 0.285417 0.223148
1 0.391146 0.344444 0.0125 0.059259
1 0.381771 0.34213 0.0125 0.060185
8 0.823177 0.326852 0.024479 0.124074
8 0.85026 0.326852 0.027604 0.12963
8 0.876042 0.325926 0.026042 0.122222
