1 0.611198 0.373611 0.028646 0.130556
1 0.441406 0.375463 0.030729 0.158333
1 0.179688 0.500926 0.130208 0.47037
1 0.493229 0.376852 0.026042 0.137037
1 0.590104 0.352778 0.021875 0.083333
1 0.679167 0.396759 0.04375 0.271296
1 0.346615 0.365278 0.020313 0.097222
1 0.665885 0.401389 0.041146 0.237963
1 0.526563 0.352315 0.014583 0.060185
1 0.210938 0.42037 0.032292 0.218519
10 0.274219 0.475926 0.121354 0.138889
10 0.018229 0.612963 0.151042 0.257407
10 0.135417 0.594907 0.078125 0.210185
1 0.188281 0.355556 0.022396 0.098148
1 0.549219 0.340741 0.010937 0.038889
1 0.535677 0.339352 0.010937 0.043519
7 0.479427 0.373148 0.023438 0.07037
7 0.497656 0.376389 0.023438 0.069444
10 0.009375 0.402315 0.083333 0.100926
1 0.333594 0.350926 0.015104 0.066667
10 1.032552 0.468981 0.291146 0.223148
1 0.379688 0.351852 0.0125 0.059259
1 0.369271 0.351389 0.0125 0.060185
8 0.797917 0.336574 0.023958 0.119444
8 0.823958 0.337037 0.025 0.127778
8 0.845573 0.339815 0.026562 0.118519
