1 0.913542 0.650926 0.120833 0.742593
1 0.461979 0.465278 0.034375 0.15463
1 0.390104 0.437037 0.019792 0.109259
1 0.282552 0.429167 0.021354 0.089815
1 0.010937 0.466667 0.042708 0.196296
1 0.228906 0.438426 0.028646 0.123148
1 0.364844 0.440741 0.021354 0.105556
1 0.36276 0.430556 0.019271 0.090741
10 0.21875 0.472685 0.05625 0.069444
10 0.091146 0.649537 0.14375 0.630556
1 0.046875 0.466204 0.030208 0.134259
1 0.438542 0.436574 0.020833 0.113889
1 0.39349 0.436111 0.017188 0.103704
1 0.177344 0.429167 0.018229 0.084259
1 0.317188 0.420833 0.013542 0.063889
7 0.259635 0.428241 0.019271 0.04537
7 0.272656 0.427315 0.016146 0.043519
10 0.564844 0.363426 0.291146 0.223148
7 0.645312 0.449537 0.021875 0.113889
