1 0.644271 0.363889 0.032292 0.144444
1 0.463542 0.358333 0.030208 0.15
1 0.221615 0.423148 0.094271 0.374074
1 0.513021 0.360648 0.027083 0.137963
1 0.580469 0.328704 0.016146 0.068519
1 0.647917 0.37037 0.029167 0.203704
10 0.008333 0.620833 0.271875 0.308333
1 0.346354 0.35 0.020833 0.094444
1 0.636719 0.365741 0.025521 0.187037
1 0.141927 0.369444 0.036979 0.135185
1 0.101042 0.377315 0.05 0.150926
1 0.526823 0.328241 0.014063 0.058333
1 0.283594 0.371759 0.024479 0.158333
10 0.342708 0.426852 0.0875 0.101852
10 0.232552 0.495833 0.152604 0.163889
1 0.547917 0.327778 0.009375 0.038889
1 0.536458 0.321759 0.009375 0.041667
7 0.486979 0.352778 0.023958 0.064815
7 0.503906 0.356019 0.021354 0.063889
10 -0.019271 0.416204 0.076042 0.078704
10 0.086198 0.369444 0.080729 0.096296
1 0.383594 0.338889 0.015104 0.066667
1 0.364063 0.335185 0.015625 0.077778
10 0.934635 0.388426 0.291146 0.223148
1 0.383854 0.334259 0.0125 0.059259
1 0.373958 0.331944 0.0125 0.060185
8 0.75625 0.319907 0.023958 0.115741
8 0.778125 0.323148 0.022917 0.111111
