1 0.614062 0.366667 0.032292 0.144444
1 0.436979 0.367593 0.030208 0.15
1 0.221875 0.435185 0.110417 0.411111
1 0.488542 0.375926 0.029167 0.140741
1 0.564844 0.34213 0.017188 0.065741
1 0.6375 0.381481 0.028125 0.222222
10 -0.094792 0.659259 0.275 0.309259
1 0.323437 0.355556 0.020833 0.094444
1 0.629427 0.384259 0.030729 0.196296
1 0.06901 0.382407 0.036979 0.140741
1 0.510417 0.340278 0.014583 0.058333
1 0.247135 0.391204 0.023438 0.163889
10 0.30625 0.443056 0.098958 0.113889
10 0.168229 0.523148 0.179167 0.203704
1 0.528906 0.335648 0.010937 0.037963
1 0.514323 0.336111 0.008854 0.044444
7 0.465625 0.361111 0.023958 0.064815
7 0.482552 0.36713 0.021354 0.063889
10 0.044792 0.38287 0.083333 0.100926
1 0.35026 0.346296 0.015104 0.066667
1 0.321354 0.344907 0.01875 0.076852
10 0.934115 0.404167 0.291146 0.223148
1 0.36875 0.348148 0.0125 0.059259
1 0.357292 0.343981 0.0125 0.060185
8 0.7625 0.322685 0.023958 0.115741
8 0.784635 0.328241 0.022396 0.113889
