1 0.59401 0.324074 0.031771 0.133333
1 0.409896 0.330556 0.032292 0.161111
1 0.446875 0.331481 0.029167 0.146296
1 0.619792 0.308333 0.03125 0.109259
1 0.771094 0.386111 0.063021 0.422222
1 0.36875 0.319444 0.020833 0.103704
1 0.741927 0.379167 0.053646 0.356481
1 0.52474 0.297685 0.015104 0.063889
1 0.058073 0.416204 0.055729 0.334259
10 0.143229 0.513889 0.208333 0.22037
1 0.072396 0.315278 0.022917 0.119444
1 0.076302 0.316667 0.017188 0.085185
1 0.104167 0.313426 0.01875 0.080556
1 0.554167 0.297685 0.0125 0.052778
1 0.54375 0.299074 0.010417 0.051852
7 0.475781 0.327778 0.024479 0.083333
7 0.495833 0.331944 0.025 0.082407
1 0.384896 0.303704 0.0125 0.059259
8 0.865885 0.300463 0.029687 0.152778
8 0.896875 0.298148 0.034375 0.155556
8 0.928125 0.297685 0.029167 0.14537
1 0.31224 0.29537 0.013021 0.046296
1 0.320833 0.299537 0.010417 0.047222
1 0.332813 0.293056 0.010417 0.039815
1 0.338281 0.29537 0.010937 0.042593
