1 0.603646 0.376852 0.03125 0.137037
1 0.43125 0.376852 0.03125 0.151852
1 0.201563 0.462037 0.121875 0.468519
1 0.491667 0.377315 0.029167 0.141667
1 0.57474 0.352778 0.018229 0.077778
1 0.653646 0.394907 0.0375 0.252778
1 0.329948 0.369444 0.020313 0.096296
1 0.641927 0.396296 0.034896 0.22037
1 0.513542 0.346759 0.014583 0.060185
1 0.220573 0.4 0.035937 0.187037
10 0.28099 0.466667 0.111979 0.127778
10 0.086458 0.587963 0.230208 0.238889
1 0.53724 0.343981 0.010937 0.037963
1 0.520573 0.342593 0.011979 0.046296
7 0.46901 0.372222 0.023438 0.07037
7 0.488281 0.368981 0.023438 0.067593
10 0.010937 0.391204 0.083333 0.100926
1 0.333594 0.350926 0.015104 0.066667
1 0.309635 0.348148 0.018229 0.075926
10 0.984635 0.448611 0.291146 0.223148
1 0.366667 0.351852 0.0125 0.059259
1 0.357292 0.349537 0.0125 0.060185
8 0.779167 0.32963 0.023958 0.116667
8 0.803385 0.335185 0.023438 0.12037
8 0.817969 0.338426 0.027604 0.110185
