1 0.470833 0.385185 0.036458 0.157407
1 0.415104 0.371296 0.027083 0.127778
1 0.380208 0.3625 0.022917 0.123148
1 0.817969 0.578704 0.106771 0.598148
1 0.936979 0.560185 0.126042 0.612963
1 0.282552 0.366204 0.040104 0.152778
1 0.422396 0.365741 0.021875 0.112963
1 0.439062 0.355556 0.023958 0.111111
10 0.247656 0.422222 0.069271 0.085185
1 0.127865 0.375463 0.025521 0.121296
1 0.564323 0.374537 0.036979 0.199074
1 0.448958 0.355556 0.016667 0.096296
1 0.486458 0.358796 0.017708 0.106481
1 0.216667 0.3625 0.020833 0.112037
1 0.203385 0.36713 0.016146 0.087963
1 0.491146 0.348611 0.020833 0.086111
1 0.466927 0.362963 0.022396 0.090741
1 0.258073 0.365278 0.017188 0.100926
10 0.289323 0.389815 0.041146 0.053704
10 0.269792 0.401852 0.05 0.062963
1 0.397396 0.344444 0.013542 0.064815
1 0.023958 0.350926 0.011458 0.066667
1 0.048958 0.374537 0.020833 0.099074
7 0.348958 0.351852 0.01875 0.05
7 0.360417 0.35463 0.015625 0.044444
10 0.054948 0.392593 0.049479 0.05
1 0.057812 0.354167 0.014583 0.063889
10 0.083594 0.366667 0.039062 0.053704
10 0.65651 0.30787 0.291146 0.223148
7 0.800521 0.378241 0.034375 0.156481
