1 0.541667 0.4125 0.036458 0.152778
1 0.483333 0.396296 0.027083 0.12963
1 0.456771 0.394444 0.027083 0.135185
1 0.780729 0.6375 0.11875 0.641667
1 0.923698 0.625463 0.148438 0.671296
1 0.335938 0.400926 0.044792 0.166667
1 0.49401 0.387963 0.022396 0.118519
1 0.52526 0.390741 0.023438 0.116667
10 0.299479 0.443056 0.067708 0.089815
1 0.229948 0.387037 0.025521 0.112963
1 0.703385 0.450463 0.050521 0.289815
1 0.528906 0.391204 0.017188 0.097222
1 0.579167 0.393981 0.017708 0.106481
1 0.277604 0.384259 0.023958 0.12037
1 0.263281 0.390278 0.020313 0.10463
1 0.519271 0.383333 0.020833 0.088889
1 0.502604 0.387037 0.021875 0.096296
1 0.334635 0.393056 0.017188 0.100926
10 0.363021 0.414352 0.05 0.05463
10 0.336458 0.425926 0.058333 0.068519
1 0.107031 0.354167 0.013021 0.065741
1 0.126562 0.382407 0.020833 0.105556
7 0.4375 0.384259 0.01875 0.05
7 0.449479 0.387963 0.015625 0.044444
10 0.136198 0.402315 0.052604 0.056481
1 0.140104 0.361574 0.014583 0.063889
10 0.172396 0.375926 0.041667 0.061111
1 0.378385 0.369444 0.011979 0.059259
1 0.369531 0.363889 0.009896 0.053704
10 0.741927 0.345833 0.291146 0.223148
1 0.346875 0.37037 0.0125 0.051852
7 0.939063 0.449537 0.0375 0.167593
