1 0.980208 0.655556 0.141667 0.775926
1 0.460417 0.456481 0.0375 0.161111
1 0.3875 0.433333 0.025 0.116667
1 0.289062 0.425926 0.017708 0.088889
1 0.004687 0.465278 0.041667 0.197222
1 0.222917 0.433333 0.032292 0.124074
1 0.365104 0.425 0.021875 0.107407
1 0.364323 0.422685 0.018229 0.089815
10 0.21849 0.466204 0.057812 0.071296
10 0.060677 0.650926 0.143229 0.657407
1 0.044792 0.459722 0.030208 0.134259
1 0.441667 0.428241 0.020833 0.113889
1 0.395573 0.426852 0.017188 0.103704
1 0.177865 0.421759 0.018229 0.084259
1 0.166146 0.428241 0.014583 0.073148
1 0.198958 0.43287 0.017708 0.087963
1 0.319792 0.4125 0.013542 0.063889
7 0.261198 0.420833 0.019271 0.04537
7 0.273958 0.420833 0.015625 0.043519
10 0.566927 0.356944 0.291146 0.223148
7 0.65 0.44213 0.021875 0.113889
