1 0.59375 0.377778 0.035417 0.151852
1 0.526042 0.360185 0.029167 0.135185
1 0.503125 0.359259 0.025 0.148148
1 0.782292 0.593519 0.127083 0.672222
1 0.947396 0.607407 0.14375 0.705556
1 0.371615 0.3625 0.043229 0.182407
1 0.536458 0.360185 0.022917 0.12037
1 0.548177 0.331019 0.009896 0.041667
1 0.034375 0.380093 0.047917 0.184259
1 0.573438 0.353704 0.026042 0.124074
10 0.326823 0.407407 0.081771 0.087037
1 0.292969 0.35 0.025521 0.111111
1 0.888542 0.460648 0.092708 0.450926
1 0.583594 0.353704 0.019271 0.109259
1 0.639583 0.353241 0.017708 0.106481
1 0.296094 0.348611 0.025521 0.134259
1 0.281771 0.354167 0.020833 0.115741
1 0.521094 0.346296 0.020313 0.092593
1 0.509896 0.348148 0.021875 0.096296
1 0.376563 0.353704 0.019792 0.105556
10 0.409635 0.376389 0.047396 0.060185
10 0.374219 0.394444 0.060937 0.072222
1 0.151042 0.326852 0.0125 0.07037
1 0.161979 0.348611 0.020833 0.108333
7 0.489063 0.344444 0.01875 0.05
7 0.50651 0.347685 0.017188 0.049074
10 0.173437 0.368056 0.054167 0.056481
1 0.171615 0.324537 0.017188 0.071296
10 0.215104 0.337963 0.041667 0.061111
1 0.433333 0.331019 0.011458 0.056481
1 0.421094 0.334722 0.008854 0.060185
10 0.80026 0.316204 0.291146 0.223148
1 0.398177 0.334722 0.011979 0.052778
1 0.38776 0.328704 0.010937 0.051852
