1 0.635938 0.357407 0.032292 0.144444
1 0.4625 0.348148 0.029167 0.144444
1 0.246354 0.433796 0.098958 0.428704
1 1.025521 0.673148 0.179167 0.746296
1 0.222917 0.388426 0.078125 0.310185
1 0.502083 0.349074 0.029167 0.131481
1 0.554688 0.329167 0.014583 0.058333
1 0.601562 0.35787 0.029167 0.162037
10 0.152344 0.504167 0.183854 0.191667
1 0.323177 0.3375 0.021354 0.100926
1 0.608073 0.358333 0.025521 0.151852
1 0.715625 0.349537 0.020833 0.113889
1 0.260677 0.349537 0.022396 0.123148
1 0.238021 0.350926 0.022917 0.12037
1 0.51276 0.327315 0.014063 0.05463
1 0.308854 0.361111 0.021875 0.135185
10 0.351302 0.397222 0.072396 0.083333
10 0.281771 0.435648 0.107292 0.121296
1 -0.002604 0.361574 0.027083 0.150926
1 0.521615 0.327778 0.009896 0.037037
7 0.466927 0.34537 0.026562 0.059259
7 0.485417 0.35 0.01875 0.057407
10 0.025781 0.3875 0.076563 0.067593
10 0.114062 0.35787 0.065625 0.080556
1 0.395573 0.327778 0.015104 0.064815
1 0.372656 0.323611 0.015104 0.073148
10 0.863281 0.350463 0.291146 0.223148
1 0.372396 0.332407 0.0125 0.059259
1 0.360938 0.328241 0.0125 0.060185
