1 0.599479 0.382407 0.030208 0.131481
1 0.429167 0.383333 0.03125 0.151852
1 0.188802 0.475926 0.127604 0.451852
1 0.4875 0.381481 0.023958 0.138889
1 0.578646 0.355556 0.01875 0.077778
1 0.658073 0.403704 0.040104 0.257407
1 0.329948 0.373611 0.020313 0.097222
1 0.648958 0.398611 0.036458 0.225
1 0.516146 0.349074 0.014583 0.059259
1 0.216667 0.409259 0.033333 0.198148
10 0.271615 0.472685 0.118229 0.134259
10 0.064062 0.600926 0.211458 0.248148
1 0.540365 0.347685 0.010937 0.037963
1 0.521094 0.347685 0.009896 0.049074
7 0.467969 0.378704 0.023438 0.07037
7 0.489323 0.370833 0.023438 0.067593
10 0.009896 0.396759 0.083333 0.100926
1 0.333073 0.355556 0.015104 0.066667
10 0.992448 0.459722 0.291146 0.223148
1 0.371354 0.352778 0.0125 0.059259
1 0.361458 0.352315 0.0125 0.060185
8 0.785417 0.331944 0.023958 0.117593
8 0.809896 0.335648 0.023958 0.123148
8 0.827083 0.338889 0.027083 0.112963
