1 0.607552 0.325463 0.033854 0.143519
1 0.457813 0.3125 0.028125 0.139815
1 0.422917 0.331019 0.04375 0.20463
1 0.879167 0.555093 0.1125 0.723148
1 0.23099 0.334722 0.051562 0.223148
1 0.492448 0.317593 0.025521 0.124074
1 0.525521 0.28287 0.011458 0.052778
1 0.561979 0.306019 0.021875 0.136111
10 0.239844 0.418519 0.118229 0.125926
1 0.284375 0.312963 0.025 0.105556
1 0.565365 0.306019 0.021354 0.130556
1 0.632292 0.298148 0.01875 0.109259
1 0.12474 0.339352 0.045312 0.215741
1 0.103385 0.355556 0.036979 0.190741
1 0.373958 0.309259 0.025 0.105556
1 0.36224 0.312963 0.021354 0.111111
1 0.317708 0.321759 0.022917 0.121296
10 0.358594 0.352778 0.056771 0.068519
10 0.311719 0.378704 0.079687 0.092593
1 0.026042 0.306481 0.017708 0.090741
1 0.058854 0.329167 0.028125 0.134259
7 0.448177 0.309722 0.020313 0.049074
7 0.467708 0.311111 0.017708 0.051852
10 0.076302 0.35463 0.069271 0.064815
1 0.058594 0.301389 0.017188 0.071296
10 0.139583 0.313889 0.05 0.075926
1 0.39401 0.293519 0.010937 0.059259
1 0.377604 0.292593 0.010417 0.064815
10 0.797656 0.280093 0.291146 0.223148
1 0.360417 0.3 0.0125 0.059259
1 0.346875 0.289815 0.011458 0.053704
