1 0.605729 0.34537 0.032292 0.138889
1 0.427083 0.339815 0.03125 0.161111
1 0.466667 0.348148 0.029167 0.144444
1 0.613281 0.326389 0.018229 0.09537
1 0.733333 0.390741 0.05 0.351852
1 0.367448 0.334259 0.021354 0.1
1 0.7125 0.387037 0.048958 0.303704
1 0.532031 0.320833 0.014063 0.063889
1 0.134635 0.401389 0.057812 0.271296
10 0.208073 0.482407 0.165104 0.187037
1 0.129167 0.330093 0.021875 0.106481
1 0.11875 0.319444 0.014583 0.07963
1 0.13724 0.312963 0.015104 0.077778
1 0.556771 0.315741 0.011458 0.048148
1 0.54401 0.315278 0.011979 0.050926
7 0.483854 0.340278 0.023958 0.073148
7 0.503125 0.349074 0.023958 0.075926
1 0.38776 0.325 0.011979 0.059259
8 0.852344 0.308333 0.027604 0.138889
8 0.88151 0.30787 0.031771 0.139815
8 0.910677 0.305556 0.027604 0.133333
