1 0.463281 0.441204 0.032813 0.152778
1 0.406771 0.418056 0.022917 0.113889
1 0.331771 0.42037 0.01875 0.098148
1 0.951042 0.604167 0.113542 0.523148
1 0.00599 0.460648 0.050521 0.217593
1 0.211458 0.428704 0.030208 0.131481
1 0.389062 0.419444 0.020833 0.107407
1 0.394531 0.4125 0.019271 0.097222
10 0.242708 0.459722 0.060417 0.075
1 0.078125 0.443056 0.030208 0.134259
1 0.485417 0.416204 0.023958 0.134259
1 0.43151 0.413426 0.016146 0.102778
1 0.195312 0.41713 0.017708 0.087963
1 0.190104 0.423148 0.013542 0.074074
1 0.220833 0.419907 0.017708 0.087963
10 0.255729 0.442593 0.040625 0.051852
1 0.348958 0.400463 0.013542 0.063889
1 0.024479 0.42963 0.017708 0.1
7 0.295833 0.412963 0.01875 0.048148
7 0.303125 0.410185 0.015625 0.044444
10 0.032031 0.443056 0.043229 0.050926
10 0.59974 0.345833 0.291146 0.223148
7 0.690365 0.425926 0.024479 0.122222
