1 0.586198 0.318981 0.033854 0.150926
1 0.454687 0.311111 0.030208 0.140741
1 0.435937 0.324074 0.038542 0.187037
1 0.825 0.536111 0.125 0.72037
1 0.975521 0.534722 0.138542 0.730556
1 0.247135 0.323611 0.049479 0.215741
1 0.485417 0.308333 0.022917 0.124074
1 0.5125 0.278704 0.0125 0.046296
1 0.546615 0.306019 0.026562 0.132407
10 0.239583 0.39213 0.107292 0.113889
1 0.268229 0.30463 0.025 0.105556
1 0.550521 0.313426 0.020833 0.121296
1 0.611719 0.299537 0.017188 0.110185
1 0.156771 0.327315 0.038542 0.19537
1 0.132031 0.337963 0.027604 0.172222
1 0.391146 0.305093 0.022917 0.106481
1 0.376563 0.306019 0.019792 0.110185
1 0.318229 0.315278 0.022917 0.121296
10 0.35026 0.339352 0.055729 0.067593
10 0.305469 0.358796 0.077604 0.091667
1 0.030469 0.283333 0.018229 0.087037
1 0.059375 0.304167 0.026042 0.123148
7 0.442448 0.291204 0.020313 0.049074
7 0.460156 0.291204 0.017188 0.049074
10 0.076302 0.327778 0.069271 0.064815
1 0.072135 0.295833 0.017188 0.071296
10 0.138542 0.30787 0.045833 0.071296
1 0.38099 0.278704 0.010937 0.059259
1 0.368229 0.282407 0.010417 0.064815
10 0.777865 0.280093 0.291146 0.223148
1 0.352344 0.293056 0.011979 0.056481
1 0.341667 0.291667 0.011458 0.053704
