1 0.520833 0.41713 0.036458 0.15463
1 0.470833 0.393519 0.027083 0.12963
1 0.445052 0.395833 0.025521 0.136111
1 0.785156 0.634259 0.117188 0.635185
1 0.926562 0.620833 0.136458 0.650926
1 0.330208 0.40463 0.045833 0.164815
1 0.474479 0.392593 0.021875 0.116667
1 0.505208 0.393519 0.025 0.116667
10 0.288542 0.444907 0.065625 0.089815
1 0.207031 0.393056 0.026562 0.117593
1 0.664323 0.438889 0.046354 0.255556
1 0.513542 0.386111 0.016667 0.096296
1 0.556771 0.391204 0.017708 0.106481
1 0.266146 0.3875 0.023958 0.121296
1 0.251563 0.393981 0.016667 0.100926
1 0.514583 0.385648 0.020833 0.086111
1 0.495833 0.391667 0.021875 0.096296
1 0.32526 0.393981 0.017188 0.100926
10 0.346094 0.416667 0.052604 0.055556
10 0.323698 0.428704 0.058854 0.066667
1 0.094531 0.368981 0.013021 0.065741
1 0.111979 0.387963 0.020833 0.105556
7 0.420573 0.384722 0.016146 0.049074
7 0.431771 0.387037 0.015625 0.044444
10 0.121615 0.40787 0.052604 0.056481
1 0.123437 0.369907 0.014583 0.063889
10 0.155208 0.386111 0.041667 0.061111
1 0.358854 0.37037 0.0125 0.055556
1 0.345573 0.369907 0.009896 0.052778
10 0.721615 0.343056 0.291146 0.223148
7 0.907813 0.426389 0.0375 0.167593
