1 0.472396 0.384259 0.036458 0.157407
1 0.416667 0.373148 0.027083 0.127778
1 0.380208 0.362963 0.022917 0.125926
1 0.827083 0.576852 0.10625 0.594444
1 0.941146 0.558333 0.117708 0.609259
1 0.285938 0.37037 0.039583 0.151852
1 0.421354 0.363889 0.021875 0.112963
1 0.439844 0.353704 0.020313 0.111111
10 0.249219 0.423611 0.069271 0.084259
1 0.127865 0.378241 0.025521 0.121296
1 0.563281 0.373148 0.035937 0.196296
1 0.447917 0.353704 0.016667 0.096296
1 0.485937 0.358796 0.017708 0.106481
1 0.217708 0.365741 0.020833 0.111111
1 0.204427 0.368056 0.016146 0.087963
1 0.49375 0.347685 0.020833 0.086111
1 0.46849 0.362037 0.022396 0.090741
1 0.25651 0.366204 0.017188 0.100926
10 0.290365 0.391204 0.041146 0.052778
10 0.271875 0.403704 0.05 0.061111
1 0.396615 0.343519 0.013021 0.064815
1 0.025521 0.356481 0.011458 0.066667
1 0.050521 0.379167 0.020833 0.099074
7 0.347917 0.353704 0.01875 0.05
7 0.360417 0.358333 0.015625 0.044444
10 0.057031 0.397222 0.049479 0.05
1 0.058854 0.356019 0.014583 0.063889
10 0.083594 0.368519 0.039062 0.053704
10 0.655469 0.306019 0.291146 0.223148
7 0.798698 0.377778 0.033854 0.155556
