1 0.526563 0.402778 0.036458 0.157407
1 0.463542 0.378704 0.027083 0.124074
1 0.424479 0.380093 0.021875 0.117593
1 0.934896 0.563889 0.113542 0.564815
1 0.020833 0.436111 0.060417 0.237037
1 0.327083 0.389352 0.038542 0.14537
1 0.463021 0.374074 0.021875 0.111111
1 0.480729 0.368056 0.017708 0.097222
10 0.301563 0.42963 0.0625 0.07963
1 0.176302 0.399537 0.025521 0.121296
1 0.586979 0.385185 0.032292 0.168519
1 0.48776 0.369907 0.017188 0.089815
1 0.521875 0.374074 0.016667 0.107407
1 0.273438 0.379167 0.019792 0.102778
1 0.257292 0.383796 0.013542 0.084259
1 0.307031 0.385648 0.017188 0.100926
10 0.323437 0.403241 0.0375 0.050926
10 0.321354 0.413889 0.044792 0.055556
1 0.434375 0.360185 0.013542 0.062963
1 0.086719 0.370833 0.010937 0.062037
1 0.111198 0.388426 0.019271 0.097222
7 0.386458 0.37037 0.017708 0.048148
7 0.395313 0.371296 0.015625 0.044444
10 0.116406 0.405556 0.049479 0.05
1 0.120052 0.375926 0.011979 0.059259
10 0.142969 0.3875 0.032813 0.05463
10 0.688281 0.3125 0.291146 0.223148
7 0.825 0.392593 0.030208 0.138889
