1 0.5 0.414815 0.036458 0.155556
1 0.445833 0.387963 0.027083 0.12963
1 0.422917 0.397685 0.025 0.125
1 0.78099 0.614352 0.114062 0.625
1 0.920052 0.608796 0.143229 0.643519
1 0.31276 0.40787 0.032813 0.158333
1 0.449479 0.385185 0.021875 0.116667
1 0.483073 0.3875 0.023438 0.112037
10 0.271354 0.439352 0.066667 0.087963
1 0.178125 0.393056 0.026042 0.119444
1 0.627865 0.423148 0.043229 0.235185
1 0.488021 0.385185 0.016667 0.096296
1 0.530208 0.384722 0.017708 0.106481
1 0.242969 0.383796 0.022396 0.117593
1 0.230208 0.3875 0.015625 0.09537
1 0.494271 0.383796 0.020833 0.086111
1 0.48099 0.384722 0.022396 0.09537
1 0.296094 0.393981 0.017188 0.100926
10 0.324479 0.412037 0.048958 0.055556
10 0.304167 0.423611 0.058333 0.063889
1 0.441667 0.370833 0.013542 0.063889
1 0.06849 0.366204 0.013021 0.065741
1 0.088021 0.388889 0.020833 0.105556
7 0.396354 0.384259 0.01875 0.05
7 0.408854 0.387963 0.015625 0.044444
10 0.097656 0.407407 0.052604 0.055556
1 0.095833 0.370833 0.014583 0.063889
10 0.127604 0.384722 0.039583 0.062037
1 0.33125 0.366667 0.0125 0.053704
10 0.696094 0.334722 0.291146 0.223148
7 0.865625 0.436574 0.0375 0.167593
