1 0.442188 0.443519 0.036458 0.159259
1 0.383333 0.412963 0.025 0.118519
1 0.297917 0.414815 0.01875 0.096296
1 0.942708 0.59213 0.096875 0.50463
1 -0.002344 0.453241 0.044271 0.208333
1 0.199219 0.422685 0.030729 0.128704
1 0.364844 0.422222 0.021354 0.107407
1 0.36901 0.410648 0.019271 0.09537
10 0.217448 0.45787 0.060937 0.075
10 -0.065885 0.669444 0.165104 0.696296
1 0.041667 0.440278 0.030208 0.134259
1 0.459115 0.415278 0.023438 0.126852
1 0.39974 0.415278 0.016146 0.102778
1 0.172917 0.413889 0.017708 0.087037
1 0.164583 0.418981 0.013542 0.071296
1 0.191667 0.420833 0.017708 0.087963
10 0.23125 0.442593 0.040625 0.051852
1 0.316927 0.402315 0.013021 0.063889
7 0.261979 0.408796 0.01875 0.04537
7 0.279687 0.413889 0.015625 0.044444
10 0.577344 0.345833 0.291146 0.223148
7 0.663281 0.427315 0.023438 0.115741
