1 0.625 0.32963 0.034375 0.15
1 0.467708 0.32037 0.029167 0.140741
1 0.416667 0.348148 0.047917 0.222222
1 0.936979 0.564352 0.132292 0.723148
1 0.220833 0.350463 0.058333 0.236111
1 0.505208 0.32037 0.028125 0.122222
1 0.534635 0.294444 0.011979 0.053704
1 0.574479 0.318519 0.032292 0.144444
10 0.233854 0.42963 0.126042 0.137037
1 0.297135 0.317593 0.023438 0.103704
1 0.580469 0.320833 0.021354 0.136111
1 0.648438 0.312037 0.01875 0.111111
1 0.094271 0.351852 0.060417 0.242593
1 0.0625 0.368981 0.048958 0.208333
1 0.36224 0.313426 0.020313 0.10463
1 0.346094 0.318056 0.023438 0.110185
1 0.317188 0.331944 0.022917 0.121296
10 0.361198 0.360185 0.057812 0.072222
10 0.311458 0.386574 0.086458 0.097222
1 0.021354 0.303241 0.017708 0.093519
1 0.051562 0.329167 0.028125 0.134259
7 0.458854 0.309259 0.020833 0.05
7 0.472396 0.319444 0.017708 0.055556
10 0.072656 0.353704 0.069271 0.064815
1 0.052604 0.303704 0.016667 0.075926
10 0.141667 0.322685 0.051042 0.076852
1 0.397135 0.298148 0.010937 0.059259
1 0.382031 0.296759 0.011979 0.065741
10 0.814844 0.294907 0.291146 0.223148
1 0.361458 0.311111 0.0125 0.059259
1 0.35625 0.29537 0.011458 0.053704
