1 0.467187 0.385185 0.035417 0.151852
1 0.413542 0.368056 0.022917 0.125
1 0.379688 0.371296 0.027083 0.131481
1 0.790885 0.58287 0.116146 0.600926
1 0.910937 0.575926 0.128125 0.611111
1 0.288542 0.376852 0.041667 0.153704
1 0.420052 0.365741 0.021354 0.111111
1 0.441146 0.359259 0.016667 0.107407
10 0.244792 0.42037 0.070833 0.087037
1 0.128125 0.372685 0.026042 0.121296
1 0.570312 0.385648 0.038542 0.206481
1 0.450521 0.360185 0.016667 0.096296
1 0.488021 0.358796 0.017708 0.106481
1 0.214062 0.363889 0.020833 0.112963
1 0.20026 0.366204 0.016146 0.087963
1 0.484896 0.351389 0.020833 0.086111
1 0.463281 0.366667 0.022396 0.090741
1 0.265885 0.372685 0.017188 0.100926
10 0.288542 0.389352 0.040625 0.056481
10 0.267708 0.402315 0.051042 0.065741
1 0.398958 0.34537 0.013542 0.062963
1 0.023438 0.345833 0.0125 0.065741
1 0.046875 0.368981 0.020833 0.099074
7 0.348438 0.358333 0.01875 0.05
7 0.361979 0.355556 0.015625 0.044444
10 0.053906 0.386574 0.050521 0.049074
1 0.05625 0.348611 0.014583 0.063889
10 0.083594 0.361111 0.039062 0.053704
10 0.659635 0.3125 0.291146 0.223148
7 0.805729 0.391204 0.034375 0.156481
