1 0.644271 0.361111 0.032292 0.144444
1 0.463542 0.359259 0.030208 0.15
1 0.20625 0.419444 0.097917 0.37037
1 0.510417 0.361111 0.029167 0.137037
1 0.579167 0.337037 0.015625 0.061111
1 0.642969 0.373611 0.030729 0.197222
10 0.030729 0.600463 0.260417 0.297222
1 0.344271 0.34537 0.020833 0.094444
1 0.634375 0.368519 0.026042 0.17963
1 0.154167 0.370833 0.030208 0.134259
1 0.114844 0.371759 0.043229 0.147222
1 0.525781 0.33287 0.014063 0.058333
1 0.288802 0.368981 0.026562 0.152778
10 0.344792 0.421759 0.085417 0.100926
10 0.242188 0.485648 0.146875 0.160185
1 0.544271 0.32963 0.009375 0.038889
1 0.533854 0.331019 0.009375 0.041667
7 0.485937 0.353704 0.023958 0.062963
7 0.505469 0.356944 0.021354 0.063889
10 -0.011979 0.41713 0.076042 0.076852
10 0.088542 0.373611 0.076042 0.087963
1 0.385156 0.338889 0.015104 0.066667
1 0.367708 0.330093 0.014583 0.076852
10 0.927344 0.38287 0.291146 0.223148
1 0.383333 0.338889 0.0125 0.059259
1 0.371354 0.3375 0.0125 0.060185
8 0.754687 0.318981 0.023958 0.115741
8 0.776042 0.321759 0.022917 0.110185
