1 0.617188 0.377778 0.030208 0.133333
1 0.408854 0.382407 0.032292 0.164815
1 0.45 0.396296 0.029167 0.148148
1 0.704167 0.386111 0.038542 0.155556
1 0.966146 0.511574 0.11875 0.649074
1 0.555729 0.359259 0.016667 0.064815
10 -0.014844 0.727778 0.222396 0.385185
1 0.016146 0.376389 0.025 0.100926
1 0.041406 0.371296 0.027604 0.105556
1 0.594271 0.359722 0.013542 0.05463
1 0.575521 0.356481 0.0125 0.057407
7 0.49974 0.397222 0.030729 0.101852
7 0.525 0.403704 0.032292 0.096296
1 0.329948 0.355556 0.013021 0.051852
1 0.342187 0.359722 0.011458 0.04537
1 0.347396 0.353241 0.0125 0.041667
1 0.35599 0.347685 0.011979 0.04537
1 0.390885 0.358796 0.015104 0.052778
