1 0.605208 0.375463 0.03125 0.136111
1 0.433333 0.375 0.03125 0.151852
1 0.204948 0.460185 0.107812 0.461111
1 0.491667 0.376852 0.029167 0.142593
1 0.575781 0.350463 0.018229 0.076852
1 0.653385 0.39537 0.038021 0.25
1 0.329948 0.367593 0.020313 0.096296
1 0.639583 0.395833 0.034375 0.219444
1 0.513021 0.345833 0.014583 0.060185
1 0.223698 0.397222 0.035937 0.183333
10 0.284375 0.463889 0.109375 0.125926
10 0.092448 0.581944 0.229687 0.234259
1 0.53724 0.343056 0.010937 0.037963
1 0.521615 0.343056 0.010937 0.04537
7 0.469531 0.37037 0.023438 0.07037
7 0.489323 0.368056 0.023438 0.067593
10 0.013021 0.389352 0.083333 0.100926
1 0.336719 0.349074 0.015104 0.066667
1 0.3125 0.348611 0.01875 0.076852
10 0.98151 0.443981 0.291146 0.223148
1 0.368229 0.35 0.0125 0.059259
1 0.357292 0.348611 0.0125 0.060185
8 0.776563 0.328704 0.023958 0.116667
8 0.800521 0.334722 0.022917 0.119444
