1 0.632812 0.361111 0.030208 0.142593
1 0.459375 0.348148 0.029167 0.142593
1 0.282552 0.423611 0.080729 0.380556
1 1.033073 0.675 0.159896 0.748148
1 0.225781 0.387037 0.067187 0.292593
1 0.500521 0.350926 0.029167 0.12963
1 0.546615 0.323148 0.014063 0.055556
1 0.592708 0.355556 0.0375 0.159259
10 0.16224 0.498611 0.177604 0.184259
1 0.31849 0.339352 0.021354 0.100926
1 0.599219 0.356481 0.025521 0.148148
1 0.699479 0.347685 0.021875 0.113889
1 0.275521 0.355093 0.020833 0.121296
1 0.251042 0.355556 0.022917 0.12037
1 0.304688 0.366667 0.021875 0.131481
10 0.35 0.398611 0.069792 0.080556
10 0.282292 0.42963 0.107292 0.112963
1 -0.00026 0.35787 0.026562 0.158333
1 0.515885 0.330556 0.009896 0.037037
7 0.46224 0.342593 0.025521 0.057407
7 0.481771 0.344444 0.01875 0.057407
10 0.03099 0.383796 0.076563 0.067593
10 0.110677 0.359259 0.060937 0.081481
1 0.39375 0.323148 0.015625 0.062963
1 0.370312 0.321296 0.015625 0.072222
10 0.853906 0.350463 0.291146 0.223148
1 0.364063 0.334259 0.0125 0.059259
1 0.354167 0.331019 0.0125 0.060185
