1 0.711458 0.510185 0.047917 0.272222
1 0.688021 0.487037 0.038542 0.162963
1 0.276823 0.519444 0.054688 0.222222
1 0.568229 0.458333 0.023958 0.112963
1 0.164583 0.501852 0.041667 0.177778
1 0.273438 0.492593 0.034375 0.177778
1 0.213021 0.502778 0.032292 0.164815
1 0.536979 0.457407 0.019792 0.1
1 0.231771 0.498148 0.034375 0.17037
1 0.519531 0.446759 0.015104 0.078704
10 0.405729 0.480556 0.05 0.059259
3 -0.073958 0.535185 0.234375 0.346296
10 0.458333 0.5625 0.069792 0.287963
1 0.103125 0.455556 0.014583 0.066667
1 0.25599 0.472222 0.026562 0.124074
1 0.548958 0.452315 0.015625 0.091667
1 0.365625 0.447685 0.011458 0.060185
1 0.358073 0.448611 0.010937 0.052778
1 0.371875 0.453704 0.011458 0.066667
1 0.347917 0.449074 0.010417 0.055556
1 0.332813 0.45 0.011458 0.057407
1 0.319271 0.446759 0.010417 0.050926
10 0.710677 0.378241 0.291146 0.223148
10 0.129688 0.506019 0.111458 0.080556
7 0.773177 0.46713 0.021354 0.099074
