1 0.609375 0.375 0.030208 0.135185
1 0.438281 0.376852 0.030729 0.157407
1 0.176563 0.494444 0.132292 0.481481
1 0.491406 0.376389 0.027604 0.139815
1 0.589063 0.352315 0.020833 0.082407
1 0.677083 0.397222 0.042708 0.27037
1 0.344531 0.365278 0.020313 0.097222
1 0.664062 0.401389 0.040625 0.236111
1 0.526042 0.352315 0.014583 0.060185
1 0.211458 0.419907 0.032292 0.217593
10 0.273698 0.475 0.121354 0.138889
10 0.021875 0.610185 0.152083 0.25
10 0.138802 0.593056 0.076563 0.202778
1 0.188802 0.356481 0.022396 0.098148
1 0.548177 0.339352 0.010937 0.037963
1 0.534115 0.3375 0.010937 0.043519
7 0.477865 0.373148 0.023438 0.07037
7 0.496875 0.375926 0.022917 0.068519
10 0.009375 0.402315 0.083333 0.100926
1 0.333594 0.35 0.015104 0.066667
10 1.028385 0.468056 0.291146 0.223148
1 0.378646 0.351852 0.0125 0.059259
1 0.368229 0.351389 0.0125 0.060185
8 0.796615 0.336111 0.023438 0.12037
8 0.822396 0.336574 0.025 0.126852
8 0.84375 0.339352 0.027083 0.117593
