1 0.83099 0.634259 0.108854 0.635185
1 0.472396 0.469907 0.035417 0.158333
1 0.398698 0.442593 0.022396 0.111111
1 0.278646 0.435185 0.017708 0.085185
1 0.025521 0.475 0.044792 0.194444
1 0.25 0.445833 0.03125 0.119444
1 0.371354 0.444444 0.020833 0.107407
1 0.363802 0.43287 0.015104 0.087963
10 0.222917 0.472685 0.057292 0.069444
10 0.146875 0.635648 0.132292 0.558333
1 0.05625 0.4625 0.030208 0.134259
1 0.438542 0.438426 0.020833 0.110185
1 0.397917 0.4375 0.017708 0.099074
1 0.321354 0.427315 0.013542 0.063889
7 0.261719 0.431944 0.019271 0.04537
10 0.56901 0.365278 0.291146 0.223148
7 0.645312 0.45463 0.020833 0.109259
