1 0.601823 0.371759 0.032813 0.143519
1 0.530208 0.356944 0.030208 0.134259
1 0.508333 0.356019 0.026042 0.149074
1 0.79375 0.602315 0.11875 0.676852
1 0.952604 0.611574 0.142708 0.713889
1 0.376302 0.361574 0.033854 0.182407
1 0.540365 0.356019 0.022396 0.119444
1 0.555729 0.327315 0.010417 0.041667
1 0.038542 0.375 0.0375 0.17963
1 0.581771 0.349537 0.023958 0.123148
10 0.330469 0.407407 0.081771 0.087037
1 0.297656 0.35 0.025521 0.111111
1 0.915365 0.458796 0.100521 0.469444
1 0.589583 0.349537 0.01875 0.110185
1 0.646354 0.348611 0.017708 0.106481
1 0.298698 0.347222 0.026562 0.138889
1 0.284115 0.353704 0.021354 0.118519
1 0.520052 0.344444 0.020313 0.092593
1 0.510417 0.343519 0.021875 0.096296
1 0.38125 0.349537 0.019792 0.108333
10 0.414323 0.373611 0.047396 0.060185
10 0.378125 0.392593 0.061458 0.072222
1 0.157292 0.324074 0.015625 0.075926
1 0.164844 0.346296 0.020313 0.109259
7 0.494271 0.341667 0.01875 0.05
7 0.510677 0.344907 0.017188 0.049074
10 0.176823 0.366667 0.054688 0.055556
1 0.175781 0.321759 0.017188 0.071296
10 0.220312 0.336111 0.041667 0.061111
1 0.439583 0.327315 0.011458 0.056481
1 0.425781 0.334259 0.008854 0.061111
10 0.807031 0.313426 0.291146 0.223148
1 0.403385 0.329167 0.011979 0.052778
1 0.392969 0.324074 0.010937 0.051852
