1 0.601562 0.336111 0.03125 0.135185
1 0.407812 0.339815 0.032292 0.161111
1 0.45625 0.337963 0.029167 0.148148
1 0.641667 0.321296 0.03125 0.114815
1 0.813802 0.408796 0.068229 0.475
1 0.382031 0.323611 0.022396 0.102778
1 0.777083 0.397685 0.065625 0.402778
1 0.539062 0.3125 0.017708 0.065741
1 0.021875 0.43287 0.055208 0.350926
10 0.115625 0.552315 0.223958 0.260185
1 0.056771 0.334722 0.04375 0.126852
1 0.073438 0.324537 0.017708 0.087963
1 0.1 0.325926 0.020833 0.090741
1 0.568229 0.301389 0.0125 0.052778
1 0.554167 0.302315 0.011458 0.05463
7 0.486198 0.342593 0.027604 0.092593
7 0.507031 0.349537 0.026562 0.089815
1 0.398438 0.319444 0.0125 0.059259
8 0.876823 0.297685 0.030729 0.160185
8 0.909115 0.294444 0.035937 0.162963
8 0.940625 0.296296 0.030208 0.151852
1 0.321094 0.309259 0.013021 0.048148
1 0.329948 0.310648 0.010937 0.04537
1 0.341667 0.303704 0.011458 0.040741
1 0.345313 0.303704 0.011458 0.042593
