1 0.578125 0.387037 0.035417 0.151852
1 0.517708 0.372222 0.027083 0.133333
1 0.49401 0.369907 0.026562 0.14537
1 0.778646 0.600926 0.121875 0.653704
1 0.922917 0.636111 0.152083 0.701852
1 0.365625 0.369444 0.032292 0.175926
1 0.526042 0.367593 0.022917 0.12037
1 0.020833 0.382407 0.047917 0.177778
1 0.563542 0.363426 0.023958 0.119444
10 0.317448 0.409259 0.080729 0.087037
1 0.279427 0.352778 0.025521 0.111111
1 0.821615 0.460185 0.073438 0.403704
1 0.570833 0.363426 0.01875 0.10463
1 0.621875 0.364352 0.017708 0.106481
1 0.292187 0.353704 0.025 0.125926
1 0.277865 0.356944 0.021354 0.110185
1 0.522656 0.356481 0.020313 0.092593
1 0.508333 0.359259 0.021875 0.096296
1 0.367188 0.362963 0.019792 0.105556
10 0.397656 0.383796 0.047396 0.060185
10 0.364583 0.400463 0.059375 0.073148
1 0.142708 0.326852 0.013542 0.07037
1 0.155729 0.347222 0.020833 0.105556
7 0.476562 0.350926 0.01875 0.05
7 0.492969 0.35787 0.017188 0.049074
10 0.165885 0.364352 0.052604 0.056481
1 0.167187 0.331019 0.015625 0.067593
10 0.20625 0.346296 0.041667 0.061111
1 0.420312 0.339815 0.011458 0.057407
1 0.409896 0.338426 0.009375 0.058333
10 0.783594 0.323611 0.291146 0.223148
1 0.389323 0.34213 0.011979 0.052778
1 0.377344 0.339815 0.010937 0.051852
