1 0.644271 0.345833 0.032292 0.14537
1 0.460938 0.337037 0.030208 0.146296
1 0.051042 0.466204 0.164583 0.593519
1 0.205469 0.381019 0.083854 0.337963
1 0.509375 0.348148 0.029167 0.137037
1 0.56849 0.310185 0.013021 0.061111
1 0.621354 0.346296 0.027083 0.177778
10 0.100521 0.531944 0.21875 0.241667
1 0.334635 0.330556 0.021354 0.098148
1 0.622396 0.349537 0.027083 0.162037
1 0.211458 0.333796 0.027083 0.132407
1 0.186458 0.341204 0.027083 0.130556
1 0.522135 0.311574 0.014063 0.058333
1 0.305729 0.3375 0.021875 0.136111
10 0.35026 0.393519 0.078646 0.090741
10 0.265104 0.438426 0.130208 0.134259
1 0.536979 0.308333 0.009375 0.038889
1 0.528646 0.310648 0.008333 0.041667
7 0.479687 0.32963 0.022917 0.059259
7 0.495573 0.33287 0.020313 0.056481
10 0.01276 0.376389 0.076563 0.067593
10 0.10625 0.33287 0.065625 0.086111
1 0.392448 0.309259 0.015104 0.066667
1 0.372656 0.314352 0.015104 0.075
10 0.89401 0.356944 0.291146 0.223148
1 0.380729 0.310185 0.0125 0.059259
1 0.36875 0.30787 0.0125 0.060185
