1 0.616927 0.366204 0.031771 0.136111
1 0.448437 0.362963 0.030208 0.162963
1 0.115365 0.518981 0.167187 0.560185
1 0.489583 0.362963 0.029167 0.144444
1 0.613281 0.343519 0.021354 0.087037
1 0.711198 0.397685 0.045312 0.300926
1 0.36875 0.356481 0.019792 0.1
1 0.698438 0.392593 0.04375 0.268519
1 0.541146 0.336574 0.014583 0.060185
1 0.195833 0.412037 0.032292 0.246296
10 0.264062 0.483333 0.139583 0.153704
10 0.059115 0.631019 0.116146 0.287963
1 0.178906 0.346296 0.022396 0.098148
1 0.163281 0.341667 0.014063 0.064815
1 0.170833 0.333796 0.014583 0.073148
1 0.566146 0.338426 0.009375 0.047222
1 0.551042 0.333333 0.011458 0.051852
7 0.494531 0.368519 0.023438 0.07037
7 0.511979 0.37037 0.022917 0.072222
10 0.002083 0.388426 0.083333 0.100926
1 0.332813 0.343519 0.016667 0.064815
10 1.101823 0.504167 0.281771 0.223148
1 0.395313 0.339815 0.0125 0.059259
1 0.386458 0.336574 0.0125 0.060185
8 0.828646 0.323148 0.025 0.125926
8 0.85599 0.323611 0.028646 0.128704
8 0.882292 0.321759 0.026042 0.123148
