1 0.642708 0.360185 0.029167 0.137037
1 0.465625 0.352315 0.030208 0.149074
1 0.200521 0.412037 0.095833 0.362963
1 0.508594 0.355093 0.026562 0.136111
1 0.574479 0.333796 0.015625 0.065741
1 0.636979 0.365278 0.026042 0.191667
10 0.051302 0.578241 0.245312 0.284259
1 0.339583 0.339815 0.020833 0.094444
1 0.632292 0.367593 0.026042 0.174074
1 0.169531 0.358333 0.029687 0.135185
1 0.133333 0.361111 0.035417 0.144444
1 0.525781 0.331944 0.014063 0.058333
1 0.291927 0.365741 0.025521 0.148148
10 0.345052 0.415741 0.083854 0.1
10 0.247396 0.473148 0.141667 0.157407
1 0.543229 0.325 0.009375 0.038889
1 0.53151 0.324074 0.008854 0.042593
7 0.483594 0.347685 0.024479 0.060185
7 0.502865 0.352315 0.021354 0.063889
10 -0.00651 0.402315 0.076563 0.071296
10 0.092969 0.366667 0.074479 0.085185
1 0.38724 0.331481 0.015104 0.066667
1 0.367708 0.323148 0.014583 0.075926
10 0.91849 0.376389 0.291146 0.223148
1 0.383333 0.333333 0.0125 0.059259
1 0.371354 0.334722 0.0125 0.060185
8 0.753125 0.318981 0.023958 0.115741
