1 0.533594 0.4 0.034896 0.153704
1 0.469531 0.378704 0.024479 0.122222
1 0.432292 0.382407 0.020833 0.12037
1 0.940625 0.583796 0.125 0.578704
1 0.032552 0.434259 0.059896 0.235185
1 0.332031 0.388889 0.036979 0.144444
1 0.469792 0.377778 0.021875 0.111111
1 0.489583 0.369907 0.017708 0.097222
10 0.310417 0.430093 0.061458 0.078704
1 0.18099 0.397685 0.025521 0.121296
1 0.592969 0.385185 0.031771 0.166667
1 0.529427 0.375 0.016146 0.107407
1 0.280729 0.379167 0.019792 0.100926
1 0.266927 0.38287 0.014063 0.082407
1 0.310156 0.384259 0.017188 0.1
10 0.327604 0.404167 0.0375 0.050926
10 0.330729 0.414352 0.042708 0.05463
1 0.440625 0.360185 0.013542 0.062963
1 0.09349 0.369907 0.010937 0.062037
1 0.120313 0.387963 0.01875 0.096296
7 0.392708 0.37037 0.017708 0.048148
7 0.400521 0.371296 0.015625 0.044444
10 0.12474 0.403704 0.049479 0.05
1 0.126823 0.375926 0.011979 0.059259
10 0.149479 0.3875 0.032292 0.05463
10 0.695573 0.3125 0.291146 0.223148
7 0.829688 0.391667 0.03125 0.140741
