1 0.613802 0.379167 0.032813 0.14537
1 0.449479 0.361574 0.029167 0.141667
1 0.348958 0.406481 0.064583 0.296296
1 0.976823 0.622685 0.145313 0.723148
1 0.201302 0.391204 0.069271 0.269444
1 0.485937 0.365741 0.028125 0.127778
1 0.521615 0.342593 0.013021 0.055556
1 0.566146 0.366667 0.030208 0.155556
10 0.183073 0.48287 0.150521 0.156481
1 0.295052 0.352315 0.021354 0.100926
1 0.572135 0.365278 0.025521 0.139815
1 0.65599 0.359259 0.022396 0.109259
1 0.297917 0.357407 0.019792 0.12037
1 0.278906 0.356019 0.023438 0.117593
1 0.299219 0.362037 0.022396 0.12963
10 0.341667 0.40463 0.059375 0.075926
10 0.280729 0.435185 0.1 0.105556
1 0.005729 0.365741 0.027083 0.144444
1 0.499219 0.3375 0.009896 0.034259
7 0.44349 0.35787 0.022396 0.052778
7 0.464583 0.362037 0.01875 0.057407
10 0.029948 0.395833 0.076563 0.067593
10 0.105469 0.353704 0.057812 0.081481
1 0.385156 0.340741 0.010937 0.059259
1 0.361198 0.335185 0.013021 0.066667
10 0.816406 0.353241 0.291146 0.223148
1 0.349479 0.340741 0.0125 0.059259
1 0.338021 0.335648 0.011458 0.060185
