1 0.597917 0.337963 0.03125 0.135185
1 0.402604 0.339815 0.032292 0.161111
1 0.453125 0.336111 0.029167 0.146296
1 0.633594 0.321296 0.031771 0.112963
1 0.79974 0.406944 0.066146 0.463889
1 0.376042 0.322685 0.021875 0.102778
1 0.765104 0.39537 0.065625 0.392593
1 0.533073 0.313426 0.019271 0.063889
1 0.025 0.430093 0.055208 0.350926
10 0.117448 0.540741 0.224479 0.251852
1 0.058854 0.328704 0.0375 0.124074
1 0.069792 0.320833 0.017708 0.087963
1 0.095833 0.325 0.020833 0.088889
1 0.5625 0.300463 0.0125 0.052778
1 0.548698 0.303241 0.010937 0.052778
7 0.480729 0.337963 0.026042 0.090741
7 0.503646 0.343519 0.026042 0.087037
1 0.389583 0.318519 0.0125 0.059259
8 0.872135 0.296759 0.030729 0.160185
8 0.903906 0.293519 0.035937 0.162963
8 0.935937 0.294444 0.030208 0.151852
1 0.315365 0.312037 0.013021 0.046296
1 0.323177 0.312963 0.010937 0.046296
1 0.335938 0.308333 0.011458 0.038889
1 0.341146 0.305093 0.011458 0.041667
