1 0.605729 0.360648 0.030208 0.130556
1 0.403125 0.363889 0.032292 0.162963
1 0.446875 0.374074 0.029167 0.148148
1 0.67526 0.358796 0.035937 0.143519
1 0.948958 0.505556 0.104167 0.692593
1 0.396354 0.354167 0.022917 0.102778
1 0.8875 0.480556 0.098958 0.559259
1 0.54349 0.339352 0.015104 0.063889
10 0.025 0.671296 0.222917 0.361111
1 0.025781 0.347685 0.020313 0.100926
1 0.05 0.345833 0.023958 0.102778
1 0.581771 0.340278 0.0125 0.052778
1 0.566667 0.344444 0.0125 0.057407
7 0.490104 0.37037 0.030208 0.1
7 0.51276 0.377315 0.026562 0.089815
8 0.939323 0.322685 0.030729 0.160185
1 0.322135 0.331019 0.013021 0.052778
1 0.332813 0.333333 0.011458 0.046296
1 0.338542 0.325463 0.011458 0.043519
1 0.349479 0.32963 0.011458 0.044444
1 0.382552 0.344444 0.015104 0.055556
