1 0.509375 0.415278 0.033333 0.149074
1 0.45599 0.391204 0.023438 0.126852
1 0.426823 0.39537 0.026562 0.133333
1 0.785156 0.618981 0.102604 0.621296
1 0.922656 0.608796 0.134896 0.641667
1 0.31849 0.405093 0.034896 0.152778
1 0.460938 0.391204 0.020833 0.112037
1 0.491927 0.385185 0.020313 0.105556
10 0.278385 0.442593 0.066146 0.087037
1 0.188542 0.394444 0.026042 0.118519
1 0.638802 0.428241 0.044271 0.239815
1 0.495833 0.385185 0.016667 0.096296
1 0.539062 0.386574 0.017708 0.106481
1 0.250521 0.385185 0.022917 0.118519
1 0.238542 0.390741 0.015625 0.098148
1 0.5 0.384722 0.020833 0.086111
1 0.488021 0.387963 0.021875 0.096296
1 0.303385 0.393981 0.017188 0.100926
10 0.332031 0.413889 0.051562 0.055556
10 0.31276 0.427315 0.058854 0.063889
1 0.451562 0.372685 0.013542 0.063889
1 0.07474 0.36713 0.013021 0.065741
1 0.095312 0.390741 0.020833 0.105556
7 0.402604 0.382407 0.01875 0.05
7 0.414583 0.387037 0.015625 0.044444
10 0.104948 0.409722 0.052604 0.056481
1 0.103646 0.370833 0.014583 0.063889
10 0.135677 0.386111 0.040104 0.061111
1 0.340104 0.367593 0.0125 0.053704
1 0.328385 0.368981 0.009896 0.052778
10 0.705469 0.338426 0.291146 0.223148
7 0.876042 0.433796 0.0375 0.167593
