1 0.66901 0.531019 0.050521 0.30463
1 0.60625 0.498148 0.038542 0.162963
1 0.164062 0.533796 0.061458 0.258333
1 0.49375 0.468519 0.023958 0.112963
1 0.066667 0.509722 0.044792 0.186111
1 0.185417 0.501389 0.034375 0.180556
1 0.1125 0.515278 0.033333 0.169444
1 0.46875 0.471296 0.020833 0.1
1 0.15 0.509259 0.034375 0.177778
1 0.449219 0.456019 0.016146 0.080556
10 0.339062 0.488426 0.051042 0.060185
10 0.378906 0.585648 0.073438 0.315741
1 0.182552 0.479167 0.026562 0.125
1 0.48125 0.466667 0.015625 0.094444
1 0.289844 0.456481 0.011979 0.064815
1 0.279948 0.462963 0.010937 0.057407
1 0.303385 0.461574 0.011979 0.069444
1 0.269792 0.45787 0.011458 0.058333
1 0.254948 0.458333 0.010937 0.059259
1 0.242188 0.458796 0.010417 0.050926
10 0.648177 0.381944 0.291146 0.223148
10 0.03776 0.517593 0.101562 0.083333
7 0.704427 0.481944 0.021354 0.099074
