1 0.604688 0.355556 0.03125 0.133333
1 0.401042 0.359259 0.032292 0.162963
1 0.446354 0.371296 0.029167 0.148148
1 0.672917 0.356481 0.035417 0.142593
1 0.929688 0.498611 0.1 0.671296
1 0.395313 0.348611 0.022917 0.102778
1 0.873437 0.471759 0.09375 0.543519
1 0.544271 0.335648 0.015625 0.063889
10 0.03099 0.659259 0.222396 0.355556
1 0.028385 0.343056 0.020313 0.100926
1 0.052865 0.341204 0.022396 0.102778
1 0.580729 0.3375 0.0125 0.052778
1 0.564583 0.339815 0.0125 0.057407
7 0.489063 0.368519 0.030208 0.098148
7 0.511198 0.374537 0.026562 0.089815
8 0.927865 0.319907 0.030729 0.160185
1 0.321094 0.326852 0.013021 0.051852
1 0.331771 0.329167 0.011458 0.04537
1 0.338021 0.323611 0.011458 0.043519
1 0.348177 0.324074 0.011979 0.044444
1 0.38099 0.339815 0.015104 0.055556
