1 0.595313 0.325926 0.032292 0.137037
1 0.414062 0.326852 0.032292 0.161111
1 0.448958 0.332407 0.029167 0.146296
1 0.618229 0.309259 0.030208 0.107407
1 0.757812 0.37963 0.057292 0.396296
1 0.36875 0.318519 0.020833 0.103704
1 0.73151 0.375463 0.050521 0.339815
1 0.527344 0.302778 0.015104 0.064815
1 0.079427 0.403704 0.053646 0.312963
10 0.163802 0.502315 0.194271 0.206481
1 0.088802 0.314352 0.023438 0.117593
1 0.088021 0.317593 0.016667 0.083333
1 0.113802 0.308333 0.017188 0.07963
1 0.554688 0.296759 0.0125 0.052778
1 0.542708 0.295833 0.011458 0.052778
7 0.477865 0.331944 0.024479 0.084259
7 0.495833 0.335648 0.025 0.082407
1 0.385937 0.305556 0.0125 0.059259
8 0.86224 0.302315 0.028646 0.149074
8 0.892708 0.300926 0.034375 0.151852
8 0.923177 0.3 0.028646 0.142593
1 0.314844 0.294444 0.013021 0.046296
1 0.322396 0.297222 0.010417 0.046296
1 0.335417 0.295833 0.010417 0.039815
1 0.339323 0.291667 0.010937 0.042593
