1 0.605208 0.347222 0.03125 0.135185
1 0.399479 0.35 0.032292 0.162963
1 0.445833 0.357407 0.029167 0.148148
1 0.664844 0.346759 0.033854 0.134259
1 0.894792 0.466204 0.089583 0.610185
1 0.392708 0.336574 0.022917 0.102778
1 0.840885 0.447222 0.081771 0.498148
1 0.541667 0.323148 0.015625 0.062963
10 0.054167 0.622222 0.222917 0.333333
1 -0.001042 0.328704 0.028125 0.127778
1 0.03724 0.328241 0.020313 0.100926
1 0.0625 0.328241 0.020833 0.100926
1 0.577604 0.328241 0.0125 0.052778
1 0.560937 0.325926 0.0125 0.057407
7 0.486719 0.358333 0.028646 0.094444
7 0.507552 0.364352 0.026562 0.089815
8 0.914844 0.310648 0.030729 0.160185
8 0.951823 0.312037 0.035937 0.162963
1 0.317969 0.316204 0.013021 0.050926
1 0.329688 0.321759 0.011458 0.04537
1 0.336719 0.31713 0.011979 0.043519
1 0.346615 0.3125 0.011979 0.04537
1 0.378385 0.325926 0.015104 0.057407
