1 0.589063 0.336111 0.027083 0.138889
1 0.477083 0.325463 0.025 0.137963
1 0.467187 0.337037 0.036458 0.174074
1 0.813021 0.556944 0.115625 0.684259
1 0.947656 0.55463 0.132812 0.740741
1 0.308594 0.343519 0.047396 0.205556
1 0.496875 0.326852 0.022917 0.122222
1 0.522917 0.29213 0.011458 0.04537
1 0.554688 0.315278 0.019792 0.128704
10 0.265625 0.40463 0.098958 0.103704
1 0.270833 0.325 0.025 0.105556
1 0.56276 0.312037 0.021354 0.12037
1 0.616146 0.311574 0.017708 0.106481
1 0.211198 0.331944 0.033854 0.169444
1 0.192708 0.34537 0.028125 0.148148
1 0.436719 0.314815 0.020313 0.1
1 0.425781 0.321296 0.028646 0.105556
1 0.333854 0.327315 0.022917 0.121296
10 0.367188 0.354167 0.052083 0.063889
10 0.328125 0.374537 0.06875 0.076852
1 0.074219 0.305093 0.017188 0.078704
1 0.095833 0.330556 0.022917 0.118519
7 0.453646 0.315741 0.01875 0.05
7 0.47474 0.313426 0.017188 0.049074
10 0.1125 0.352778 0.063542 0.053704
1 0.107552 0.305093 0.017188 0.071296
10 0.163021 0.318981 0.045833 0.071296
1 0.398177 0.302315 0.010937 0.058333
1 0.384896 0.304167 0.009375 0.060185
10 0.78151 0.28287 0.291146 0.223148
1 0.364583 0.302778 0.011458 0.053704
1 0.354687 0.299074 0.011458 0.053704
