1 0.601562 0.34537 0.03125 0.137037
1 0.425521 0.338889 0.03125 0.161111
1 0.465625 0.347222 0.029167 0.144444
1 0.613281 0.324537 0.023438 0.099074
1 0.733594 0.391204 0.050521 0.35463
1 0.366406 0.335648 0.021354 0.100926
1 0.71224 0.386574 0.049479 0.30463
1 0.529948 0.32037 0.014063 0.064815
1 0.128906 0.400463 0.057812 0.271296
10 0.204948 0.48287 0.167187 0.189815
1 0.125 0.330093 0.021875 0.106481
1 0.116927 0.319444 0.015104 0.07963
1 0.135677 0.312037 0.015104 0.077778
1 0.55599 0.314352 0.011979 0.049074
1 0.543229 0.315278 0.011458 0.050926
7 0.482552 0.340278 0.023438 0.075
7 0.501823 0.348611 0.024479 0.076852
1 0.386198 0.325 0.011979 0.059259
8 0.852865 0.30787 0.027604 0.139815
8 0.882292 0.307407 0.032292 0.140741
8 0.911198 0.305093 0.027604 0.134259
