1 0.61875 0.363889 0.03125 0.142593
1 0.455208 0.348148 0.029167 0.140741
1 0.372396 0.389815 0.058333 0.266667
1 0.973698 0.602778 0.124479 0.744444
1 0.204167 0.381944 0.060417 0.256481
1 0.49349 0.356019 0.026562 0.125
1 0.527604 0.324537 0.0125 0.05463
1 0.56849 0.347685 0.023438 0.150926
10 0.204167 0.460648 0.141667 0.149074
1 0.29974 0.335648 0.021354 0.100926
1 0.574219 0.353704 0.023438 0.137037
1 0.651563 0.342593 0.021875 0.118519
1 0.003646 0.390278 0.061458 0.273148
1 0.319792 0.346296 0.019792 0.112963
1 0.304948 0.339352 0.023438 0.110185
1 0.307552 0.352315 0.022396 0.125
10 0.346875 0.388889 0.059375 0.075926
10 0.29401 0.416204 0.093229 0.100926
1 0.02526 0.356481 0.027604 0.140741
1 0.504948 0.323611 0.009896 0.034259
7 0.452344 0.3375 0.021354 0.050926
7 0.467187 0.343519 0.01875 0.057407
10 0.046615 0.384722 0.076563 0.067593
10 0.117969 0.346296 0.057812 0.081481
1 0.383594 0.326852 0.010937 0.059259
1 0.366406 0.326852 0.013021 0.066667
10 0.816927 0.327315 0.291146 0.223148
1 0.354167 0.332407 0.0125 0.059259
1 0.34401 0.328704 0.010937 0.061111
