1 0.672656 0.527315 0.049479 0.299074
1 0.616146 0.49537 0.038542 0.162963
1 0.182031 0.52963 0.059896 0.251852
1 0.503646 0.467593 0.023958 0.112963
1 0.080729 0.509722 0.044792 0.184259
1 0.195312 0.500926 0.034375 0.17963
1 0.125521 0.510648 0.033333 0.167593
1 0.477604 0.469444 0.020833 0.1
1 0.161458 0.506019 0.034375 0.176852
1 0.45599 0.456481 0.015104 0.07963
10 0.347135 0.486574 0.050521 0.060185
10 0.390625 0.581481 0.073958 0.309259
1 0.008854 0.4625 0.017708 0.075
1 0.192969 0.478241 0.026562 0.125
1 0.490625 0.462963 0.015625 0.094444
1 0.299479 0.455556 0.011458 0.062963
1 0.290365 0.462037 0.010937 0.057407
1 0.31224 0.459722 0.011979 0.069444
1 0.279167 0.456019 0.011458 0.058333
1 0.264323 0.456019 0.010937 0.058333
1 0.251823 0.455556 0.011979 0.053704
10 0.655469 0.381944 0.291146 0.223148
10 0.047917 0.516667 0.108333 0.085185
7 0.715365 0.478241 0.021354 0.099074
