1 0.644271 0.347222 0.032292 0.144444
1 0.460938 0.338889 0.030208 0.146296
1 0.032552 0.464815 0.171354 0.614815
1 0.202083 0.37963 0.085417 0.340741
1 0.509375 0.349074 0.029167 0.137037
1 0.570052 0.311111 0.013021 0.062963
1 0.623958 0.347222 0.027083 0.17963
10 0.095052 0.53287 0.223437 0.247222
1 0.335938 0.327778 0.020833 0.096296
1 0.624219 0.351852 0.026562 0.162963
1 0.207552 0.332407 0.027604 0.133333
1 0.18099 0.338426 0.027604 0.134259
1 0.523177 0.314352 0.014063 0.058333
1 0.303646 0.339352 0.023958 0.137963
10 0.35 0.391667 0.079167 0.092593
10 0.261719 0.437037 0.134896 0.137037
1 0.538021 0.308333 0.009375 0.038889
1 0.529427 0.312037 0.007812 0.042593
7 0.482292 0.326852 0.020833 0.059259
7 0.497656 0.329167 0.020313 0.056481
10 0.011719 0.373611 0.076563 0.067593
10 0.105208 0.335648 0.067708 0.086111
1 0.392969 0.305556 0.015104 0.066667
1 0.372656 0.311574 0.015104 0.075
10 0.897656 0.356019 0.291146 0.223148
1 0.38125 0.312963 0.0125 0.059259
1 0.369792 0.311574 0.0125 0.060185
