1 0.613021 0.377778 0.030208 0.133333
1 0.406771 0.375 0.032292 0.164815
1 0.447917 0.390741 0.029167 0.148148
1 0.69375 0.381944 0.0375 0.149074
1 1.025521 0.554167 0.114583 0.741667
1 0.936979 0.508333 0.114583 0.616667
1 0.554427 0.358796 0.016146 0.063889
10 0.000781 0.708333 0.222396 0.377778
1 0.019792 0.372222 0.021875 0.101852
1 0.049219 0.36713 0.028646 0.10463
1 0.590365 0.361111 0.013021 0.053704
1 0.572396 0.356481 0.0125 0.057407
7 0.495573 0.390741 0.030729 0.101852
7 0.520052 0.39537 0.030729 0.094444
8 0.979948 0.335648 0.030729 0.160185
1 0.328385 0.356944 0.013021 0.052778
1 0.339844 0.356019 0.011979 0.04537
1 0.345052 0.348148 0.011979 0.042593
1 0.353906 0.347222 0.011979 0.046296
1 0.38776 0.358796 0.015104 0.052778
