1 0.688542 0.553704 0.061458 0.398148
1 0.513802 0.477315 0.033854 0.152778
1 0.420312 0.449537 0.020833 0.106481
1 0.063281 0.503241 0.042188 0.187963
1 0.084375 0.484722 0.038542 0.176852
1 0.39375 0.455556 0.020833 0.103704
1 0.026823 0.505556 0.033854 0.183333
1 0.38125 0.443056 0.019792 0.086111
10 0.253906 0.479167 0.054688 0.067593
10 0.253385 0.611574 0.092188 0.399074
1 0.089583 0.476852 0.025 0.12963
1 0.445312 0.447685 0.021875 0.102778
1 0.414583 0.448148 0.015625 0.1
1 0.213542 0.446759 0.0125 0.067593
1 0.202344 0.452315 0.010937 0.052778
1 0.188281 0.44537 0.010937 0.061111
1 0.169531 0.448611 0.009896 0.05463
1 0.18151 0.447685 0.010937 0.050926
1 0.338021 0.433796 0.013542 0.063889
10 0.58151 0.368981 0.291146 0.223148
7 0.651042 0.45787 0.020833 0.10463
