1 0.630729 0.363426 0.03125 0.14537
1 0.457813 0.349074 0.029167 0.142593
1 0.282813 0.423148 0.083333 0.377778
1 1.028906 0.669907 0.160938 0.749074
1 0.223958 0.387037 0.070833 0.296296
1 0.498958 0.350926 0.029167 0.12963
1 0.544792 0.322222 0.013542 0.055556
1 0.590625 0.356019 0.032292 0.162037
10 0.16224 0.499074 0.176563 0.183333
1 0.316927 0.340278 0.021354 0.100926
1 0.597917 0.357407 0.026042 0.148148
1 0.695573 0.349537 0.021354 0.113889
1 0.27526 0.356019 0.020313 0.121296
1 0.250521 0.356481 0.022917 0.12037
1 0.303906 0.368056 0.022396 0.130556
10 0.348698 0.400463 0.068229 0.080556
10 0.28151 0.431944 0.106771 0.112037
1 -0.000781 0.357407 0.026562 0.159259
1 0.515104 0.331481 0.009375 0.037037
7 0.461719 0.342593 0.025521 0.057407
7 0.48125 0.343519 0.01875 0.057407
10 0.028906 0.384722 0.076563 0.067593
10 0.109896 0.359722 0.060417 0.080556
1 0.39375 0.322685 0.015625 0.062037
1 0.36849 0.323611 0.015104 0.073148
10 0.850781 0.351389 0.291146 0.223148
1 0.3625 0.335185 0.0125 0.059259
1 0.353125 0.331944 0.0125 0.060185
