1 0.609896 0.326852 0.034375 0.15
1 0.460417 0.309259 0.029167 0.140741
1 0.422917 0.331944 0.042708 0.208333
1 0.886458 0.558333 0.114583 0.731481
1 0.229687 0.335185 0.057292 0.224074
1 0.494271 0.315741 0.026042 0.124074
1 0.526563 0.281944 0.011458 0.052778
1 0.564323 0.306481 0.026562 0.137037
10 0.240365 0.419444 0.119271 0.127778
1 0.288021 0.313889 0.025 0.105556
1 0.56875 0.306481 0.021875 0.131481
1 0.636979 0.29537 0.019792 0.109259
1 0.119792 0.342593 0.047917 0.22037
1 0.098177 0.35787 0.039062 0.193519
1 0.373958 0.308333 0.025 0.105556
1 0.360938 0.312963 0.021875 0.111111
1 0.320833 0.319907 0.022917 0.121296
10 0.360677 0.353704 0.056771 0.068519
10 0.314063 0.378704 0.08125 0.092593
1 0.027083 0.306944 0.017708 0.091667
1 0.059896 0.330093 0.028125 0.134259
7 0.451302 0.308796 0.020313 0.049074
7 0.470312 0.309722 0.017708 0.052778
10 0.077865 0.353704 0.069271 0.064815
1 0.058594 0.301389 0.017188 0.071296
10 0.141406 0.314352 0.050521 0.076852
1 0.396615 0.292593 0.010937 0.059259
1 0.380208 0.292593 0.010417 0.064815
10 0.802344 0.281944 0.291146 0.223148
1 0.364583 0.298148 0.0125 0.059259
1 0.351042 0.287963 0.011458 0.053704
