1 0.488281 0.410648 0.034896 0.152778
1 0.430729 0.383333 0.027083 0.12963
1 0.402604 0.390278 0.025 0.132407
1 0.774219 0.604167 0.107812 0.617593
1 0.908594 0.602778 0.122396 0.631481
1 0.299479 0.386111 0.044792 0.157407
1 0.436979 0.381944 0.020833 0.115741
1 0.463542 0.383796 0.019792 0.110185
10 0.25651 0.433333 0.068229 0.087037
1 0.157292 0.389815 0.026042 0.12037
1 0.60651 0.412963 0.040104 0.225926
1 0.473438 0.385185 0.016667 0.096296
1 0.513021 0.380093 0.017708 0.106481
1 0.227604 0.381019 0.020833 0.113889
1 0.213802 0.381019 0.016146 0.089815
1 0.485417 0.380093 0.020833 0.086111
1 0.467187 0.378704 0.021875 0.092593
1 0.285677 0.390278 0.017188 0.100926
10 0.309635 0.406944 0.044271 0.056481
10 0.28724 0.41713 0.056771 0.063889
1 0.422135 0.368056 0.013021 0.063889
1 0.052344 0.35787 0.013021 0.065741
1 0.069792 0.379167 0.020833 0.102778
7 0.375521 0.375 0.01875 0.05
7 0.391146 0.376852 0.015625 0.044444
10 0.079687 0.397685 0.053125 0.052778
1 0.079687 0.370833 0.014583 0.063889
10 0.111458 0.38287 0.038542 0.062037
1 0.313021 0.363889 0.0125 0.053704
10 0.678385 0.327315 0.291146 0.223148
7 0.846094 0.431481 0.036979 0.164815
