1 0.602083 0.378704 0.03125 0.135185
1 0.429688 0.378704 0.03125 0.151852
1 0.196354 0.46713 0.123958 0.462037
1 0.490365 0.378241 0.027604 0.139815
1 0.575781 0.354167 0.018229 0.076852
1 0.657292 0.396296 0.046875 0.255556
1 0.329948 0.370833 0.020313 0.097222
1 0.644792 0.397222 0.035417 0.222222
1 0.514583 0.347685 0.014583 0.060185
1 0.21901 0.403704 0.034896 0.190741
10 0.277083 0.468981 0.114583 0.130556
10 0.080469 0.593981 0.229687 0.243519
1 0.538281 0.345833 0.010937 0.037963
1 0.519792 0.344907 0.010417 0.049074
7 0.46849 0.375 0.023438 0.07037
7 0.48724 0.369907 0.023438 0.067593
10 0.010417 0.393056 0.083333 0.100926
1 0.332031 0.352778 0.015104 0.066667
1 0.30599 0.348148 0.018229 0.075926
10 0.98776 0.452315 0.291146 0.223148
1 0.368229 0.351852 0.0125 0.059259
1 0.358854 0.350463 0.0125 0.060185
8 0.78151 0.330556 0.023438 0.118519
8 0.80599 0.334722 0.023438 0.121296
8 0.821615 0.337963 0.027604 0.111111
