1 0.729688 0.485185 0.040625 0.225926
1 0.760417 0.478241 0.035417 0.162037
1 0.344271 0.488426 0.045833 0.187963
1 0.624219 0.441667 0.024479 0.105556
1 0.235677 0.484722 0.039062 0.163889
1 0.35599 0.482407 0.027604 0.161111
1 0.276562 0.487037 0.028125 0.159259
1 0.598958 0.446296 0.019792 0.098148
1 0.300521 0.48287 0.027083 0.163889
1 0.570052 0.43287 0.017188 0.076852
10 0.467187 0.468056 0.048958 0.056481
3 0.027604 0.517593 0.234375 0.346296
10 0.52526 0.537037 0.067187 0.259259
1 0.183333 0.438426 0.014583 0.063889
1 0.323437 0.465278 0.027083 0.126852
1 0.608854 0.444444 0.016667 0.096296
1 0.424479 0.431019 0.010417 0.062037
1 0.415885 0.434722 0.010937 0.052778
1 0.43099 0.443056 0.010937 0.065741
1 0.404427 0.438889 0.009896 0.053704
1 0.389583 0.435185 0.011458 0.057407
1 0.373958 0.4375 0.010417 0.050926
10 0.766927 0.368056 0.291146 0.223148
10 0.202604 0.489815 0.095833 0.074074
7 0.826302 0.452315 0.021354 0.099074
