1 0.492969 0.603241 0.118229 0.623148
1 0.054427 0.697685 0.135937 0.749074
1 0.280729 0.651389 0.129167 0.715741
1 0.40625 0.514352 0.027083 0.132407
1 0.43724 0.501852 0.027604 0.151852
9 0.819792 0.522685 0.420833 0.084259
1 0.825 0.476852 0.023958 0.125926
1 0.623437 0.5625 0.096875 0.419444
1 0.972917 0.476389 0.01875 0.099074
1 0.958594 0.479167 0.020313 0.087963
1 0.553385 0.526389 0.048438 0.29537
1 0.711458 0.488426 0.021875 0.106481
1 0.722396 0.491667 0.016667 0.1
8 0.989844 0.926852 0.051562 0.205556
8 0.934115 0.94537 0.040104 0.203704
8 0.848177 0.948611 0.029687 0.143519
