1 0.513802 0.477778 0.117188 0.62037
1 0.238021 0.468981 0.075 0.376852
1 0.323958 0.462963 0.069792 0.37963
1 0.407292 0.406944 0.020833 0.125
1 0.43125 0.398611 0.026042 0.134259
9 0.795312 0.4375 0.420833 0.080556
1 0.784375 0.383333 0.023958 0.125926
1 0.597917 0.455093 0.082292 0.397222
1 0.930729 0.386574 0.014583 0.099074
1 0.910156 0.389815 0.016146 0.090741
1 0.45625 0.398148 0.016667 0.103704
9 0.980208 0.726389 0.045833 0.099074
9 0.93099 0.753241 0.051562 0.047222
1 0.521875 0.418519 0.046875 0.287037
1 0.46901 0.398611 0.022396 0.110185
1 0.723958 0.391667 0.020833 0.103704
1 0.734635 0.394907 0.016146 0.091667
8 0.890365 0.770833 0.029687 0.14537
8 0.842448 0.800463 0.036979 0.171296
