1 0.461719 0.355093 0.093229 0.432407
1 0.547396 0.349537 0.086458 0.484259
1 0.086458 0.551389 0.253125 1.289815
1 0.320312 0.533333 0.226042 1.127778
1 0.369792 0.336111 0.085417 0.42037
1 0.40026 0.331944 0.056771 0.300926
1 0.633333 0.348611 0.052083 0.315741
1 0.946094 0.57963 0.217188 1.118519
1 0.735938 0.315278 0.01875 0.110185
1 0.715104 0.314352 0.013542 0.084259
1 0.698177 0.310648 0.011979 0.078704
1 0.849219 0.310648 0.017188 0.09537
1 0.934635 0.315741 0.019271 0.114815
1 0.763802 0.308796 0.013021 0.058333
