1 0.461198 0.356481 0.093229 0.433333
1 0.548438 0.347685 0.085417 0.482407
1 0.058594 0.554167 0.272396 1.35463
1 0.31276 0.54537 0.240104 1.222222
1 0.366146 0.341667 0.085417 0.42963
1 0.4 0.338426 0.05625 0.310185
1 0.635417 0.347222 0.052083 0.318519
1 0.975 0.586111 0.225 1.181481
1 0.7375 0.3125 0.01875 0.110185
1 0.715625 0.310648 0.013542 0.084259
1 0.697917 0.309259 0.0125 0.07963
1 0.850781 0.30787 0.017188 0.09537
1 0.936719 0.310185 0.019271 0.114815
1 0.764844 0.303241 0.013021 0.058333
