1 0.534896 0.568981 0.1125 0.634259
1 0.223958 0.555556 0.085417 0.440741
1 0.338021 0.551852 0.072917 0.442593
1 0.432812 0.476389 0.020833 0.125
1 0.458594 0.47037 0.028646 0.140741
9 0.801042 0.494907 0.420833 0.080556
1 0.822396 0.457407 0.023958 0.125926
1 0.627083 0.524537 0.084375 0.402778
1 0.973437 0.458796 0.014583 0.099074
1 0.958854 0.463889 0.021875 0.088889
1 0.48151 0.465278 0.021354 0.106481
1 0.561979 0.482407 0.046875 0.288889
1 0.744531 0.461574 0.021354 0.10463
1 0.753646 0.4625 0.016667 0.09537
8 0.94974 0.876389 0.045312 0.171296
8 0.898438 0.902315 0.036458 0.186111
