1 0.454948 0.510185 0.107812 0.6
1 0.378125 0.444444 0.035417 0.161111
1 0.4125 0.433796 0.0375 0.178704
9 0.849219 0.480556 0.420312 0.092593
1 0.84375 0.4 0.023958 0.125926
1 0.616406 0.490741 0.096354 0.437037
1 0.247656 0.491204 0.053646 0.337963
1 0.527604 0.456019 0.05 0.308333
1 0.546354 0.44537 0.042708 0.211111
1 0.680729 0.418981 0.022917 0.110185
1 0.693229 0.419444 0.01875 0.103704
8 1.003385 0.9125 0.050521 0.225
8 0.915104 0.909259 0.034375 0.127778
1 0.501042 0.423148 0.025 0.125926
