1 0.422396 0.543056 0.114583 0.623148
1 0.030729 0.643056 0.286458 1.213889
1 0.345313 0.460648 0.03125 0.14537
1 0.384375 0.45 0.0375 0.17963
9 0.839323 0.494444 0.420312 0.088889
1 0.789062 0.419444 0.023958 0.125926
1 0.577604 0.503704 0.096875 0.425926
1 0.928646 0.423148 0.01875 0.098148
1 0.917187 0.425926 0.017708 0.088889
1 0.228906 0.498148 0.051562 0.307407
1 0.494792 0.468519 0.048958 0.303704
1 0.511198 0.456481 0.044271 0.211111
1 0.65026 0.434722 0.023438 0.110185
1 0.659375 0.433796 0.017708 0.102778
8 0.992188 0.883333 0.051042 0.216667
8 0.929948 0.906944 0.050521 0.225
8 0.844271 0.90787 0.029167 0.136111
