1 0.442708 0.548611 0.115625 0.619444
1 0.125521 0.668056 0.197917 1.075
1 0.359375 0.468981 0.03125 0.14537
1 0.395573 0.452778 0.038021 0.164815
9 0.833333 0.503241 0.420833 0.087963
1 0.79375 0.432407 0.023958 0.125926
1 0.58099 0.515741 0.090104 0.427778
1 0.935417 0.4375 0.01875 0.099074
1 0.921094 0.437037 0.018229 0.088889
1 0.24974 0.504167 0.048438 0.293519
1 0.504167 0.471296 0.05 0.3
1 0.515365 0.468981 0.045312 0.212037
1 0.660677 0.444907 0.022396 0.108333
1 0.673958 0.447222 0.017708 0.101852
8 0.982292 0.894444 0.051042 0.216667
8 0.921875 0.919907 0.045833 0.225
8 0.838802 0.919907 0.029687 0.143519
