1 0.427083 0.535648 0.113542 0.619444
1 -0.007552 0.635185 0.319271 1.22963
1 0.347656 0.459722 0.030729 0.15463
1 0.390885 0.444444 0.036979 0.181481
9 0.841667 0.491204 0.420833 0.089815
1 0.799479 0.415741 0.023958 0.125926
1 0.588802 0.505093 0.099479 0.430556
1 0.939323 0.418981 0.019271 0.099074
1 0.228906 0.495833 0.051562 0.312037
1 0.503646 0.466204 0.048958 0.30463
1 0.513021 0.45463 0.04375 0.211111
1 0.653385 0.431481 0.023438 0.109259
1 0.665885 0.425 0.018229 0.103704
8 0.942969 0.90787 0.050521 0.225
8 0.852083 0.908796 0.029167 0.128704
