1 0.489323 0.627315 0.115104 0.621296
1 0.11849 0.683796 0.125521 0.602778
1 0.286719 0.658333 0.099479 0.581481
1 0.397656 0.546759 0.027604 0.128704
1 0.43099 0.531481 0.027604 0.151852
9 0.810937 0.535648 0.420833 0.082407
1 0.802604 0.508333 0.023958 0.125926
1 0.60026 0.59213 0.090104 0.413889
1 0.951042 0.503241 0.015625 0.099074
1 0.934896 0.50463 0.020833 0.088889
1 0.544531 0.548611 0.048438 0.293519
1 0.70599 0.518056 0.021354 0.106481
1 0.715625 0.521759 0.016667 0.099074
8 0.966406 0.941667 0.061979 0.194444
8 0.90651 0.949537 0.035937 0.19537
