1 0.516927 0.629167 0.105729 0.628704
1 0.16224 0.642593 0.114062 0.514815
1 0.302344 0.616204 0.084896 0.500926
1 0.409115 0.528241 0.027604 0.128704
1 0.436719 0.519907 0.028646 0.14537
9 0.804688 0.535648 0.420833 0.080556
1 0.80625 0.503704 0.023958 0.125926
1 0.604427 0.583796 0.083854 0.410185
1 0.953646 0.501389 0.014583 0.099074
1 0.939323 0.50463 0.021354 0.088889
1 0.459635 0.514352 0.021354 0.106481
1 0.547917 0.535648 0.047917 0.291667
1 0.719531 0.509722 0.021354 0.10463
1 0.728385 0.508796 0.016146 0.097222
8 0.951302 0.933796 0.059896 0.200926
8 0.896354 0.960648 0.035417 0.206481
