1 0.49401 0.460185 0.110937 0.614815
1 0.195052 0.438889 0.075521 0.351852
1 0.284896 0.426852 0.065625 0.351852
1 0.361458 0.3875 0.023958 0.123148
1 0.386458 0.377315 0.026042 0.126852
8 0.913802 0.611111 0.041146 0.227778
8 0.979948 0.594907 0.089063 0.215741
9 0.792188 0.405093 0.420833 0.080556
1 0.724479 0.372222 0.023958 0.125926
1 0.551823 0.421296 0.059896 0.390741
1 0.94974 0.377778 0.019271 0.096296
1 0.869271 0.380093 0.014583 0.099074
1 0.855729 0.381019 0.014583 0.091667
9 0.985677 0.651389 0.032813 0.132407
9 0.951042 0.672685 0.045833 0.099074
9 0.902344 0.693056 0.051562 0.047222
1 0.489844 0.393981 0.046354 0.286111
1 0.419531 0.378704 0.024479 0.109259
1 0.690625 0.379167 0.020833 0.102778
1 0.69375 0.381019 0.016667 0.089815
1 0.452083 0.380556 0.026042 0.111111
