1 0.5125 0.428241 0.11875 0.586111
1 0.072917 0.522685 0.2125 1.05463
1 0.23724 0.401389 0.060937 0.302778
1 0.308073 0.398611 0.053646 0.297222
1 0.373177 0.370833 0.021354 0.117593
1 0.396615 0.358796 0.026562 0.121296
8 0.886458 0.594907 0.033333 0.212037
8 0.938802 0.59537 0.069271 0.207407
9 0.794792 0.387037 0.421875 0.081481
1 0.726562 0.356481 0.023958 0.125926
1 0.563021 0.411574 0.060417 0.371296
1 0.975521 0.356019 0.020833 0.10463
1 0.943229 0.360185 0.019792 0.098148
1 0.869271 0.363426 0.014583 0.099074
1 0.857552 0.361111 0.014063 0.090741
9 0.984115 0.59213 0.032813 0.132407
9 0.945833 0.608796 0.045833 0.099074
9 0.895573 0.631019 0.051562 0.047222
1 0.476042 0.375463 0.045833 0.282407
1 0.423177 0.360648 0.021354 0.110185
1 0.696094 0.355093 0.019271 0.100926
1 0.709115 0.360648 0.016146 0.086111
1 0.452865 0.359722 0.025521 0.110185
