1 0.447656 0.366667 0.090104 0.440741
1 0.536198 0.35787 0.084896 0.484259
1 0.027604 0.509259 0.433333 1.481481
1 0.315365 0.383333 0.119271 0.514815
1 0.369792 0.365278 0.069792 0.367593
1 0.64401 0.356944 0.057812 0.343519
1 0.736979 0.315278 0.01875 0.110185
1 0.59974 0.318981 0.022396 0.115741
1 0.709115 0.314352 0.014063 0.086111
1 0.694792 0.310185 0.0125 0.07963
1 0.848698 0.30787 0.017188 0.09537
1 0.961979 0.305093 0.021875 0.113889
1 0.945312 0.308796 0.017708 0.086111
1 0.964323 0.307407 0.019271 0.092593
1 0.76224 0.306944 0.013021 0.058333
