1 0.496615 0.631944 0.111979 0.623148
1 0.133073 0.667593 0.127604 0.555556
1 0.290104 0.649537 0.09375 0.55463
1 0.400781 0.543981 0.027604 0.128704
1 0.43099 0.534259 0.027604 0.151852
9 0.808333 0.538889 0.420833 0.081481
1 0.802604 0.50463 0.023958 0.125926
1 0.6 0.588889 0.085417 0.411111
1 0.948437 0.506944 0.014583 0.099074
1 0.936198 0.50463 0.021354 0.088889
1 0.542969 0.55 0.048438 0.292593
1 0.709115 0.516667 0.021354 0.105556
1 0.719792 0.51713 0.016667 0.099074
8 0.957031 0.940278 0.057812 0.193519
8 0.902865 0.949537 0.035937 0.19537
