1 0.452865 0.366204 0.090104 0.439815
1 0.540365 0.361111 0.082812 0.485185
1 0.060677 0.516204 0.422396 1.465741
1 0.324479 0.381019 0.110417 0.499074
1 0.378125 0.366667 0.067708 0.362963
1 0.645573 0.355556 0.056771 0.340741
1 0.739583 0.314352 0.01875 0.110185
1 0.600781 0.318981 0.022396 0.115741
1 0.713542 0.3125 0.013542 0.084259
1 0.698958 0.309259 0.0125 0.07963
1 0.851823 0.305093 0.017188 0.09537
1 0.961719 0.302778 0.020313 0.114815
1 0.946875 0.308796 0.017708 0.086111
1 0.970052 0.303704 0.019271 0.092593
1 0.764844 0.305093 0.013021 0.058333
