1 0.536198 0.548611 0.115104 0.634259
1 0.234375 0.535648 0.079167 0.425
1 0.341146 0.530093 0.071875 0.425
1 0.432812 0.461574 0.020833 0.125
1 0.457813 0.453241 0.029167 0.136111
9 0.799479 0.48287 0.420833 0.080556
1 0.820833 0.438889 0.023958 0.125926
1 0.627083 0.500463 0.084375 0.402778
1 0.972917 0.445833 0.014583 0.099074
1 0.954948 0.446296 0.021354 0.088889
1 0.482292 0.449537 0.021875 0.102778
1 0.553385 0.468519 0.047396 0.288889
1 0.745313 0.444907 0.020833 0.10463
1 0.754167 0.446759 0.016667 0.09537
8 0.941406 0.855093 0.045312 0.171296
8 0.890104 0.880093 0.036458 0.186111
