1 0.528646 0.518981 0.116667 0.628704
1 0.244531 0.511574 0.075521 0.410185
1 0.340365 0.497222 0.072396 0.405556
1 0.429167 0.441204 0.020833 0.125
1 0.454948 0.431944 0.026562 0.136111
9 0.798438 0.466204 0.420833 0.080556
1 0.813542 0.414815 0.023958 0.125926
1 0.618229 0.480556 0.0875 0.398148
1 0.960417 0.422685 0.014583 0.099074
1 0.942969 0.421759 0.019271 0.089815
1 0.476823 0.430556 0.020313 0.101852
1 0.541927 0.450463 0.047396 0.287963
1 0.741927 0.422222 0.020313 0.103704
1 0.749219 0.425463 0.016146 0.093519
8 0.929948 0.822685 0.041146 0.167593
8 0.874479 0.846296 0.036458 0.17963
