1 0.49974 0.433796 0.102604 0.593519
1 -0.020313 0.52037 0.186458 1.12037
1 0.203385 0.416204 0.070312 0.332407
1 0.284375 0.407407 0.058333 0.32963
1 0.361198 0.372685 0.021354 0.117593
1 0.382552 0.358796 0.026562 0.121296
8 0.897917 0.595833 0.033333 0.212037
8 0.955469 0.59537 0.089063 0.207407
9 0.790365 0.397685 0.421354 0.080556
1 0.723437 0.365741 0.023958 0.125926
1 0.550781 0.415741 0.059896 0.390741
1 0.96875 0.374537 0.020833 0.10463
1 0.940104 0.374074 0.019792 0.098148
1 0.866146 0.374537 0.014583 0.099074
1 0.84974 0.378241 0.014063 0.091667
9 0.984635 0.631019 0.032813 0.132407
9 0.945833 0.647685 0.045833 0.099074
9 0.899219 0.668981 0.051562 0.047222
1 0.472656 0.385648 0.046354 0.284259
1 0.415365 0.363426 0.023438 0.110185
1 0.680208 0.369444 0.019792 0.101852
1 0.694531 0.374537 0.016146 0.089815
1 0.44375 0.366667 0.026042 0.111111
