1 0.489583 0.625926 0.116667 0.622222
1 0.109115 0.695833 0.124479 0.634259
1 0.28724 0.655556 0.104688 0.598148
1 0.39974 0.541204 0.027604 0.130556
1 0.43099 0.528704 0.027604 0.151852
9 0.81224 0.533796 0.420312 0.082407
1 0.80625 0.501852 0.023958 0.125926
1 0.603646 0.592593 0.09375 0.414815
1 0.952865 0.500926 0.016146 0.098148
1 0.939583 0.499537 0.020833 0.087963
1 0.545573 0.547685 0.048438 0.293519
1 0.70599 0.514352 0.021354 0.106481
1 0.717187 0.516204 0.016667 0.099074
8 0.970052 0.939352 0.058854 0.197222
8 0.910677 0.949537 0.035937 0.19537
