1 0.491667 0.584722 0.108333 0.615741
1 0.242969 0.665278 0.144271 0.830556
1 0.397917 0.499074 0.030208 0.140741
1 0.434115 0.490741 0.031771 0.157407
9 0.825 0.515278 0.420833 0.086111
1 0.824479 0.465741 0.023958 0.125926
1 0.616406 0.552778 0.086979 0.418519
1 0.971354 0.471296 0.01875 0.098148
1 0.957552 0.472685 0.019271 0.087963
1 0.542448 0.508333 0.048438 0.298148
1 0.701042 0.478241 0.021875 0.108333
1 0.71276 0.47963 0.017188 0.101852
8 0.993229 0.92037 0.051042 0.211111
8 0.934115 0.94213 0.044271 0.219444
8 0.85651 0.9375 0.029687 0.143519
