1 0.448437 0.515278 0.109375 0.60463
1 0.372917 0.451852 0.035417 0.161111
1 0.403646 0.436111 0.036458 0.181481
9 0.846094 0.484722 0.420312 0.091667
1 0.832292 0.403704 0.023958 0.125926
1 0.607812 0.500926 0.097917 0.433333
1 0.973437 0.411111 0.01875 0.098148
1 0.249479 0.497222 0.051042 0.327778
1 0.51901 0.460185 0.049479 0.307407
1 0.536719 0.447222 0.043229 0.211111
1 0.671354 0.423148 0.022917 0.109259
1 0.683594 0.421296 0.018229 0.103704
8 0.986719 0.9125 0.050521 0.225
8 0.89375 0.906481 0.034375 0.127778
