1 0.523698 0.6125 0.104688 0.630556
1 0.182292 0.613889 0.108333 0.494444
1 0.313802 0.593981 0.080729 0.487963
1 0.416927 0.514352 0.027604 0.128704
1 0.442969 0.506481 0.028646 0.140741
9 0.803646 0.523611 0.420833 0.080556
1 0.8125 0.492593 0.023958 0.125926
1 0.61276 0.570833 0.083854 0.410185
1 0.959896 0.494907 0.014583 0.099074
1 0.94401 0.496296 0.021354 0.088889
1 0.466667 0.500463 0.020833 0.102778
1 0.554427 0.518981 0.047396 0.291667
1 0.727344 0.497222 0.021354 0.105556
1 0.735156 0.497685 0.016146 0.097222
8 0.948437 0.925463 0.054167 0.19537
8 0.894531 0.946296 0.035937 0.198148
