1 0.388802 0.377778 0.091146 0.442593
1 0.477344 0.375463 0.088021 0.484259
1 0.190365 0.405556 0.168229 0.707407
1 0.270573 0.396296 0.080729 0.474074
1 0.600521 0.3875 0.067708 0.371296
1 0.689583 0.34213 0.01875 0.110185
1 0.329688 0.334259 0.034375 0.187037
1 0.304948 0.376389 0.041146 0.293519
1 0.552344 0.340741 0.025521 0.114815
1 0.66276 0.341667 0.015104 0.096296
1 0.642969 0.341204 0.015104 0.086111
1 0.796094 0.338426 0.017188 0.09537
1 0.92474 0.348148 0.026562 0.112963
1 0.885937 0.348611 0.017708 0.086111
1 0.896875 0.346759 0.014583 0.082407
1 0.709896 0.335185 0.011458 0.055556
8 0.932292 0.668519 0.021875 0.111111
1 0.958073 0.343981 0.018229 0.106481
8 0.955469 0.650926 0.020313 0.087037
