1 0.453906 0.568056 0.104688 0.541667
1 0.019531 0.657407 0.146354 0.685185
1 0.138542 0.604167 0.189583 0.813889
1 0.42526 0.509722 0.040104 0.191667
9 0.836458 0.548611 0.419792 0.139815
1 0.961719 0.494907 0.034896 0.199074
1 0.63125 0.589352 0.114583 0.55463
1 0.285938 0.555093 0.066667 0.356481
1 0.502604 0.525 0.054167 0.361111
1 0.514844 0.526852 0.051562 0.301852
1 0.385677 0.496759 0.021354 0.123148
1 0.825781 0.941204 0.014063 0.063889
1 0.922135 0.976389 0.019271 0.09537
1 0.356771 0.539352 0.066667 0.341667
