1 0.441667 0.516204 0.109375 0.602778
1 0.372917 0.444444 0.035417 0.174074
1 0.410156 0.436111 0.036979 0.194444
9 0.858073 0.46713 0.420312 0.09537
1 0.859115 0.399537 0.026562 0.125
1 0.619792 0.499074 0.095833 0.440741
1 0.221615 0.49537 0.066146 0.377778
1 0.527083 0.451852 0.05 0.311111
1 0.548698 0.440741 0.041146 0.211111
1 0.678646 0.42037 0.023958 0.111111
1 0.690365 0.420833 0.019271 0.10463
8 0.936979 0.92963 0.034375 0.127778
1 0.502344 0.419444 0.029687 0.127778
1 0.486719 0.425463 0.027604 0.139815
