1 0.533333 0.575 0.111458 0.633333
1 0.21849 0.5625 0.090104 0.449074
1 0.334896 0.556944 0.073958 0.450926
1 0.43125 0.481019 0.020833 0.125
1 0.457031 0.474074 0.028646 0.140741
9 0.801042 0.498611 0.420833 0.080556
1 0.821354 0.462963 0.023958 0.125926
1 0.627604 0.53287 0.084375 0.402778
1 0.971875 0.464352 0.014583 0.099074
1 0.956771 0.468519 0.021875 0.088889
1 0.479948 0.469444 0.021354 0.105556
1 0.564844 0.487037 0.047396 0.288889
1 0.741927 0.466667 0.021354 0.105556
1 0.751042 0.467593 0.016667 0.096296
8 0.949219 0.883796 0.046354 0.175
8 0.897396 0.908796 0.036458 0.187963
