1 0.46849 0.56713 0.111979 0.617593
1 0.191406 0.655556 0.158854 0.92037
1 0.381771 0.4875 0.03125 0.14537
1 0.415365 0.477778 0.035937 0.162963
9 0.828906 0.509722 0.420312 0.086111
1 0.810937 0.452778 0.023958 0.125926
1 0.601042 0.542593 0.086458 0.431481
1 0.954167 0.457407 0.01875 0.098148
1 0.942708 0.457407 0.01875 0.088889
1 0.274479 0.519444 0.044792 0.283333
1 0.531771 0.49537 0.048958 0.3
1 0.685677 0.462037 0.022396 0.107407
1 0.696354 0.465741 0.017708 0.101852
8 0.990104 0.917593 0.051042 0.216667
8 0.932552 0.938889 0.044271 0.225926
8 0.849219 0.93287 0.029687 0.143519
