1 0.027865 0.668056 0.054688 0.178704
1 0.938281 0.619907 0.040104 0.162037
1 0.174479 0.544907 0.021875 0.097222
1 0.647396 0.522222 0.016667 0.083333
3 0.800781 0.656481 0.158854 0.161111
3 0.557813 0.496296 0.060417 0.05
3 0.70625 0.697685 0.186458 0.20463
3 0.528646 0.539352 0.0875 0.106481
3 0.389583 0.486574 0.044792 0.050926
4 0.110156 0.800926 0.059896 0.168519
10 0.916146 0.611574 0.0125 0.187963
3 0.252344 0.494907 0.042188 0.073148
3 0.27526 0.460648 0.027604 0.037963
3 0.488542 0.514352 0.057292 0.063889
3 0.270313 0.451389 0.021875 0.026852
