1 0.250781 0.809259 0.070312 0.22963
1 0.297917 0.831019 0.058333 0.282407
1 0.545833 0.844444 0.066667 0.290741
1 0.469271 0.59537 0.028125 0.107407
1 0.493229 0.546296 0.017708 0.085185
1 0.858333 0.543056 0.015625 0.067593
3 0.990885 0.640278 0.115104 0.115741
3 0.792448 0.523148 0.063021 0.042593
3 0.815625 0.595833 0.11875 0.097222
3 0.682292 0.525463 0.053125 0.073148
3 0.736458 0.5375 0.052083 0.056481
3 0.596615 0.491667 0.026562 0.038889
4 0.538542 0.668519 0.045833 0.1
10 0.48776 0.569444 0.007812 0.15
3 0.566667 0.539815 0.051042 0.081481
