1 0.076563 0.648611 0.053125 0.162037
1 0.936458 0.617593 0.03125 0.155556
1 0.196615 0.541667 0.021354 0.094444
1 0.648698 0.523148 0.016146 0.081481
3 0.792969 0.647222 0.147396 0.151852
3 0.564063 0.497222 0.060417 0.048148
3 0.672135 0.660648 0.150521 0.171296
3 0.523438 0.535185 0.083333 0.101852
3 0.392448 0.484259 0.040104 0.048148
4 0.152865 0.764352 0.054688 0.152778
10 0.186198 0.634722 0.013021 0.310185
10 0.952604 0.624537 0.014583 0.19537
3 0.271094 0.497685 0.044271 0.075
3 0.288021 0.460648 0.027083 0.037963
3 0.495312 0.5125 0.052083 0.056481
3 0.282031 0.452778 0.021354 0.027778
