1 0.960677 0.623611 0.031771 0.163889
1 0.158073 0.548611 0.025521 0.100926
1 0.146875 0.485185 0.0125 0.053704
1 0.660677 0.523611 0.015104 0.086111
1 0.425521 0.467593 0.011458 0.048148
3 0.836979 0.67037 0.184375 0.175926
3 0.557552 0.494444 0.064062 0.05
3 0.839583 0.79537 0.298958 0.301852
3 0.55625 0.55 0.1 0.114815
3 0.401042 0.493519 0.052083 0.055556
4 0.02526 0.878241 0.067187 0.191667
11 0.155469 0.451389 0.034896 0.026852
10 0.964583 0.628241 0.011458 0.199074
3 0.239323 0.489815 0.041146 0.068519
3 0.26901 0.460185 0.027604 0.038889
3 0.488542 0.51713 0.061458 0.069444
3 0.265625 0.451852 0.020833 0.027778
