1 1.003646 0.673148 0.03125 0.192593
1 0.1375 0.551389 0.025 0.108333
1 0.132552 0.483333 0.014063 0.057407
1 0.684896 0.54537 0.016667 0.1
1 0.179427 0.461111 0.009896 0.040741
1 0.42474 0.468056 0.010937 0.039815
3 0.898958 0.737037 0.219792 0.22037
3 0.563802 0.502315 0.071354 0.049074
3 1.090625 1.001389 0.31875 0.341667
3 0.601042 0.585648 0.119792 0.14537
3 0.420052 0.507407 0.059896 0.062963
11 0.132031 0.449537 0.036979 0.026852
10 0.136198 0.523148 0.006771 0.12037
3 0.230469 0.481944 0.040104 0.067593
3 0.265885 0.461111 0.027604 0.038889
3 0.492448 0.52963 0.065104 0.074074
