11 0.861198 0.524074 0.038021 0.055556
1 0.925 0.688426 0.046875 0.208333
10 0.861719 0.599537 0.007812 0.321296
1 0.928646 0.573611 0.023958 0.099074
1 0.874219 0.558796 0.018229 0.102778
1 0.034375 0.606019 0.028125 0.137963
1 0.065625 0.611574 0.035417 0.136111
1 0.144792 0.599074 0.023958 0.114815
1 0.120313 0.602315 0.019792 0.108333
1 0.198958 0.568519 0.019792 0.1
1 0.176563 0.593056 0.022917 0.125
3 0.447135 0.612037 0.073438 0.103704
3 0.594792 0.734722 0.129167 0.260185
1 0.773698 0.52037 0.013021 0.05
1 0.696875 0.527778 0.013542 0.064815
1 0.758854 0.516204 0.010417 0.052778
1 0.451823 0.483333 0.006771 0.031481
1 0.14349 0.548611 0.014063 0.086111
1 0.313802 0.503241 0.008854 0.043519
1 0.133594 0.584722 0.020313 0.123148
1 0.583854 0.488426 0.009375 0.037963
3 0.46224 0.473148 0.015104 0.022222
1 0.332031 0.512037 0.009896 0.059259
1 0.342708 0.516667 0.010417 0.057407
1 0.301823 0.509259 0.009896 0.057407
1 0.323437 0.503704 0.010417 0.055556
1 0.753906 0.5125 0.011979 0.056481
1 0.611198 0.501852 0.009896 0.044444
1 0.618229 0.50463 0.010417 0.044444
1 0.653125 0.50787 0.011458 0.049074
1 0.692969 0.50787 0.011979 0.049074
1 0.686458 0.513426 0.0125 0.050926
3 0.582552 0.610648 0.094271 0.10463
3 0.466927 0.516667 0.033854 0.048148
3 0.514583 0.473148 0.015625 0.018519
3 0.423437 0.472685 0.022917 0.047222
3 0.533333 0.481019 0.01875 0.023148
10 0.647656 0.555556 0.007812 0.142593
11 0.651302 0.449537 0.020313 0.076852
10 0.71276 0.524074 0.006771 0.174074
10 0.292969 0.538426 0.007812 0.043519
10 0.194792 0.565741 0.00625 0.112963
10 0.7 0.539815 0.008333 0.042593
1 0.102344 0.596296 0.016146 0.096296
1 0.796615 0.512963 0.010937 0.057407
1 0.777344 0.514815 0.011979 0.053704
1 0.702083 0.502778 0.011458 0.048148
10 0.804688 0.530556 0.005208 0.062963
10 0.32526 0.507407 0.005729 0.07037
