3 0.383333 0.497685 0.025 0.030556
1 0.566667 0.511574 0.0125 0.058333
1 0.59349 0.510185 0.009896 0.053704
1 0.708594 0.569444 0.023438 0.12037
1 0.684635 0.568519 0.023438 0.109259
1 0.661979 0.571759 0.013542 0.110185
1 0.672135 0.573611 0.023438 0.112037
1 0.58151 0.516204 0.015104 0.067593
10 0.796615 0.607407 0.041146 0.087037
3 0.501823 0.581019 0.071354 0.087963
3 0.259635 0.510648 0.044271 0.080556
3 0.683854 0.677778 0.178125 0.159259
10 0.523438 0.725 0.013542 0.351852
11 0.522656 0.460185 0.053646 0.192593
10 0.870573 0.719444 0.019271 0.568519
1 0.611719 0.922222 0.067187 0.325926
1 0.585417 0.87037 0.065625 0.316667
1 0.469271 0.750926 0.042708 0.262963
1 0.697135 0.570833 0.018229 0.100926
1 0.984896 0.636111 0.032292 0.177778
1 0.483073 0.769907 0.064062 0.275
1 0.595313 0.575 0.023958 0.109259
1 0.63099 0.574537 0.026562 0.112037
1 0.859115 0.659259 0.036979 0.166667
1 0.604688 0.830556 0.03125 0.3
1 0.88776 0.643981 0.032813 0.15463
1 0.852604 0.625926 0.032292 0.155556
1 0.597656 0.561574 0.025521 0.099074
