3 0.408854 0.499537 0.025 0.030556
1 0.592448 0.512037 0.011979 0.059259
1 0.61849 0.511111 0.009896 0.053704
1 0.734115 0.57037 0.023438 0.118519
1 0.710156 0.567593 0.024479 0.101852
1 0.689583 0.575 0.0125 0.109259
1 0.7 0.574074 0.022917 0.109259
1 0.608594 0.518056 0.015104 0.067593
10 0.822917 0.60787 0.040625 0.086111
3 0.527344 0.581019 0.068229 0.084259
3 0.289062 0.510648 0.04375 0.078704
3 0.713802 0.675 0.175521 0.155556
10 0.5625 0.71713 0.013542 0.337963
11 0.565885 0.463889 0.048438 0.188889
10 0.897917 0.721759 0.022917 0.569444
1 0.654948 0.903704 0.065104 0.314815
1 0.634896 0.850463 0.054167 0.297222
1 0.511198 0.746759 0.042188 0.247222
1 0.724479 0.570833 0.017708 0.093519
1 1.007292 0.624537 0.023958 0.126852
1 0.532813 0.758333 0.058333 0.268519
1 0.625521 0.577315 0.023958 0.108333
1 0.659635 0.575463 0.026562 0.108333
1 0.88099 0.659259 0.035937 0.17037
1 0.660417 0.814815 0.048958 0.277778
1 0.907031 0.640278 0.038021 0.152778
1 0.871615 0.625 0.031771 0.153704
1 0.62474 0.563889 0.025521 0.098148
