1 0.588021 0.723611 0.044792 0.184259
1 0.635417 0.73287 0.04375 0.210185
1 0.833594 0.8 0.060937 0.257407
1 0.679167 0.576389 0.026042 0.099074
1 0.694531 0.543056 0.014063 0.078704
3 0.995833 0.518981 0.066667 0.047222
3 0.983594 0.575 0.106771 0.087037
3 0.855469 0.510185 0.045312 0.066667
3 0.934896 0.52963 0.052083 0.053704
3 0.77526 0.484259 0.025521 0.038889
3 0.707292 0.472222 0.021875 0.025926
4 0.754427 0.647222 0.039062 0.094444
10 0.703125 0.566204 0.00625 0.130556
3 0.786719 0.546759 0.060937 0.089815
3 0.741406 0.486111 0.030729 0.046296
