1 0.104948 0.670833 0.021354 0.141667
3 0.496094 0.515278 0.030729 0.043519
1 0.661458 0.500463 0.009375 0.050926
1 0.088021 0.671296 0.019792 0.131481
1 0.089844 0.687963 0.017188 0.131481
1 0.078646 0.695833 0.01875 0.130556
1 0.715365 0.493056 0.013021 0.050926
1 0.799219 0.531481 0.017188 0.090741
1 0.776563 0.524537 0.017708 0.076852
1 0.702604 0.494444 0.0125 0.051852
10 0.865625 0.55787 0.028125 0.063889
3 0.457031 0.481944 0.018229 0.019444
3 0.59974 0.515278 0.035937 0.050926
3 0.42474 0.503241 0.038021 0.065741
3 0.770312 0.590741 0.11875 0.103704
10 0.660417 0.58287 0.009375 0.176852
11 0.658854 0.443981 0.032292 0.106481
10 0.844531 0.600926 0.014063 0.261111
1 0.769271 0.655556 0.035417 0.164815
1 0.842969 0.636574 0.043229 0.156481
1 0.72526 0.617593 0.023438 0.164815
1 0.791146 0.527778 0.015625 0.081481
1 0.9875 0.556944 0.022917 0.121296
1 0.752865 0.62037 0.035937 0.17037
1 0.745052 0.532407 0.016146 0.068519
1 0.765625 0.530556 0.020833 0.07037
1 0.822135 0.556481 0.018229 0.087037
1 0.833073 0.622222 0.023438 0.148148
1 0.848958 0.553704 0.017708 0.083333
1 0.715625 0.528241 0.023958 0.076852
1 0.732552 0.533796 0.013021 0.065741
