1 0.139063 0.568519 0.028125 0.111111
1 0.134635 0.501852 0.014063 0.062963
1 0.715885 0.545833 0.021354 0.10463
1 0.188281 0.473148 0.009896 0.040741
1 0.4375 0.465741 0.011458 0.037037
3 0.953125 0.762037 0.219792 0.253704
3 0.581771 0.501852 0.073958 0.053704
3 0.646875 0.600926 0.139583 0.164815
3 0.442448 0.513426 0.063021 0.063889
11 0.127344 0.465741 0.039062 0.033333
10 0.13125 0.54213 0.00625 0.128704
3 0.236719 0.488426 0.039062 0.067593
3 0.276302 0.469907 0.027604 0.037963
3 0.508073 0.53287 0.068229 0.073148
