11 0.846615 0.494444 0.029687 0.042593
1 0.848958 0.581019 0.028125 0.137963
10 0.845313 0.550463 0.005208 0.223148
1 0.920312 0.549537 0.019792 0.089815
1 0.888802 0.535185 0.020313 0.088889
1 0.197135 0.569444 0.022396 0.109259
1 0.223437 0.57037 0.023958 0.109259
1 0.301302 0.545833 0.016146 0.086111
1 0.286458 0.548611 0.016667 0.082407
1 0.33125 0.54213 0.016667 0.082407
1 0.317969 0.543056 0.016146 0.091667
3 0.53125 0.581019 0.063542 0.086111
3 0.645052 0.631019 0.093229 0.176852
1 0.833854 0.499537 0.011458 0.04537
1 0.732031 0.5 0.011979 0.055556
1 0.827083 0.500926 0.010417 0.05
1 0.544271 0.472222 0.008333 0.02963
1 0.280208 0.523148 0.011458 0.077778
1 0.290625 0.533333 0.015625 0.090741
1 0.645833 0.475463 0.008333 0.037963
3 0.533333 0.466667 0.014583 0.022222
1 0.873698 0.498611 0.016146 0.052778
1 0.41224 0.493056 0.008854 0.047222
1 0.430208 0.497685 0.009375 0.049074
1 0.394531 0.490741 0.010937 0.048148
1 0.666667 0.481944 0.011458 0.043519
1 0.677604 0.483333 0.009375 0.046296
1 0.727083 0.49213 0.011458 0.047222
3 0.644792 0.574537 0.076042 0.09537
3 0.595052 0.515278 0.079687 0.056481
3 0.570833 0.460185 0.015625 0.018519
3 0.492969 0.463889 0.022396 0.046296
10 0.749219 0.499074 0.006771 0.174074
10 0.393229 0.513889 0.008333 0.035185
10 0.328385 0.52963 0.006771 0.094444
1 0.273698 0.540278 0.015104 0.069444
1 0.779948 0.489815 0.009896 0.048148
10 0.415104 0.493981 0.005208 0.062037
