1 0.14349 0.647222 0.019271 0.124074
3 0.469531 0.536574 0.034896 0.050926
3 0.924479 0.710185 0.25625 0.257407
1 0.632292 0.516204 0.0125 0.052778
1 0.128385 0.65 0.020313 0.116667
1 0.132812 0.660648 0.017708 0.115741
1 0.122917 0.666667 0.015625 0.112963
1 0.035156 0.662037 0.025521 0.114815
1 0.685937 0.506019 0.010417 0.049074
1 0.672917 0.509259 0.011458 0.053704
10 0.8125 0.554167 0.026042 0.05463
3 0.463281 0.496296 0.018229 0.02037
3 0.573438 0.518056 0.03125 0.041667
3 0.413802 0.508796 0.033854 0.062037
3 0.714583 0.5875 0.103125 0.091667
10 0.767708 0.568519 0.011458 0.248148
1 0.744271 0.626389 0.028125 0.125
1 0.80625 0.606481 0.029167 0.12963
1 0.723698 0.606019 0.041146 0.134259
1 0.747917 0.539815 0.015625 0.075926
1 0.910156 0.550926 0.019271 0.094444
1 0.754427 0.602778 0.033854 0.142593
1 0.026823 0.6625 0.027604 0.125
1 0.722656 0.543519 0.017188 0.07963
1 0.740885 0.537037 0.014063 0.068519
1 0.760938 0.560185 0.016667 0.085185
1 0.792708 0.597685 0.017708 0.125
1 0.784115 0.562963 0.013021 0.098148
1 0.685677 0.5375 0.021354 0.065741
1 0.710677 0.536574 0.014063 0.058333
1 0.702083 0.538889 0.0125 0.059259
