3 0.220052 0.489815 0.021354 0.033333
1 0.403646 0.511111 0.013542 0.059259
1 0.535677 0.574537 0.024479 0.121296
1 0.483594 0.57963 0.018229 0.111111
1 0.498437 0.590741 0.022917 0.138889
10 0.614583 0.616667 0.041667 0.092593
3 0.328125 0.606019 0.082292 0.110185
3 0.074219 0.507407 0.051562 0.085185
3 0.485677 0.703241 0.189062 0.178704
10 0.245052 0.760648 0.013021 0.371296
11 0.240885 0.463889 0.067187 0.242593
10 0.646615 0.719907 0.020313 0.569444
1 0.291927 1.057407 0.072396 0.374074
1 0.234896 1.002315 0.089583 0.386111
1 0.377865 0.498611 0.015104 0.060185
1 0.14349 0.819907 0.076563 0.299074
1 0.517448 0.581944 0.021354 0.119444
1 0.797135 0.647685 0.039062 0.187963
1 0.138542 0.839352 0.054167 0.326852
1 0.410677 0.577778 0.022396 0.109259
1 0.444271 0.576852 0.03125 0.114815
1 0.708333 0.700926 0.046875 0.192593
1 0.272917 0.937963 0.042708 0.372222
1 0.742969 0.663426 0.052604 0.171296
1 0.7 0.647685 0.033333 0.163889
1 0.423958 0.564352 0.025 0.108333
