11 0.822656 0.490741 0.024479 0.037037
1 0.817708 0.582407 0.027083 0.127778
10 0.822656 0.550926 0.005729 0.209259
1 0.891146 0.550926 0.021875 0.087037
1 0.863021 0.535648 0.017708 0.084259
1 0.21849 0.571759 0.020313 0.10463
1 0.241406 0.574074 0.022396 0.107407
1 0.317188 0.549537 0.016667 0.080556
1 0.301823 0.552315 0.015104 0.078704
1 0.341146 0.536111 0.015625 0.081481
1 0.32474 0.539352 0.014063 0.078704
3 0.531771 0.576852 0.058333 0.081481
3 0.635938 0.617593 0.085417 0.159259
1 0.831771 0.506481 0.011458 0.042593
1 0.721615 0.504167 0.009896 0.05463
1 0.824219 0.506019 0.011979 0.049074
1 0.552344 0.478241 0.006771 0.026852
1 0.29375 0.531944 0.009375 0.080556
1 0.305208 0.531944 0.013542 0.078704
1 0.64375 0.481481 0.008333 0.037037
3 0.533333 0.475 0.015625 0.022222
1 0.876302 0.500463 0.015104 0.050926
1 0.415885 0.500463 0.008854 0.047222
1 0.434635 0.50463 0.009896 0.05
1 0.399219 0.497685 0.010937 0.04537
1 0.728646 0.495833 0.010417 0.041667
3 0.638281 0.575 0.071354 0.094444
3 0.639583 0.525926 0.090625 0.053704
3 0.566406 0.468056 0.016146 0.019444
3 0.49401 0.47037 0.022396 0.046296
10 0.738802 0.498148 0.006771 0.174074
10 0.779948 0.497222 0.007812 0.066667
10 0.826823 0.513426 0.005729 0.05463
10 0.398958 0.520833 0.008333 0.034259
10 0.341146 0.531481 0.00625 0.092593
1 0.779427 0.496296 0.009896 0.048148
10 0.419271 0.495833 0.005208 0.060185
