1 0.990625 0.662963 0.03125 0.192593
1 0.141667 0.547222 0.026042 0.107407
1 0.135677 0.481481 0.009896 0.059259
1 0.678125 0.539352 0.015625 0.09537
1 0.179167 0.456944 0.010417 0.039815
1 0.425 0.466204 0.011458 0.041667
3 0.88125 0.718056 0.213542 0.199074
3 0.561198 0.498611 0.070312 0.049074
3 0.99401 0.956019 0.319271 0.341667
3 0.5875 0.574537 0.114583 0.137963
3 0.414323 0.499537 0.057812 0.060185
11 0.138281 0.445833 0.036979 0.026852
10 0.140885 0.51713 0.005729 0.125
3 0.232552 0.48287 0.041146 0.067593
3 0.265365 0.458333 0.027604 0.038889
3 0.490365 0.522685 0.064062 0.073148
