1 0.51901 0.737963 0.048438 0.198148
1 0.563281 0.749537 0.052604 0.221296
1 0.764844 0.8125 0.069271 0.267593
1 0.627604 0.581019 0.021875 0.100926
1 0.646875 0.543981 0.014583 0.075
3 0.944792 0.518519 0.066667 0.046296
3 0.946615 0.580556 0.122396 0.096296
3 0.8125 0.511574 0.046875 0.065741
3 0.886458 0.527778 0.053125 0.05
3 0.730208 0.484722 0.026042 0.037963
3 0.661458 0.469907 0.021875 0.026852
4 0.703906 0.653704 0.038021 0.092593
10 0.653906 0.565741 0.005729 0.131481
3 0.734375 0.54537 0.057292 0.087037
3 0.69401 0.48287 0.029687 0.04537
