1 1.004948 0.5625 0.033854 0.147222
1 0.746094 0.574537 0.026562 0.134259
1 0.06901 0.584259 0.018229 0.085185
3 0.267188 0.564815 0.048958 0.064815
3 0.284375 0.70463 0.141667 0.235185
1 0.679948 0.589815 0.031771 0.131481
1 0.567448 0.541204 0.016146 0.080556
1 0.447656 0.500463 0.009896 0.04537
1 0.617188 0.521759 0.0125 0.076852
1 0.06276 0.584722 0.014063 0.084259
1 0.06224 0.595833 0.015104 0.082407
1 -0.000521 0.590741 0.010417 0.083333
1 0.526302 0.516667 0.011979 0.062963
3 0.535417 0.589815 0.134375 0.114815
3 0.326042 0.497685 0.020833 0.026852
3 0.384896 0.493519 0.020833 0.025926
3 0.252604 0.500463 0.03125 0.056481
3 0.41901 0.527315 0.036979 0.050926
10 0.503385 0.700926 0.017188 0.340741
11 0.500781 0.456944 0.048438 0.176852
10 0.655208 0.627778 0.025 0.483333
10 0.679948 0.595833 0.010937 0.343519
1 0.567187 0.542593 0.016667 0.07963
1 0.203646 0.511111 0.008333 0.033333
1 0.581771 0.537037 0.01875 0.085185
1 0.596615 0.536111 0.022396 0.087037
1 0.541146 0.519444 0.014583 0.064815
1 0.559635 0.516204 0.011979 0.065741
1 0.474219 0.521296 0.013021 0.062963
10 0.60026 0.594907 0.010937 0.084259
