1 0.928906 0.573148 0.035937 0.135185
1 0.721094 0.577315 0.026562 0.128704
1 0.07526 0.583333 0.016146 0.081481
3 0.252604 0.581481 0.055208 0.074074
3 0.273177 0.726389 0.129688 0.243519
1 0.642708 0.574074 0.028125 0.116667
1 0.563021 0.539815 0.013542 0.07037
1 0.434896 0.506019 0.008333 0.047222
1 0.067969 0.583796 0.013021 0.080556
1 0.067969 0.59537 0.014063 0.077778
1 0.003125 0.590741 0.015625 0.085185
1 0.002865 0.584722 0.014063 0.082407
1 0.008073 0.591667 0.013021 0.07963
1 0.51849 0.52037 0.013021 0.059259
1 0.508854 0.525 0.011458 0.062963
3 0.45026 0.602315 0.122396 0.117593
3 0.313021 0.507407 0.021875 0.02963
3 0.372135 0.499074 0.020313 0.025926
3 0.24401 0.505093 0.030729 0.056481
3 0.401042 0.526389 0.032292 0.04537
10 0.485937 0.671296 0.014583 0.292593
11 0.483594 0.459259 0.043229 0.15
10 0.61276 0.600926 0.022396 0.409259
10 0.642969 0.563426 0.010937 0.337963
1 0.563021 0.543519 0.016667 0.074074
1 0.203125 0.515741 0.007292 0.035185
1 0.576042 0.5375 0.016667 0.080556
1 0.593229 0.535648 0.01875 0.084259
1 0.533073 0.524074 0.015104 0.064815
1 0.552083 0.519907 0.0125 0.063889
1 0.492969 0.527315 0.014063 0.067593
1 0.463281 0.522685 0.010937 0.058333
10 0.576823 0.591667 0.011979 0.074074
10 0.603906 0.551389 0.005729 0.136111
