3 0.501563 0.533333 0.027083 0.038889
1 0.670052 0.528241 0.011979 0.058333
1 0.719531 0.527315 0.009896 0.056481
1 0.831771 0.569444 0.020833 0.1
1 0.804688 0.566204 0.01875 0.086111
1 0.785156 0.574074 0.013021 0.087037
1 0.797135 0.575 0.021354 0.094444
1 0.710417 0.525463 0.010417 0.05463
10 0.908073 0.6 0.027604 0.07037
3 0.614323 0.57037 0.050521 0.066667
3 0.408333 0.533796 0.040625 0.071296
3 0.807552 0.656481 0.155729 0.131481
10 0.685417 0.688426 0.010417 0.289815
11 0.685417 0.47963 0.038542 0.144444
10 0.946875 0.698148 0.019792 0.362963
10 0.704948 0.836574 0.034896 0.141667
10 0.920573 0.705093 0.016146 0.149074
1 0.778385 0.796759 0.045312 0.243519
1 0.825781 0.751389 0.035937 0.221296
1 0.688802 0.694444 0.029687 0.196296
1 0.820573 0.573611 0.017188 0.093519
1 0.717708 0.710648 0.039583 0.213889
1 0.741927 0.583333 0.018229 0.088889
1 0.767448 0.574074 0.021354 0.087037
1 0.910156 0.628704 0.031771 0.140741
1 0.83099 0.737037 0.041146 0.211111
1 0.934375 0.621296 0.026042 0.127778
1 0.909115 0.611111 0.027604 0.133333
1 0.72474 0.576852 0.025521 0.098148
