1 0.021615 0.963426 0.089063 0.371296
1 0.128906 0.630556 0.041146 0.151852
1 0.948437 0.619907 0.029167 0.149074
1 0.226042 0.540278 0.020833 0.091667
1 0.659635 0.523148 0.016146 0.075926
3 0.79974 0.641667 0.141146 0.140741
3 0.578906 0.498611 0.061979 0.04537
3 0.661458 0.642593 0.126042 0.148148
3 0.527083 0.52963 0.078125 0.090741
3 0.405208 0.48287 0.0375 0.04537
4 0.204687 0.738426 0.052083 0.141667
11 0.198958 0.436574 0.057292 0.149074
10 0.23151 0.626852 0.013021 0.281481
10 0.951302 0.625 0.015104 0.181481
3 0.297396 0.500926 0.044792 0.074074
3 0.310677 0.463426 0.026562 0.036111
3 0.301042 0.453704 0.021875 0.027778
