1 0.259115 0.873148 0.088021 0.32037
1 0.273698 0.604167 0.033854 0.125
1 0.326562 0.540278 0.019792 0.084259
1 0.720833 0.52037 0.015625 0.075926
3 0.855469 0.627778 0.127604 0.124074
3 0.65 0.499074 0.061458 0.040741
3 0.696094 0.604167 0.103646 0.119444
3 0.570052 0.518056 0.067187 0.084259
3 0.591667 0.520833 0.052083 0.056481
3 0.46849 0.478704 0.033854 0.038889
4 0.341667 0.69213 0.041667 0.117593
11 0.339844 0.441204 0.049479 0.125
3 0.394792 0.509722 0.046875 0.075
3 0.392969 0.466667 0.028646 0.035185
3 0.375781 0.456944 0.021354 0.026852
