1 0.798958 0.573148 0.034375 0.146296
1 0.083594 0.600463 0.018229 0.087963
3 0.305469 0.560185 0.045312 0.061111
3 0.33776 0.706019 0.153646 0.236111
1 0.75625 0.609259 0.034375 0.157407
1 0.59375 0.54537 0.020833 0.083333
1 0.480469 0.501852 0.011979 0.044444
1 0.661198 0.513426 0.013021 0.069444
1 0.075 0.6 0.014583 0.088889
1 0.07474 0.613889 0.015104 0.088889
1 0.007812 0.607407 0.015625 0.092593
3 0.6875 0.575 0.151042 0.114815
3 0.357552 0.498148 0.018229 0.024074
3 0.419271 0.496759 0.021875 0.028704
3 0.281771 0.503241 0.032292 0.056481
3 0.461458 0.536574 0.040625 0.058333
10 0.554427 0.767593 0.023438 0.416667
11 0.553385 0.455556 0.064062 0.222222
10 0.748698 0.669907 0.025521 0.597222
10 0.76276 0.618981 0.013021 0.397222
10 0.659375 0.520833 0.008333 0.086111
1 0.596094 0.547685 0.019271 0.087963
1 0.225521 0.517593 0.008333 0.033333
1 0.609115 0.541667 0.023438 0.096296
1 0.624479 0.536574 0.017708 0.09537
1 0.000781 0.609722 0.017188 0.09537
1 0.588802 0.514815 0.011979 0.066667
1 0.508594 0.522685 0.013021 0.062037
11 0.785937 0.448611 0.072917 0.123148
