3 0.482552 0.515278 0.027604 0.037963
1 0.648698 0.519907 0.013021 0.062037
1 0.698958 0.521296 0.010417 0.059259
1 0.813542 0.57037 0.021875 0.109259
1 0.790885 0.567593 0.021354 0.094444
1 0.76849 0.572222 0.013021 0.094444
1 0.780729 0.569907 0.021875 0.09537
1 0.689323 0.523611 0.013021 0.060185
10 0.894792 0.603704 0.035417 0.081481
3 0.597396 0.568981 0.055208 0.073148
3 0.379427 0.519907 0.041146 0.075
3 0.794792 0.662037 0.164583 0.140741
10 0.665365 0.703704 0.011979 0.318519
11 0.666667 0.468519 0.044792 0.157407
10 0.958333 0.703704 0.019792 0.45
10 0.688542 0.878704 0.039583 0.161111
10 0.919792 0.721296 0.014583 0.17037
1 0.752865 0.838426 0.050521 0.276852
1 0.772396 0.781944 0.041667 0.243519
1 0.65 0.706481 0.036458 0.214815
1 0.805469 0.575463 0.017188 0.093519
1 0.666667 0.723148 0.039583 0.225926
1 0.714583 0.57963 0.020833 0.101852
1 0.745833 0.575463 0.025 0.100926
1 0.921354 0.640278 0.036458 0.150926
1 0.796094 0.75787 0.058854 0.230556
1 0.944531 0.630556 0.031771 0.146296
1 0.920312 0.620833 0.030208 0.149074
1 0.705469 0.569444 0.025521 0.098148
