1 0.140365 0.647685 0.019271 0.126852
3 0.478125 0.52963 0.033333 0.048148
3 0.998177 0.712963 0.256771 0.248148
1 0.641667 0.513426 0.0125 0.052778
1 0.123437 0.650926 0.020833 0.122222
1 0.127865 0.662037 0.017188 0.12037
1 0.120313 0.67037 0.015625 0.116667
1 0.030208 0.662963 0.026042 0.12037
1 0.696354 0.503704 0.010417 0.053704
1 0.68151 0.505093 0.011979 0.05463
10 0.826042 0.554167 0.028125 0.05463
3 0.465885 0.492593 0.019271 0.02037
3 0.582812 0.518056 0.032292 0.041667
3 0.418229 0.505556 0.035417 0.062963
3 0.729688 0.586111 0.10625 0.094444
10 0.785156 0.570833 0.013021 0.25463
1 0.752344 0.629167 0.032813 0.136111
1 0.81875 0.610648 0.027083 0.137963
1 0.732031 0.608333 0.032813 0.138889
1 0.761719 0.537037 0.015104 0.075926
1 0.929427 0.553704 0.019271 0.094444
1 0.760417 0.608333 0.032292 0.151852
1 0.021354 0.664815 0.028125 0.12963
1 0.730729 0.538889 0.017708 0.075926
1 0.751042 0.536111 0.015625 0.062963
1 0.774219 0.553704 0.014063 0.072222
1 0.806771 0.602778 0.017708 0.137037
1 0.798438 0.553241 0.014583 0.071296
1 0.694792 0.535185 0.021875 0.07037
1 0.720833 0.538426 0.013542 0.058333
1 0.711458 0.537963 0.0125 0.059259
