1 0.870833 0.575926 0.034375 0.124074
1 0.706771 0.57037 0.026042 0.12037
1 0.097135 0.570833 0.015104 0.071296
3 0.25026 0.586574 0.058854 0.080556
3 0.290365 0.732407 0.130729 0.251852
1 0.621094 0.558333 0.023438 0.094444
1 0.574479 0.535185 0.0125 0.066667
1 0.022917 0.573611 0.010417 0.071296
1 0.433594 0.504167 0.007812 0.043519
1 0.089583 0.57037 0.011458 0.075926
1 0.089844 0.578704 0.013021 0.07037
1 0.029687 0.574537 0.013542 0.078704
1 0.041406 0.56713 0.015104 0.080556
1 0.519271 0.519907 0.013542 0.058333
1 0.509375 0.521296 0.011458 0.061111
3 0.392188 0.606944 0.103125 0.119444
3 0.308073 0.507407 0.023438 0.033333
3 0.36875 0.493056 0.017708 0.023148
3 0.246615 0.502315 0.030729 0.056481
3 0.392969 0.516667 0.027604 0.040741
10 0.484896 0.6375 0.011458 0.247222
11 0.485156 0.458333 0.036979 0.127778
10 0.596354 0.58287 0.017708 0.337963
10 0.621615 0.548148 0.009896 0.3
1 0.574219 0.536574 0.014063 0.065741
1 0.585938 0.532407 0.013542 0.07037
1 0.497396 0.518519 0.011458 0.05
1 0.601823 0.531481 0.016146 0.075926
1 0.541927 0.518519 0.015104 0.064815
1 0.55625 0.515741 0.0125 0.064815
1 0.488281 0.524074 0.011979 0.062963
1 0.464844 0.520833 0.011979 0.05463
10 0.566406 0.577778 0.010937 0.066667
10 0.591406 0.543519 0.005729 0.140741
