11 0.864583 0.54537 0.058333 0.085185
10 0.866667 0.669444 0.010417 0.522222
1 0.851042 0.565741 0.025 0.114815
1 0.753906 0.559259 0.020313 0.111111
1 0.185156 0.538889 0.014063 0.066667
3 0.301042 0.593056 0.06875 0.097222
3 0.406771 0.756019 0.141667 0.278704
1 0.635417 0.51713 0.013542 0.058333
1 0.625781 0.536574 0.018229 0.084259
1 0.641667 0.519444 0.011458 0.057407
1 0.29375 0.494907 0.00625 0.032407
1 0.138281 0.537963 0.009896 0.057407
1 0.474219 0.490278 0.009896 0.043519
3 0.314844 0.477778 0.015104 0.022222
1 0.179688 0.5375 0.009375 0.065741
1 0.182552 0.545833 0.011979 0.060185
1 0.130729 0.538426 0.0125 0.067593
1 0.152604 0.533796 0.0125 0.062037
1 0.50599 0.508333 0.010937 0.053704
1 0.570052 0.507407 0.011979 0.055556
1 0.558854 0.510185 0.011458 0.057407
3 0.422135 0.606481 0.089063 0.114815
3 0.348177 0.506019 0.026562 0.039815
3 0.408594 0.479167 0.016146 0.021296
3 0.296875 0.483333 0.028125 0.053704
3 0.425781 0.491204 0.020313 0.032407
10 0.53776 0.588889 0.007812 0.192593
11 0.535677 0.443981 0.025521 0.093519
10 0.617969 0.556944 0.009896 0.219444
10 0.640625 0.526852 0.007292 0.22963
10 0.617708 0.525 0.00625 0.107407
1 0.656771 0.514815 0.013542 0.064815
1 0.604167 0.504167 0.009375 0.062037
1 0.621615 0.504167 0.015104 0.060185
1 0.521094 0.506944 0.011979 0.047222
10 0.648698 0.512037 0.005729 0.077778
10 0.633333 0.540741 0.005208 0.075926
10 0.160156 0.534259 0.006771 0.083333
