1 0.996875 0.667593 0.03125 0.192593
1 0.138802 0.55 0.025521 0.107407
1 0.134115 0.483796 0.013021 0.058333
1 0.68151 0.54213 0.016146 0.097222
1 0.178125 0.45787 0.009375 0.039815
1 0.424479 0.468056 0.011458 0.041667
3 0.892708 0.728704 0.221875 0.212963
3 0.561979 0.499074 0.070833 0.048148
3 1.039323 0.980556 0.319271 0.342593
3 0.594531 0.580093 0.117188 0.141667
3 0.416927 0.502778 0.058854 0.061111
11 0.133594 0.447685 0.036979 0.026852
10 0.139844 0.519907 0.007812 0.123148
3 0.230729 0.483333 0.040625 0.068519
3 0.264844 0.460185 0.027604 0.038889
3 0.491146 0.525 0.064583 0.074074
