11 0.757552 0.473611 0.020313 0.028704
1 0.750521 0.543519 0.019792 0.094444
10 0.757812 0.525463 0.005208 0.162037
1 0.815365 0.536111 0.020313 0.075926
1 0.87474 0.611574 0.028646 0.134259
1 0.923958 0.613426 0.03125 0.132407
1 0.790885 0.518519 0.016146 0.075926
1 0.010677 0.636111 0.033854 0.164815
1 0.066146 0.640741 0.03125 0.157407
10 0.057552 0.653241 0.009896 0.275
1 0.255469 0.551389 0.018229 0.087963
1 0.278906 0.556481 0.020313 0.087037
1 0.338802 0.526389 0.014063 0.067593
1 0.327344 0.525463 0.011979 0.065741
1 0.357812 0.513889 0.014583 0.062963
3 0.523958 0.550926 0.047917 0.066667
3 0.60599 0.569444 0.065104 0.111111
1 0.81901 0.489815 0.009896 0.042593
1 0.697656 0.491204 0.009896 0.04537
1 0.811979 0.487037 0.007292 0.037037
1 0.561979 0.47037 0.008333 0.027778
1 0.320573 0.51713 0.006771 0.065741
1 0.334896 0.51713 0.008333 0.062037
1 0.630469 0.473611 0.007812 0.034259
3 0.52526 0.473148 0.015104 0.022222
1 0.679167 0.480093 0.007292 0.041667
1 0.417187 0.489352 0.009375 0.041667
1 0.435937 0.496759 0.008333 0.041667
1 0.40599 0.493056 0.008854 0.043519
1 0.771875 0.485648 0.009375 0.037963
3 0.613281 0.547222 0.057812 0.085185
3 0.494531 0.510648 0.081771 0.052778
3 0.789583 0.510185 0.091667 0.051852
3 0.551042 0.461111 0.014583 0.014815
3 0.490365 0.464352 0.021354 0.039815
10 0.701823 0.455556 0.006771 0.174074
10 0.40651 0.507407 0.008854 0.02963
10 0.346094 0.516204 0.005729 0.084259
10 0.360677 0.51713 0.005729 0.080556
