11 0.726302 0.462037 0.019271 0.025926
1 0.722656 0.523611 0.017188 0.087963
10 0.727083 0.507407 0.005208 0.137037
1 0.779167 0.515741 0.019792 0.07037
1 0.805729 0.576389 0.027083 0.100926
1 0.852865 0.571296 0.029687 0.109259
1 0.761198 0.509259 0.017188 0.072222
1 0.009896 0.716667 0.033333 0.207407
1 0.076302 0.703241 0.025521 0.089815
1 0.113542 0.603704 0.023958 0.142593
1 0.154167 0.610185 0.023958 0.137037
10 0.142448 0.595833 0.009896 0.275
1 0.271354 0.551389 0.017708 0.086111
1 0.290885 0.551389 0.016146 0.087963
1 0.346615 0.521296 0.014063 0.064815
1 0.3375 0.523148 0.011458 0.053704
1 0.358594 0.509259 0.011979 0.053704
3 0.517969 0.536574 0.042188 0.058333
3 0.590104 0.556019 0.058333 0.100926
1 0.5625 0.470833 0.008333 0.026852
1 0.329167 0.514815 0.008333 0.064815
1 0.619531 0.469907 0.006771 0.032407
3 0.517448 0.472222 0.015104 0.022222
1 0.416667 0.49213 0.008333 0.041667
1 0.435417 0.494444 0.008333 0.038889
1 0.408073 0.491667 0.007812 0.042593
1 0.761719 0.479167 0.007812 0.039815
3 0.601302 0.535648 0.049479 0.073148
3 0.639583 0.504167 0.067708 0.052778
3 0.538021 0.45787 0.014583 0.013889
3 0.484115 0.462963 0.021354 0.040741
8 0.979427 0.56713 0.021354 0.102778
10 0.407552 0.505093 0.009896 0.028704
10 0.353906 0.5125 0.007812 0.080556
10 0.422135 0.489352 0.004687 0.047222
