1 0.044531 0.871759 0.078646 0.291667
1 0.104948 0.900463 0.073438 0.339815
1 0.423958 0.852778 0.070833 0.298148
1 0.38151 0.596296 0.028646 0.112963
1 0.415365 0.540741 0.018229 0.090741
1 0.790625 0.529167 0.0125 0.065741
3 0.924219 0.630556 0.123437 0.124074
3 0.722656 0.509722 0.060937 0.041667
3 0.753906 0.590741 0.108854 0.105556
3 0.625 0.519907 0.058333 0.075
3 0.665625 0.527315 0.052083 0.056481
3 0.534635 0.484722 0.030729 0.037963
4 0.45026 0.677315 0.043229 0.106481
10 0.403906 0.566204 0.007812 0.162037
3 0.4875 0.524537 0.045833 0.078704
3 0.472917 0.472685 0.027083 0.036111
