11 0.944792 0.586574 0.078125 0.117593
10 0.951562 0.767593 0.011458 0.603704
1 0.851302 0.571759 0.032813 0.119444
1 0.713802 0.563889 0.025521 0.114815
1 0.128646 0.55463 0.013542 0.068519
3 0.265104 0.587037 0.0625 0.085185
3 0.328906 0.737963 0.131771 0.259259
1 0.616406 0.55 0.021354 0.096296
1 0.59401 0.527315 0.011979 0.063889
1 0.240625 0.502315 0.008333 0.034259
1 0.06875 0.555093 0.010417 0.065741
1 0.444531 0.49537 0.009896 0.044444
1 0.120833 0.555556 0.010417 0.072222
1 0.123437 0.562037 0.0125 0.066667
1 0.066146 0.560185 0.0125 0.07037
1 0.083594 0.550926 0.014063 0.074074
1 0.480208 0.515741 0.015625 0.059259
1 0.532031 0.512963 0.013021 0.055556
1 0.520833 0.514352 0.011458 0.060185
3 0.383854 0.600926 0.0875 0.116667
3 0.317708 0.50463 0.026042 0.033333
3 0.379167 0.484722 0.017708 0.023148
3 0.260156 0.490278 0.029687 0.052778
3 0.400521 0.50463 0.025 0.037037
10 0.5 0.614352 0.010417 0.225
11 0.50026 0.452315 0.031771 0.113889
10 0.59974 0.574537 0.014063 0.275
10 0.621354 0.536574 0.008333 0.267593
1 0.595052 0.529167 0.014063 0.058333
1 0.60651 0.521296 0.016146 0.072222
1 0.509896 0.513426 0.009375 0.04537
1 0.615365 0.521296 0.015104 0.068519
1 0.56224 0.511111 0.015104 0.062963
1 0.574219 0.509259 0.015104 0.057407
1 0.49349 0.513889 0.014063 0.061111
10 0.573438 0.563426 0.009375 0.063889
10 0.6125 0.558333 0.005208 0.075926
10 0.594531 0.551389 0.005729 0.110185
