1 0.1625 0.905556 0.102083 0.331481
1 0.214583 0.616204 0.035417 0.132407
1 0.983594 0.619907 0.027604 0.150926
1 0.280208 0.540278 0.019792 0.086111
1 0.690104 0.524537 0.015625 0.075
3 0.826562 0.631481 0.133333 0.12963
3 0.616927 0.498611 0.061979 0.039815
3 0.673438 0.616667 0.108333 0.127778
3 0.546875 0.524074 0.071875 0.085185
3 0.557292 0.525463 0.052083 0.056481
3 0.43776 0.48287 0.033854 0.043519
4 0.283073 0.710185 0.046354 0.127778
11 0.277344 0.439352 0.049479 0.132407
10 0.276302 0.634722 0.007812 0.25463
10 0.972135 0.610185 0.015104 0.181481
3 0.350521 0.507407 0.045833 0.072222
3 0.354687 0.463889 0.028125 0.035185
3 0.342448 0.456944 0.021354 0.026852
