11 0.857292 0.541204 0.054167 0.080556
10 0.861458 0.659259 0.010417 0.5
1 0.860156 0.566204 0.024479 0.113889
1 0.764062 0.5625 0.022917 0.110185
1 0.197917 0.538889 0.013542 0.066667
3 0.311979 0.594444 0.06875 0.094444
3 0.424479 0.758333 0.144792 0.283333
1 0.644271 0.519907 0.013542 0.058333
1 0.628906 0.533796 0.020313 0.084259
1 0.652344 0.518519 0.010937 0.055556
1 0.30599 0.493056 0.006771 0.030556
1 0.153385 0.535185 0.009896 0.057407
1 0.482031 0.489352 0.009896 0.043519
1 0.665625 0.512037 0.0125 0.064815
3 0.326823 0.477778 0.015104 0.022222
1 0.192188 0.535648 0.010417 0.063889
1 0.195573 0.543519 0.011979 0.059259
1 0.144792 0.536574 0.0125 0.067593
1 0.167187 0.531481 0.0125 0.062963
1 0.513542 0.50787 0.010417 0.05463
1 0.522135 0.509259 0.009896 0.053704
1 0.582031 0.506481 0.013021 0.055556
1 0.567187 0.509259 0.011458 0.057407
3 0.435156 0.609259 0.090104 0.114815
3 0.35651 0.506481 0.027604 0.038889
3 0.415885 0.47963 0.016146 0.022222
3 0.30625 0.484722 0.027083 0.05463
3 0.433594 0.49213 0.020313 0.030556
10 0.545833 0.584722 0.007292 0.186111
11 0.545573 0.444444 0.024479 0.090741
10 0.625521 0.555093 0.009375 0.212037
10 0.647656 0.525926 0.006771 0.224074
11 0.64349 0.452778 0.031771 0.057407
10 0.625 0.527315 0.00625 0.102778
1 0.671875 0.515278 0.015625 0.065741
1 0.616667 0.505556 0.009375 0.061111
1 0.632812 0.505093 0.014583 0.060185
1 0.53151 0.507407 0.011979 0.046296
10 0.655208 0.513426 0.00625 0.076852
10 0.640365 0.54213 0.005729 0.076852
10 0.174219 0.531481 0.006771 0.083333
