11 0.809896 0.486111 0.023958 0.035185
1 0.802604 0.570833 0.026042 0.119444
10 0.810156 0.542593 0.005729 0.201852
1 0.876302 0.547222 0.021354 0.085185
1 0.848437 0.530556 0.017708 0.083333
1 0.225 0.566204 0.019792 0.10463
1 0.25026 0.569444 0.021354 0.103704
1 0.322396 0.540741 0.015625 0.077778
1 0.30651 0.541204 0.014063 0.078704
1 0.344531 0.530093 0.016146 0.076852
1 0.326562 0.535648 0.014583 0.078704
3 0.53125 0.569444 0.058333 0.07963
3 0.63099 0.608796 0.079687 0.149074
1 0.833073 0.496296 0.010937 0.042593
1 0.716406 0.500926 0.009896 0.051852
1 0.823437 0.501852 0.009375 0.05
1 0.554427 0.475926 0.006771 0.025926
1 0.3 0.526389 0.009375 0.073148
1 0.31224 0.528241 0.011979 0.080556
1 0.641146 0.478241 0.007292 0.037963
3 0.532813 0.471296 0.015625 0.022222
1 0.875 0.49537 0.011458 0.05
1 0.416406 0.495833 0.008854 0.047222
1 0.434635 0.500926 0.009896 0.05
1 0.401042 0.493981 0.011458 0.04537
1 0.840365 0.498611 0.011979 0.04537
1 0.726562 0.491204 0.008333 0.041667
3 0.636458 0.569444 0.066667 0.094444
3 0.665104 0.520833 0.09375 0.05463
3 0.5625 0.463889 0.015625 0.018519
3 0.49401 0.466204 0.022396 0.043519
10 0.73151 0.490741 0.006771 0.174074
10 0.775 0.492593 0.008333 0.066667
10 0.81849 0.506944 0.005729 0.05463
10 0.401042 0.516204 0.008333 0.034259
10 0.345052 0.526852 0.005729 0.088889
1 0.780469 0.491667 0.009896 0.048148
10 0.420573 0.494907 0.004687 0.056481
