1 -0.005208 0.698148 0.045833 0.188889
1 0.947656 0.616204 0.029687 0.175
1 0.163542 0.549537 0.022917 0.099074
1 0.152604 0.489815 0.0125 0.051852
1 0.650781 0.523611 0.017188 0.082407
1 0.425781 0.468056 0.009896 0.050926
3 0.815365 0.661574 0.171354 0.169444
3 0.556771 0.494444 0.060417 0.05
3 0.758854 0.734259 0.228125 0.242593
3 0.540885 0.543056 0.093229 0.112037
3 0.392969 0.492593 0.047396 0.053704
4 0.069271 0.836574 0.064583 0.182407
11 0.165365 0.455093 0.034896 0.023148
10 0.936458 0.614352 0.011458 0.19537
3 0.244531 0.497685 0.042188 0.071296
3 0.271615 0.465741 0.027604 0.038889
3 0.4875 0.515741 0.060417 0.064815
3 0.265885 0.45463 0.018229 0.027778
