1 0.11224 0.657407 0.021354 0.138889
3 0.492969 0.509259 0.029687 0.042593
1 0.659635 0.491667 0.009896 0.051852
1 0.095833 0.660648 0.019792 0.130556
1 0.098437 0.674074 0.016667 0.127778
1 0.0875 0.682407 0.01875 0.127778
1 0.7125 0.484259 0.011458 0.051852
1 0.794792 0.520833 0.016667 0.087963
1 0.772917 0.516667 0.017708 0.075926
1 0.700781 0.491204 0.011979 0.050926
10 0.860417 0.550463 0.028125 0.063889
3 0.458594 0.475463 0.018229 0.021296
3 0.598177 0.506944 0.035937 0.049074
3 0.426563 0.497222 0.038542 0.066667
3 0.765625 0.581019 0.116667 0.102778
10 0.65625 0.577315 0.009375 0.176852
11 0.655208 0.437963 0.03125 0.105556
10 0.835156 0.585185 0.014063 0.261111
1 0.770312 0.640278 0.0375 0.160185
1 0.842187 0.619444 0.032292 0.157407
1 0.729167 0.608796 0.035417 0.152778
1 0.788542 0.523148 0.014583 0.081481
1 0.978125 0.549074 0.020833 0.12037
1 0.755469 0.606944 0.032813 0.163889
1 0.74401 0.523611 0.016146 0.069444
1 0.763021 0.519907 0.020833 0.065741
1 0.814844 0.546759 0.021354 0.086111
1 0.829688 0.606944 0.021875 0.150926
1 0.84375 0.540741 0.014583 0.07963
1 0.713542 0.520833 0.023958 0.075
1 0.729688 0.531019 0.013542 0.063889
