11 0.864844 0.508796 0.036979 0.052778
1 0.895312 0.639352 0.040625 0.175
10 0.864323 0.577315 0.006771 0.273148
1 0.9375 0.565278 0.026042 0.09537
1 0.896354 0.544444 0.019792 0.092593
1 0.117708 0.590741 0.026042 0.124074
1 0.146094 0.592593 0.024479 0.124074
1 0.227083 0.575926 0.020833 0.103704
1 0.209115 0.575926 0.018229 0.098148
1 0.268229 0.555556 0.019792 0.094444
1 0.25599 0.568056 0.020313 0.110185
3 0.49375 0.604167 0.071875 0.09537
3 0.628906 0.69213 0.114062 0.226852
1 0.810677 0.507407 0.013021 0.046296
1 0.719792 0.518056 0.013542 0.060185
1 0.795312 0.50787 0.011458 0.049074
1 0.498698 0.478241 0.005729 0.028704
1 0.214844 0.531944 0.013021 0.073148
1 0.360677 0.499537 0.008854 0.037963
1 0.2125 0.562963 0.021875 0.105556
1 0.617969 0.482407 0.008854 0.038889
3 0.502344 0.468056 0.015104 0.021296
1 0.37526 0.504167 0.009896 0.052778
1 0.389062 0.508333 0.010417 0.053704
1 0.350521 0.502315 0.010417 0.058333
1 0.8 0.503241 0.0125 0.05463
1 0.80625 0.500926 0.011458 0.051852
1 0.643229 0.493056 0.011458 0.043519
1 0.650781 0.493519 0.009896 0.044444
1 0.69349 0.500463 0.010937 0.047222
1 0.732031 0.503241 0.009896 0.049074
1 0.722396 0.50463 0.011458 0.05
3 0.622135 0.597685 0.085938 0.099074
3 0.509896 0.515741 0.04375 0.055556
3 0.546094 0.469907 0.015104 0.017593
3 0.461198 0.468519 0.022396 0.048148
3 0.567448 0.475 0.019271 0.024074
10 0.739323 0.510185 0.006771 0.174074
10 0.345313 0.52963 0.008333 0.038889
10 0.264844 0.550463 0.006771 0.102778
10 0.728646 0.528241 0.008333 0.047222
1 0.192708 0.573611 0.015625 0.084259
1 0.836979 0.50463 0.0125 0.057407
1 0.814063 0.505093 0.009375 0.049074
10 0.373177 0.503241 0.005729 0.060185
