1 0.140365 0.623611 0.019271 0.110185
3 0.43151 0.5375 0.035937 0.050926
3 0.683854 0.698148 0.222917 0.235185
1 0.594792 0.502778 0.011458 0.051852
1 0.126823 0.626389 0.018229 0.106481
1 0.130469 0.634259 0.017188 0.101852
1 0.123958 0.643981 0.016667 0.102778
1 0.045833 0.637037 0.022917 0.105556
3 0.444531 0.487037 0.018229 0.024074
3 0.533854 0.501852 0.027083 0.035185
3 0.383854 0.502778 0.033333 0.062963
3 0.640625 0.559259 0.083333 0.07037
10 0.698177 0.521296 0.011979 0.214815
1 0.705208 0.591667 0.026042 0.114815
1 0.744271 0.572222 0.023958 0.111111
1 0.69974 0.561111 0.014063 0.1
1 0.838021 0.537037 0.017708 0.094444
1 0.72474 0.5625 0.027604 0.110185
1 0.03724 0.639352 0.026562 0.112037
1 0.684375 0.530093 0.01875 0.082407
1 0.695052 0.538426 0.016146 0.076852
1 0.746615 0.568981 0.026562 0.110185
1 0.729167 0.54213 0.014583 0.087963
1 0.646875 0.522222 0.021875 0.059259
1 0.635677 0.517593 0.011979 0.046296
1 0.670312 0.525463 0.013542 0.069444
1 0.659896 0.526389 0.0125 0.063889
