11 0.860677 0.524074 0.038021 0.055556
1 0.926562 0.690741 0.047917 0.211111
10 0.861198 0.6 0.007812 0.324074
1 0.928385 0.573611 0.025521 0.099074
1 0.872917 0.559722 0.01875 0.102778
1 0.029687 0.606944 0.028125 0.137963
1 0.060417 0.6125 0.034375 0.136111
1 0.139583 0.600926 0.023958 0.116667
1 0.115625 0.603704 0.020833 0.109259
1 0.195052 0.568519 0.020313 0.1
1 0.171615 0.594444 0.023438 0.125926
3 0.44401 0.611574 0.073438 0.102778
3 0.591667 0.736111 0.130208 0.261111
1 0.771354 0.52037 0.0125 0.05
1 0.695052 0.527778 0.013021 0.064815
1 0.756771 0.51713 0.010417 0.052778
1 0.449219 0.483796 0.006771 0.030556
1 0.139323 0.549537 0.014063 0.086111
1 0.311198 0.504167 0.008854 0.043519
1 0.128646 0.586111 0.019792 0.125926
1 0.582552 0.487963 0.008854 0.040741
1 0.793229 0.514352 0.016667 0.062037
3 0.460417 0.473148 0.014583 0.022222
1 0.329427 0.512037 0.009896 0.059259
1 0.339583 0.516667 0.010417 0.057407
1 0.298698 0.509259 0.009896 0.057407
1 0.320312 0.503704 0.010417 0.055556
1 0.751302 0.512037 0.011979 0.057407
1 0.609635 0.502315 0.009896 0.043519
1 0.616667 0.506019 0.010417 0.043519
1 0.690885 0.50787 0.011979 0.049074
1 0.684635 0.512963 0.011979 0.05
3 0.579167 0.613889 0.091667 0.107407
3 0.464323 0.515741 0.033854 0.048148
3 0.5125 0.473611 0.015625 0.019444
3 0.420833 0.472685 0.022917 0.047222
3 0.53125 0.481019 0.01875 0.023148
10 0.646094 0.555556 0.007812 0.142593
11 0.649219 0.449537 0.020313 0.076852
10 0.711198 0.525 0.006771 0.174074
10 0.290365 0.539352 0.007812 0.043519
10 0.192188 0.567593 0.00625 0.112963
10 0.698958 0.539815 0.008333 0.044444
1 0.097135 0.597222 0.016146 0.096296
1 0.794271 0.512963 0.011458 0.057407
1 0.775 0.514815 0.011458 0.053704
1 0.699479 0.502778 0.011458 0.048148
10 0.322396 0.507407 0.005208 0.07037
