1 0.107031 0.638426 0.044271 0.15463
1 0.940104 0.618981 0.026042 0.14537
1 0.213542 0.540741 0.020833 0.092593
1 0.654687 0.523148 0.015625 0.075926
3 0.795573 0.644444 0.144271 0.146296
3 0.571875 0.497685 0.060417 0.047222
3 0.664062 0.646759 0.134375 0.156481
3 0.524479 0.53287 0.080208 0.09537
3 0.398958 0.483333 0.038542 0.046296
4 0.182292 0.749074 0.053125 0.146296
10 0.21224 0.63287 0.013021 0.287963
10 0.95026 0.626389 0.015104 0.180556
3 0.285417 0.499074 0.04375 0.075926
3 0.29974 0.4625 0.027604 0.037963
3 0.505208 0.515278 0.052083 0.056481
3 0.291406 0.452778 0.021354 0.027778
