11 0.766406 0.478704 0.021354 0.02963
1 0.758333 0.549537 0.020833 0.100926
10 0.766667 0.531019 0.005208 0.169444
1 0.826042 0.538889 0.019792 0.075926
1 0.89401 0.621296 0.031771 0.144444
1 0.948177 0.624537 0.036979 0.141667
1 0.800781 0.521296 0.016146 0.075926
1 0.035677 0.666667 0.030729 0.168519
10 0.026562 0.684722 0.010417 0.275
1 0.249479 0.55787 0.01875 0.091667
1 0.272917 0.563889 0.019792 0.090741
1 0.334896 0.53287 0.013542 0.071296
1 0.323177 0.536574 0.011979 0.067593
1 0.355729 0.519907 0.015625 0.060185
3 0.52526 0.556481 0.048438 0.068519
3 0.610156 0.580556 0.067187 0.125926
1 0.822135 0.491667 0.009896 0.046296
1 0.700521 0.493056 0.010417 0.04537
1 0.813021 0.486111 0.009375 0.038889
1 0.560677 0.472685 0.009896 0.026852
1 0.316406 0.524537 0.008854 0.069444
1 0.329688 0.520833 0.008333 0.062037
1 0.63151 0.474537 0.007812 0.034259
3 0.527083 0.476852 0.015625 0.022222
1 0.682292 0.486574 0.007292 0.041667
1 0.416667 0.492593 0.008333 0.042593
1 0.435937 0.500463 0.008333 0.043519
1 0.405208 0.495833 0.009375 0.041667
3 0.616146 0.554167 0.060417 0.087963
3 0.451042 0.515741 0.08125 0.053704
3 0.765625 0.511111 0.091667 0.05
3 0.552344 0.462963 0.015104 0.014815
3 0.490885 0.468519 0.021354 0.038889
10 0.707031 0.456481 0.006771 0.174074
10 0.40599 0.512963 0.008854 0.02963
10 0.342969 0.525463 0.005729 0.084259
10 0.357812 0.523148 0.005208 0.083333
