11 0.777083 0.489815 0.022917 0.02963
1 0.767969 0.565741 0.022396 0.107407
10 0.777083 0.546296 0.005208 0.177778
1 0.839062 0.548148 0.01875 0.077778
1 0.920312 0.648611 0.033333 0.150926
1 0.977865 0.651852 0.040104 0.155556
1 0.810937 0.536574 0.016667 0.075
1 0.24375 0.575926 0.01875 0.096296
1 0.267708 0.576852 0.019792 0.090741
1 0.33125 0.545833 0.013542 0.071296
1 0.318229 0.546759 0.0125 0.069444
1 0.352865 0.535185 0.016146 0.059259
3 0.527083 0.574537 0.051042 0.073148
3 0.615365 0.597685 0.071354 0.132407
1 0.823177 0.506481 0.009896 0.046296
1 0.704167 0.505556 0.011458 0.044444
1 0.815104 0.503241 0.007292 0.04537
1 0.558333 0.485648 0.007292 0.026852
1 0.3125 0.5375 0.008333 0.073148
1 0.323437 0.528241 0.008333 0.062037
1 0.634115 0.488426 0.007812 0.034259
3 0.528385 0.485648 0.015104 0.021296
1 0.685937 0.496759 0.007292 0.041667
1 0.416406 0.50463 0.008854 0.042593
1 0.435937 0.513889 0.008333 0.044444
1 0.403125 0.505556 0.009375 0.042593
1 0.833333 0.503241 0.011458 0.04537
3 0.622396 0.571759 0.060417 0.087963
3 0.397917 0.529167 0.085417 0.056481
3 0.736719 0.525926 0.094271 0.05
3 0.555208 0.475926 0.013542 0.014815
3 0.491406 0.480093 0.021354 0.039815
10 0.71276 0.458333 0.006771 0.174074
10 0.404948 0.525926 0.008854 0.02963
10 0.354167 0.540741 0.005208 0.085185
