1 0.914583 0.593981 0.033333 0.173148
1 0.11849 0.603704 0.019271 0.098148
3 0.375 0.543519 0.040625 0.057407
3 0.48724 0.693056 0.189062 0.225
1 0.939583 0.675926 0.054167 0.22037
1 0.542448 0.495833 0.013021 0.037963
1 0.105469 0.603704 0.017188 0.094444
1 0.105729 0.616667 0.015625 0.096296
1 0.032552 0.613426 0.020313 0.09537
3 1.009375 0.572222 0.166667 0.127778
3 0.409635 0.487963 0.018229 0.024074
3 0.48099 0.497222 0.025521 0.033333
3 0.338281 0.49537 0.031771 0.057407
3 0.54974 0.55 0.059896 0.07037
10 0.718229 0.828704 0.028125 0.398148
11 0.727083 0.455556 0.103125 0.351852
10 0.976302 0.683333 0.020313 0.574074
10 0.623698 0.519907 0.009896 0.215741
1 0.658073 0.56713 0.023438 0.100926
1 0.660937 0.551389 0.021875 0.110185
1 0.024479 0.613889 0.020833 0.103704
1 0.59375 0.525463 0.019792 0.071296
1 0.576562 0.518056 0.0125 0.058333
1 0.616406 0.524074 0.014063 0.066667
1 0.607812 0.526389 0.0125 0.071296
