1 0.102344 0.674074 0.021354 0.142593
3 0.496615 0.518056 0.028646 0.043519
1 0.661719 0.502778 0.009896 0.05
1 0.085417 0.676389 0.019792 0.132407
1 0.08724 0.692593 0.017188 0.131481
1 0.075521 0.700926 0.01875 0.131481
1 0.715885 0.494907 0.013021 0.050926
1 0.800781 0.535648 0.017188 0.091667
1 0.777865 0.527315 0.018229 0.076852
1 0.703385 0.496296 0.013021 0.051852
10 0.867708 0.560648 0.028125 0.063889
3 0.455729 0.486111 0.017708 0.02037
3 0.601302 0.521296 0.038021 0.05
3 0.424479 0.506019 0.0375 0.065741
3 0.771615 0.593981 0.119271 0.10463
10 0.661458 0.584722 0.009375 0.176852
11 0.659896 0.446296 0.032292 0.107407
10 0.847656 0.606481 0.014063 0.261111
1 0.76901 0.6625 0.033854 0.165741
1 0.84349 0.643981 0.047396 0.156481
1 0.725 0.625 0.021875 0.166667
1 0.792448 0.530556 0.016146 0.081481
1 0.989583 0.564352 0.023958 0.126852
1 0.750781 0.626389 0.044271 0.171296
1 0.745052 0.536111 0.016146 0.068519
1 0.765885 0.537037 0.022396 0.072222
1 0.826302 0.559259 0.019271 0.087037
1 0.836719 0.626852 0.029687 0.153704
1 0.850781 0.558333 0.019271 0.085185
1 0.716146 0.531019 0.023958 0.078704
1 0.733073 0.535185 0.013021 0.066667
