1 0.976823 0.646296 0.031771 0.177778
1 0.149479 0.543981 0.027083 0.102778
1 0.141406 0.480556 0.011979 0.053704
1 0.670573 0.531019 0.016146 0.087963
1 0.18125 0.456019 0.009375 0.039815
1 0.425 0.462037 0.011458 0.042593
3 0.859115 0.689352 0.199479 0.176852
3 0.559635 0.494907 0.069271 0.049074
3 0.913281 0.878704 0.319271 0.342593
3 0.572656 0.561574 0.106771 0.130556
3 0.408333 0.493056 0.05625 0.056481
11 0.146094 0.447685 0.034896 0.026852
3 0.236198 0.483796 0.041146 0.069444
3 0.266927 0.458333 0.027604 0.038889
3 0.489844 0.519907 0.063021 0.071296
