1 0.090625 0.691667 0.021875 0.146296
3 0.498958 0.525926 0.03125 0.046296
1 0.665625 0.509259 0.009375 0.05
1 0.072396 0.693519 0.019792 0.137037
1 0.073438 0.707407 0.017708 0.137037
1 0.060156 0.715278 0.019271 0.136111
1 0.71875 0.504167 0.0125 0.050926
1 0.80625 0.543056 0.016667 0.093519
1 0.783594 0.539352 0.018229 0.078704
1 0.70599 0.505556 0.015104 0.051852
10 0.876823 0.57037 0.027604 0.064815
3 0.451042 0.493519 0.017708 0.02037
3 0.605729 0.535185 0.038542 0.05
3 0.423958 0.512037 0.0375 0.066667
3 0.778646 0.607407 0.122917 0.107407
10 0.668229 0.593981 0.009375 0.176852
11 0.666146 0.456481 0.034375 0.109259
10 0.86276 0.632407 0.014063 0.261111
10 0.859375 0.634259 0.0125 0.131481
1 0.770052 0.68287 0.035937 0.175
1 0.846094 0.659722 0.046354 0.167593
1 0.718229 0.64213 0.035417 0.163889
1 0.798438 0.543056 0.017708 0.080556
1 1.002083 0.573611 0.023958 0.126852
1 0.751823 0.644444 0.055729 0.177778
1 0.746615 0.545833 0.018229 0.071296
1 0.767969 0.546296 0.018229 0.074074
1 0.83776 0.571296 0.023438 0.085185
1 0.839323 0.643519 0.029687 0.161111
1 0.861198 0.571759 0.021354 0.089815
1 0.71901 0.545833 0.023438 0.082407
1 0.73724 0.544907 0.014063 0.069444
