11 0.751042 0.474537 0.020833 0.028704
1 0.74375 0.541204 0.01875 0.091667
10 0.751302 0.529167 0.005729 0.156481
1 0.807552 0.53287 0.022396 0.075
1 0.857031 0.606481 0.028646 0.12963
1 0.908594 0.607407 0.031771 0.131481
1 0.783854 0.518056 0.014583 0.075
1 0.036719 0.624074 0.028646 0.159259
1 0.089063 0.631019 0.032292 0.14537
10 0.079948 0.636574 0.009896 0.275
1 0.259375 0.551389 0.017708 0.086111
1 0.280469 0.556481 0.017188 0.087037
1 0.340885 0.523148 0.014063 0.066667
1 0.329427 0.521759 0.011979 0.058333
1 0.357552 0.515278 0.014063 0.063889
3 0.523438 0.546759 0.046875 0.065741
3 0.603385 0.569907 0.064062 0.106481
1 0.810677 0.485648 0.005729 0.034259
1 0.563802 0.469907 0.007812 0.028704
1 0.323958 0.515741 0.007292 0.066667
1 0.338021 0.511111 0.010417 0.062963
1 0.628906 0.474537 0.007812 0.034259
3 0.523177 0.473148 0.015104 0.022222
1 0.677344 0.481019 0.007812 0.039815
1 0.417969 0.488889 0.009896 0.040741
1 0.436979 0.496296 0.008333 0.040741
1 0.407031 0.491204 0.008854 0.043519
1 0.770052 0.487037 0.011979 0.040741
3 0.611719 0.544907 0.054688 0.082407
3 0.529167 0.508796 0.083333 0.050926
3 0.802604 0.507407 0.078125 0.053704
3 0.547917 0.461111 0.014583 0.014815
3 0.489063 0.464815 0.020833 0.038889
10 0.407552 0.507407 0.008854 0.02963
10 0.349219 0.516204 0.005729 0.084259
10 0.36224 0.514352 0.005729 0.080556
