1 0.415365 0.757407 0.050521 0.214815
1 0.461458 0.775463 0.051042 0.239815
1 0.675521 0.816667 0.065625 0.268519
1 0.561458 0.584722 0.022917 0.102778
1 0.582292 0.54537 0.017708 0.077778
1 0.94401 0.537963 0.010937 0.066667
3 0.878906 0.518981 0.063021 0.04537
3 0.894531 0.587037 0.131771 0.094444
3 0.754948 0.513889 0.048438 0.068519
3 0.821875 0.529167 0.052083 0.056481
3 0.67526 0.487037 0.026562 0.038889
3 0.601302 0.469907 0.019271 0.025
4 0.635417 0.660185 0.040625 0.094444
10 0.584115 0.565741 0.007812 0.137037
3 0.6625 0.539815 0.054167 0.083333
