1 0.188802 0.825463 0.057812 0.252778
1 0.239844 0.848611 0.054688 0.297222
1 0.503125 0.846759 0.06875 0.293519
1 0.439062 0.594444 0.028125 0.105556
1 0.464583 0.543519 0.017708 0.083333
1 0.834375 0.540278 0.015625 0.067593
3 0.965104 0.634722 0.114583 0.112037
3 0.767708 0.516667 0.061458 0.044444
3 0.792969 0.593981 0.115104 0.099074
3 0.660156 0.521759 0.053646 0.073148
3 0.711979 0.532407 0.053125 0.055556
3 0.57474 0.4875 0.027604 0.037963
4 0.508854 0.671296 0.044792 0.101852
10 0.460938 0.56713 0.007292 0.152778
3 0.538281 0.531944 0.050521 0.078704
3 0.517969 0.488426 0.029687 0.041667
