1 0.030729 0.924537 0.078125 0.343519
1 0.384115 0.857407 0.071354 0.298148
1 0.352865 0.596759 0.028646 0.117593
1 0.391927 0.537963 0.018229 0.087037
1 0.770833 0.520833 0.0125 0.065741
3 0.90599 0.627778 0.124479 0.124074
3 0.702865 0.50463 0.060937 0.042593
3 0.73776 0.591667 0.106771 0.105556
3 0.608333 0.516204 0.058333 0.078704
3 0.645312 0.521759 0.052083 0.056481
3 0.516406 0.48287 0.031771 0.037963
4 0.421354 0.680093 0.041667 0.108333
3 0.463281 0.519907 0.044271 0.080556
3 0.451562 0.468519 0.026042 0.033333
