11 0.861198 0.523148 0.038021 0.055556
1 0.923177 0.685648 0.046354 0.206481
10 0.861719 0.598148 0.007812 0.318519
1 0.929427 0.574074 0.022396 0.1
1 0.875781 0.558796 0.018229 0.102778
1 0.039062 0.605093 0.028125 0.137963
1 0.071354 0.611111 0.036458 0.135185
1 0.15 0.597685 0.023958 0.113889
1 0.125521 0.601852 0.01875 0.107407
1 0.203125 0.567593 0.019792 0.1
1 0.181771 0.59213 0.022917 0.123148
3 0.449219 0.612037 0.073438 0.103704
3 0.596354 0.732407 0.129167 0.257407
1 0.776302 0.52037 0.013021 0.05
1 0.696875 0.527315 0.0125 0.065741
1 0.760938 0.516204 0.010417 0.052778
1 0.454687 0.483333 0.007292 0.031481
1 0.148177 0.547685 0.014063 0.086111
1 0.315885 0.504167 0.008854 0.043519
1 0.13776 0.58287 0.020313 0.123148
1 0.585938 0.488889 0.009375 0.040741
3 0.464323 0.473148 0.015104 0.022222
1 0.334115 0.511574 0.009896 0.058333
1 0.344792 0.516667 0.010417 0.057407
1 0.303906 0.509259 0.009896 0.057407
1 0.325521 0.503704 0.010417 0.055556
1 0.75625 0.5125 0.011458 0.056481
1 0.61276 0.501389 0.009896 0.043519
1 0.620833 0.505093 0.011458 0.04537
1 0.653125 0.50787 0.011458 0.049074
1 0.695052 0.50787 0.011979 0.049074
1 0.688542 0.513889 0.0125 0.05
3 0.584375 0.609722 0.09375 0.10463
3 0.46875 0.514815 0.036458 0.046296
3 0.517188 0.473611 0.015625 0.017593
3 0.42526 0.472685 0.023438 0.047222
3 0.534896 0.481019 0.01875 0.023148
10 0.64974 0.555093 0.007812 0.141667
11 0.653385 0.450463 0.020313 0.076852
10 0.714323 0.523148 0.006771 0.174074
10 0.296094 0.5375 0.007812 0.043519
10 0.199479 0.563889 0.00625 0.112963
10 0.701562 0.540278 0.008333 0.041667
1 0.107031 0.594907 0.016146 0.09537
1 0.798958 0.512963 0.011458 0.057407
1 0.779427 0.514352 0.011979 0.052778
1 0.703646 0.502778 0.011458 0.048148
10 0.80651 0.528241 0.005729 0.058333
10 0.327865 0.507407 0.005729 0.07037
