11 0.815885 0.491204 0.023438 0.036111
1 0.809896 0.57963 0.026042 0.122222
10 0.816406 0.548148 0.005729 0.205556
1 0.883854 0.550463 0.021875 0.086111
1 0.855729 0.536574 0.017708 0.084259
1 0.221615 0.568981 0.020313 0.10463
1 0.245052 0.574537 0.020313 0.10463
1 0.320312 0.544444 0.016667 0.07963
1 0.305208 0.547222 0.013542 0.077778
1 0.342708 0.533796 0.015625 0.080556
1 0.326302 0.536574 0.014063 0.078704
3 0.532031 0.575926 0.057812 0.083333
3 0.634115 0.614352 0.080729 0.152778
1 0.830729 0.500926 0.011458 0.044444
1 0.71901 0.502778 0.009896 0.053704
1 0.82526 0.508333 0.009896 0.05
1 0.552604 0.480556 0.007292 0.024074
1 0.296354 0.531019 0.008333 0.080556
1 0.308333 0.531019 0.014583 0.076852
1 0.642708 0.483333 0.008333 0.037037
3 0.533073 0.475926 0.015104 0.022222
1 0.876563 0.498148 0.0125 0.051852
1 0.416406 0.498611 0.008854 0.047222
1 0.434635 0.503704 0.009896 0.05
1 0.40026 0.496759 0.010937 0.04537
1 0.842448 0.499537 0.011979 0.04537
1 0.728125 0.494907 0.009375 0.041667
3 0.638281 0.573148 0.069271 0.094444
3 0.652865 0.525 0.094271 0.057407
3 0.563281 0.466667 0.017188 0.022222
3 0.49401 0.468056 0.022396 0.04537
10 0.735677 0.498148 0.006771 0.174074
10 0.776823 0.49537 0.007812 0.066667
10 0.823177 0.510648 0.005729 0.05463
10 0.399479 0.520833 0.008333 0.034259
10 0.342708 0.531944 0.005208 0.093519
1 0.779427 0.498148 0.009896 0.048148
10 0.419792 0.494907 0.005208 0.058333
