11 0.855469 0.527315 0.041146 0.062037
1 0.959635 0.73287 0.059896 0.25463
10 0.854948 0.619444 0.008854 0.364815
1 0.910937 0.573611 0.028125 0.10463
1 0.845052 0.561574 0.020313 0.106481
1 0.046875 0.631019 0.027083 0.130556
1 0.017188 0.631944 0.027083 0.121296
1 0.125 0.5875 0.021875 0.115741
1 0.08151 0.625463 0.026562 0.147222
3 0.397396 0.611574 0.076042 0.100926
3 0.542969 0.753704 0.141146 0.281481
1 0.727604 0.52037 0.014583 0.05
1 0.670573 0.529167 0.015104 0.073148
1 0.725 0.515741 0.010417 0.053704
1 0.401823 0.489352 0.007812 0.028704
1 0.065625 0.580093 0.021875 0.115741
1 0.259115 0.516204 0.007812 0.050926
1 0.035156 0.616667 0.025521 0.142593
1 0.549479 0.488426 0.008333 0.039815
1 0.752344 0.511574 0.009896 0.065741
3 0.41875 0.471759 0.015625 0.021296
1 0.28724 0.518519 0.009896 0.059259
1 0.294271 0.524074 0.011458 0.061111
1 0.248958 0.517593 0.010417 0.059259
1 0.272396 0.512963 0.010417 0.055556
1 0.704688 0.509259 0.011458 0.057407
1 0.577083 0.502315 0.010417 0.04537
1 0.586458 0.505093 0.011458 0.049074
1 0.655469 0.508333 0.010937 0.05
1 0.646094 0.509259 0.010937 0.051852
3 0.533073 0.613889 0.093229 0.114815
3 0.427344 0.510648 0.032813 0.047222
3 0.480208 0.475 0.015625 0.02037
3 0.383333 0.475463 0.026042 0.047222
3 0.497396 0.485648 0.01875 0.023148
10 0.613021 0.561574 0.007292 0.15463
11 0.616406 0.447685 0.020313 0.076852
10 0.684115 0.539815 0.006771 0.174074
10 0.702344 0.519907 0.007812 0.193519
10 0.117969 0.580093 0.005729 0.132407
10 0.667448 0.541667 0.007812 0.044444
1 0.755208 0.513889 0.011458 0.061111
1 0.714063 0.509259 0.0125 0.057407
1 0.739323 0.514352 0.009896 0.05463
1 0.608854 0.506481 0.009375 0.042593
1 0.663021 0.506019 0.0125 0.047222
10 0.714323 0.5125 0.006771 0.076852
10 0.275 0.5125 0.005208 0.075
