11 0.85599 0.540741 0.053646 0.07963
10 0.860417 0.656944 0.010417 0.49537
1 0.861979 0.566204 0.025 0.113889
1 0.766667 0.562963 0.022917 0.111111
1 0.200781 0.539352 0.013021 0.065741
3 0.314323 0.594444 0.069271 0.094444
3 0.428125 0.758796 0.144792 0.284259
1 0.647135 0.519907 0.013021 0.058333
1 0.629427 0.533333 0.019271 0.083333
1 0.654427 0.518519 0.010937 0.055556
1 0.308854 0.49213 0.007292 0.030556
1 0.15599 0.536111 0.009896 0.057407
1 0.483333 0.490741 0.010417 0.044444
1 0.667448 0.517593 0.013021 0.064815
3 0.329427 0.477778 0.015104 0.022222
1 0.194792 0.535648 0.010417 0.063889
1 0.198177 0.543056 0.011979 0.060185
1 0.147917 0.536574 0.0125 0.067593
1 0.169792 0.530556 0.0125 0.062963
1 0.515104 0.50787 0.010417 0.05463
1 0.523438 0.509722 0.010417 0.05463
1 0.582292 0.508796 0.015625 0.052778
1 0.569792 0.509259 0.011458 0.057407
3 0.43776 0.609722 0.090104 0.113889
3 0.358594 0.507407 0.027604 0.038889
3 0.417708 0.480556 0.016667 0.022222
3 0.308333 0.483796 0.027083 0.05463
3 0.435156 0.493056 0.020313 0.030556
10 0.547396 0.583796 0.007292 0.184259
11 0.547656 0.444444 0.024479 0.090741
10 0.627344 0.55463 0.009896 0.211111
10 0.648958 0.525926 0.007292 0.224074
11 0.645052 0.452778 0.031771 0.057407
10 0.626563 0.526852 0.00625 0.101852
1 0.674479 0.515278 0.015625 0.065741
1 0.617448 0.50787 0.008854 0.056481
1 0.635417 0.505093 0.014583 0.060185
1 0.533594 0.507407 0.011979 0.046296
10 0.65625 0.514352 0.00625 0.075
10 0.641927 0.541204 0.005729 0.076852
10 0.177344 0.530556 0.006771 0.083333
