11 0.864323 0.503704 0.034896 0.05
1 0.886979 0.622685 0.036458 0.167593
10 0.863021 0.57037 0.00625 0.259259
1 0.936719 0.561574 0.024479 0.093519
1 0.90026 0.539815 0.019271 0.092593
1 0.138281 0.578704 0.024479 0.12037
1 0.166667 0.58287 0.025 0.119444
1 0.247656 0.561111 0.020313 0.1
1 0.232552 0.563426 0.017188 0.09537
1 0.286198 0.544444 0.019271 0.092593
1 0.274479 0.554167 0.019792 0.10463
3 0.505208 0.595833 0.06875 0.100926
3 0.636458 0.668056 0.110417 0.213889
1 0.81875 0.501852 0.0125 0.048148
1 0.724219 0.509259 0.013021 0.059259
1 0.80599 0.502315 0.010937 0.049074
1 0.511719 0.471759 0.006771 0.028704
1 0.232292 0.527315 0.013542 0.076852
1 0.373177 0.490278 0.008854 0.037963
1 0.234115 0.550926 0.020313 0.101852
1 0.627344 0.476852 0.008854 0.037037
3 0.511979 0.464815 0.015625 0.022222
1 0.386458 0.496296 0.010417 0.051852
1 0.401042 0.502315 0.010417 0.052778
1 0.36276 0.493981 0.009896 0.058333
1 0.811719 0.497685 0.011979 0.05463
1 0.816146 0.496296 0.010417 0.051852
1 0.651563 0.489352 0.011458 0.043519
1 0.660677 0.490741 0.009896 0.044444
1 0.703385 0.49537 0.011979 0.046296
1 0.740625 0.497685 0.009375 0.049074
1 0.73151 0.5 0.011979 0.05
3 0.630208 0.587037 0.082292 0.1
3 0.524479 0.508333 0.047917 0.055556
3 0.553906 0.461111 0.015104 0.016667
3 0.470573 0.463426 0.022396 0.047222
3 0.574479 0.469907 0.01875 0.023148
10 0.745052 0.506481 0.006771 0.174074
10 0.359375 0.52037 0.008333 0.038889
10 0.282552 0.540278 0.006771 0.102778
10 0.736458 0.523148 0.011458 0.042593
1 0.215104 0.560185 0.015625 0.07963
1 0.848958 0.499537 0.011458 0.05463
1 0.82526 0.500926 0.011979 0.048148
10 0.385677 0.49213 0.005729 0.060185
