11 0.863021 0.519907 0.0375 0.056481
1 0.916406 0.672685 0.043229 0.197222
10 0.86224 0.592593 0.007812 0.307407
1 0.932031 0.573611 0.023438 0.099074
1 0.882812 0.55787 0.017708 0.100926
1 0.059375 0.60463 0.028125 0.135185
1 0.09375 0.613426 0.033333 0.132407
1 0.175 0.59213 0.022917 0.110185
1 0.151562 0.598148 0.020833 0.103704
1 0.221875 0.566204 0.017708 0.099074
1 0.204427 0.592593 0.022396 0.12037
3 0.460938 0.615278 0.075 0.10463
3 0.605469 0.721759 0.129688 0.24537
1 0.785677 0.518981 0.013021 0.049074
1 0.703385 0.526389 0.013021 0.063889
1 0.770573 0.518981 0.010937 0.05463
1 0.466406 0.485185 0.006771 0.02963
1 0.166406 0.551389 0.014063 0.086111
1 0.328385 0.505093 0.008854 0.043519
1 0.157552 0.577315 0.024479 0.117593
1 0.594531 0.490741 0.008854 0.038889
3 0.47526 0.473148 0.015104 0.022222
1 0.345052 0.512037 0.009896 0.057407
1 0.356771 0.51713 0.010417 0.056481
1 0.316406 0.511111 0.009896 0.057407
1 0.338021 0.504167 0.010417 0.05463
1 0.76875 0.5125 0.011458 0.056481
1 0.775781 0.509722 0.010937 0.05463
1 0.621094 0.500926 0.009896 0.044444
1 0.629167 0.501389 0.010417 0.04537
1 0.664323 0.50787 0.010937 0.047222
1 0.705208 0.50787 0.011458 0.049074
1 0.697917 0.515278 0.013542 0.050926
3 0.595052 0.60787 0.092188 0.102778
3 0.477865 0.518981 0.035937 0.047222
3 0.523438 0.475 0.015625 0.016667
3 0.435156 0.474537 0.024479 0.047222
3 0.543229 0.481019 0.01875 0.023148
10 0.657813 0.552315 0.00625 0.139815
11 0.660677 0.450463 0.020313 0.076852
10 0.721615 0.519444 0.006771 0.174074
10 0.309635 0.540278 0.007812 0.043519
10 0.216927 0.562037 0.005729 0.116667
10 0.709896 0.537963 0.008333 0.042593
1 0.13125 0.588889 0.015625 0.092593
1 0.810156 0.5125 0.010937 0.056481
1 0.789844 0.514815 0.011979 0.051852
1 0.713802 0.503704 0.010937 0.048148
10 0.811719 0.531944 0.005729 0.058333
10 0.341146 0.50787 0.005208 0.071296
