11 0.852083 0.536574 0.044792 0.073148
1 1.011198 0.789352 0.071354 0.29537
10 0.85599 0.636574 0.009896 0.412037
1 0.892969 0.575463 0.027604 0.112037
1 0.815885 0.5625 0.022396 0.110185
1 0.052604 0.601389 0.023958 0.126852
1 0.253125 0.521759 0.0125 0.060185
3 0.359375 0.599537 0.073958 0.099074
3 0.494792 0.755556 0.15 0.274074
1 0.690104 0.518519 0.013542 0.051852
1 0.653906 0.534259 0.016146 0.074074
1 0.696354 0.516204 0.010417 0.052778
1 0.360156 0.486574 0.005729 0.030556
1 0.217188 0.515741 0.009375 0.053704
1 0.519271 0.487963 0.009375 0.042593
1 0.713802 0.513889 0.015104 0.064815
3 0.379688 0.471296 0.015625 0.022222
1 0.247917 0.521759 0.010417 0.058333
1 0.251563 0.530556 0.011458 0.062963
1 0.204948 0.521296 0.011979 0.062963
1 0.226823 0.515741 0.011979 0.059259
1 0.549479 0.504167 0.009375 0.050926
1 0.559115 0.507407 0.011979 0.048148
1 0.621615 0.505556 0.010937 0.053704
1 0.611979 0.510185 0.011458 0.055556
3 0.490365 0.612037 0.093229 0.114815
3 0.395833 0.505093 0.030208 0.041667
3 0.453646 0.474537 0.015625 0.021296
3 0.349479 0.477315 0.026042 0.05463
3 0.46901 0.487037 0.020313 0.025926
10 0.583594 0.569907 0.006771 0.167593
11 0.583594 0.445833 0.021354 0.080556
10 0.659635 0.549537 0.007812 0.184259
10 0.677604 0.525926 0.007292 0.207407
11 0.676042 0.455556 0.030208 0.057407
10 0.046354 0.595833 0.008333 0.136111
10 0.660677 0.523611 0.006771 0.09537
1 0.722917 0.516204 0.011458 0.065741
1 0.667448 0.507407 0.009896 0.057407
1 0.676042 0.50787 0.013542 0.058333
1 0.708333 0.514352 0.010417 0.060185
1 0.575 0.505093 0.009375 0.04537
1 0.629948 0.50787 0.011979 0.049074
10 0.690104 0.515278 0.00625 0.075
10 0.673698 0.54213 0.003646 0.063889
10 0.231771 0.518056 0.005208 0.076852
