1 0.135677 0.618519 0.019271 0.109259
3 0.415625 0.537037 0.0375 0.053704
3 0.61875 0.697222 0.211458 0.231481
1 0.580469 0.500926 0.011979 0.05
1 0.123177 0.620833 0.018229 0.10463
1 0.126302 0.626852 0.017188 0.096296
1 0.119531 0.636574 0.016146 0.100926
1 0.042969 0.630556 0.022396 0.103704
3 0.435937 0.487037 0.017708 0.022222
3 0.520052 0.497685 0.027604 0.036111
3 0.371354 0.500463 0.033333 0.062037
3 0.613281 0.553241 0.076563 0.069444
10 0.927083 0.936574 0.039583 0.397222
11 0.947135 0.459722 0.157812 0.569444
10 0.675781 0.521296 0.011979 0.214815
1 0.691667 0.57963 0.025 0.111111
1 0.722396 0.5625 0.021875 0.110185
1 0.693229 0.557407 0.022917 0.109259
1 0.8125 0.529167 0.019792 0.093519
1 0.714583 0.560648 0.036458 0.123148
1 0.03724 0.631019 0.026562 0.112037
1 0.666146 0.521759 0.013542 0.071296
1 0.673177 0.536574 0.016146 0.084259
1 0.727865 0.557407 0.020313 0.105556
1 0.629687 0.521296 0.01875 0.068519
1 0.617969 0.511111 0.011979 0.046296
1 0.654687 0.524074 0.015625 0.074074
1 0.64401 0.521759 0.011979 0.067593
