11 0.856771 0.525926 0.040625 0.059259
1 0.950781 0.722222 0.056771 0.244444
10 0.85625 0.614815 0.008333 0.355556
1 0.915104 0.573148 0.028125 0.103704
1 0.852344 0.561111 0.020313 0.105556
1 0.069531 0.622222 0.025521 0.124074
1 0.040365 0.624074 0.026562 0.118519
1 0.141406 0.582407 0.021354 0.111111
1 0.104688 0.615278 0.026042 0.143519
3 0.408333 0.611111 0.075 0.1
3 0.554688 0.750926 0.139583 0.283333
1 0.739323 0.518519 0.016146 0.051852
1 0.677604 0.527315 0.015625 0.071296
1 0.731771 0.515741 0.010417 0.053704
1 0.41276 0.486111 0.007812 0.02963
1 0.084115 0.572222 0.023438 0.105556
1 0.272135 0.511574 0.008854 0.043519
1 0.058333 0.606481 0.023958 0.131481
1 0.557813 0.488426 0.008333 0.039815
1 0.7625 0.510185 0.009375 0.062963
3 0.428646 0.471759 0.015625 0.021296
1 0.297135 0.515741 0.009896 0.059259
1 0.304948 0.522685 0.010937 0.060185
1 0.260417 0.516204 0.010417 0.058333
1 0.283854 0.510185 0.010417 0.055556
1 0.716406 0.506019 0.011979 0.058333
1 0.584635 0.502315 0.009896 0.04537
1 0.593229 0.503704 0.011458 0.048148
1 0.664583 0.508333 0.011458 0.048148
1 0.654687 0.509722 0.010417 0.050926
3 0.544531 0.613889 0.093229 0.114815
3 0.435937 0.510648 0.033333 0.047222
3 0.488021 0.472685 0.015625 0.021296
3 0.391667 0.474537 0.026042 0.047222
3 0.505208 0.484722 0.01875 0.023148
10 0.620833 0.559722 0.007292 0.150926
11 0.62474 0.447685 0.020313 0.076852
10 0.690885 0.536111 0.006771 0.174074
10 0.709115 0.518519 0.007812 0.190741
10 0.134635 0.578704 0.005729 0.122222
10 0.674479 0.538889 0.008333 0.044444
1 0.02526 0.619907 0.017188 0.10463
1 0.763802 0.511111 0.013021 0.059259
1 0.724219 0.510648 0.011979 0.056481
1 0.748177 0.514815 0.009896 0.053704
1 0.669792 0.504167 0.0125 0.047222
10 0.721615 0.511574 0.006771 0.076852
10 0.286458 0.511111 0.005208 0.074074
