11 0.746354 0.474537 0.020833 0.028704
1 0.739583 0.544907 0.017708 0.089815
10 0.746615 0.531481 0.005729 0.151852
1 0.800521 0.535185 0.01875 0.072222
1 0.844531 0.606944 0.028646 0.123148
1 0.895312 0.607407 0.034375 0.125926
1 0.778125 0.522222 0.014583 0.077778
1 0.060156 0.626852 0.025521 0.153704
1 0.10599 0.633333 0.032813 0.142593
10 0.095573 0.630093 0.009896 0.275
1 0.263021 0.55787 0.017708 0.086111
1 0.284635 0.559722 0.016146 0.087963
1 0.342187 0.527778 0.013542 0.062963
1 0.332813 0.529167 0.011458 0.062037
1 0.358333 0.523148 0.014583 0.064815
3 0.522396 0.547685 0.045833 0.063889
3 0.601562 0.569907 0.0625 0.102778
1 0.56224 0.479167 0.005729 0.023148
1 0.324219 0.522685 0.007812 0.067593
1 0.626823 0.481019 0.006771 0.034259
3 0.522135 0.476852 0.015104 0.022222
1 0.67474 0.489352 0.007812 0.039815
1 0.418229 0.497685 0.008333 0.041667
1 0.436979 0.503704 0.008333 0.040741
1 0.407812 0.499537 0.008333 0.04537
1 0.767708 0.493519 0.013542 0.040741
3 0.610417 0.554167 0.052083 0.080556
3 0.551302 0.515741 0.081771 0.051852
3 0.810677 0.516204 0.068229 0.047222
3 0.547135 0.468981 0.014063 0.013889
3 0.488281 0.472222 0.021354 0.040741
10 0.408073 0.514815 0.008854 0.02963
10 0.351042 0.521296 0.00625 0.07963
10 0.363802 0.521296 0.005729 0.081481
