1 0.796615 0.573611 0.029687 0.143519
1 0.082031 0.598611 0.018229 0.087963
3 0.302344 0.561111 0.045312 0.061111
3 0.332292 0.706481 0.152083 0.237037
1 0.75 0.60787 0.034375 0.156481
1 0.591927 0.544444 0.020313 0.083333
1 0.477865 0.500926 0.011979 0.044444
1 0.657292 0.513426 0.0125 0.069444
1 0.073438 0.598611 0.014583 0.087963
1 0.073177 0.612037 0.015104 0.088889
1 0.006771 0.607407 0.015625 0.092593
3 0.676302 0.575926 0.149479 0.114815
3 0.355208 0.497685 0.01875 0.025
3 0.416406 0.496759 0.021354 0.028704
3 0.279167 0.504167 0.032292 0.056481
3 0.458333 0.535648 0.040625 0.058333
10 0.55026 0.7625 0.023438 0.412037
11 0.549479 0.455556 0.0625 0.218519
10 0.742448 0.659722 0.025521 0.597222
10 0.75599 0.619444 0.013021 0.388889
1 0.59349 0.547222 0.019271 0.087037
1 0.223437 0.516667 0.008333 0.033333
1 0.607031 0.54213 0.022396 0.093519
1 0.621875 0.535648 0.017708 0.093519
1 -0.00026 0.609722 0.017188 0.09537
1 0.586719 0.514815 0.011979 0.066667
1 0.50599 0.522685 0.013021 0.062037
11 0.777604 0.450463 0.072917 0.123148
