11 0.864844 0.509259 0.036979 0.053704
1 0.896615 0.641667 0.041146 0.175926
10 0.863802 0.577778 0.006771 0.275926
1 0.941667 0.56713 0.019792 0.097222
1 0.895312 0.545833 0.019792 0.093519
1 0.114323 0.59213 0.026562 0.125
1 0.142187 0.59537 0.025 0.124074
1 0.224219 0.580093 0.021354 0.100926
1 0.205469 0.579167 0.018229 0.099074
1 0.264583 0.557407 0.019792 0.094444
1 0.253125 0.571296 0.020833 0.111111
3 0.490365 0.607407 0.071354 0.096296
3 0.627604 0.695833 0.114583 0.228704
1 0.809115 0.508333 0.013021 0.046296
1 0.717969 0.518056 0.014063 0.060185
1 0.79375 0.508796 0.011458 0.049074
1 0.496354 0.47963 0.00625 0.027778
1 0.21276 0.536574 0.014063 0.084259
1 0.359635 0.499537 0.008854 0.037963
1 0.208594 0.563889 0.021354 0.109259
1 0.616927 0.482407 0.008854 0.038889
3 0.50026 0.468981 0.015104 0.021296
1 0.373177 0.50463 0.009896 0.053704
1 0.386458 0.509259 0.010417 0.053704
1 0.346615 0.505093 0.009896 0.056481
1 0.797917 0.504167 0.0125 0.05463
1 0.804427 0.502778 0.010937 0.051852
1 0.641927 0.493981 0.011979 0.043519
1 0.649219 0.494444 0.009896 0.044444
1 0.691927 0.501389 0.010937 0.047222
1 0.73125 0.504167 0.009375 0.050926
1 0.720573 0.506019 0.011979 0.050926
3 0.620833 0.599537 0.086458 0.099074
3 0.50625 0.51713 0.041667 0.049074
3 0.544792 0.469444 0.014583 0.016667
3 0.459115 0.468519 0.022396 0.048148
3 0.565104 0.475463 0.01875 0.023148
10 0.738281 0.510185 0.006771 0.174074
10 0.343229 0.530556 0.008333 0.038889
10 0.261719 0.552315 0.006771 0.102778
10 0.726562 0.528704 0.008333 0.044444
1 0.189062 0.576389 0.015625 0.084259
1 0.834635 0.506019 0.013021 0.058333
1 0.81224 0.506019 0.009896 0.049074
10 0.827344 0.52037 0.004687 0.059259
10 0.370573 0.503241 0.005729 0.060185
