1 0.000781 0.69537 0.046354 0.188889
1 0.946094 0.615741 0.030729 0.172222
1 0.165104 0.549074 0.022917 0.098148
1 0.154688 0.487037 0.011458 0.048148
1 0.64974 0.523611 0.017188 0.082407
1 0.426823 0.468981 0.009896 0.050926
3 0.814063 0.660185 0.167708 0.168519
3 0.556771 0.494444 0.060417 0.05
3 0.748437 0.727778 0.220833 0.235185
3 0.538802 0.54213 0.092188 0.110185
3 0.391927 0.492593 0.046354 0.053704
4 0.076042 0.830556 0.063542 0.17963
11 0.165885 0.455093 0.034896 0.023148
10 0.933073 0.613426 0.011979 0.193519
3 0.245833 0.498611 0.042708 0.071296
3 0.272135 0.466667 0.027604 0.038889
3 0.48776 0.514352 0.059896 0.063889
3 0.266146 0.455556 0.017708 0.027778
