11 0.881771 0.559259 0.066667 0.098148
10 0.885677 0.708333 0.010937 0.581481
1 0.852344 0.57037 0.025521 0.116667
1 0.733594 0.560185 0.026562 0.107407
1 0.165365 0.538426 0.015104 0.063889
3 0.28776 0.583333 0.067187 0.087037
3 0.378385 0.749074 0.135937 0.264815
1 0.621354 0.538889 0.019792 0.088889
1 0.622656 0.522222 0.011979 0.059259
1 0.274479 0.490278 0.00625 0.032407
1 0.114844 0.536574 0.008854 0.062037
1 0.46276 0.490278 0.009896 0.043519
3 0.296615 0.473148 0.015104 0.022222
1 0.158333 0.538426 0.010417 0.065741
1 0.161979 0.548148 0.0125 0.062963
1 0.107292 0.543056 0.0125 0.067593
1 0.127865 0.533333 0.014063 0.066667
1 0.495573 0.508333 0.010937 0.053704
1 0.554427 0.508333 0.011979 0.057407
1 0.545312 0.510648 0.011458 0.058333
3 0.404948 0.600463 0.086979 0.117593
3 0.335677 0.499074 0.026562 0.037037
3 0.397396 0.479167 0.016667 0.021296
3 0.284115 0.482407 0.028646 0.053704
3 0.414844 0.492593 0.023438 0.035185
10 0.523698 0.596296 0.008854 0.203704
11 0.524219 0.447222 0.026562 0.098148
10 0.609896 0.5625 0.011458 0.232407
10 0.632031 0.530093 0.006771 0.236111
1 0.643229 0.519444 0.015625 0.068519
1 0.590104 0.506019 0.013542 0.058333
1 0.601042 0.503241 0.015625 0.060185
1 0.50599 0.506944 0.010937 0.056481
10 0.640885 0.5125 0.006771 0.076852
10 0.5875 0.552315 0.009375 0.063889
10 0.62474 0.543981 0.004687 0.078704
