1 0.65651 0.71713 0.044271 0.180556
1 0.702604 0.727315 0.042708 0.202778
1 0.896094 0.806481 0.072396 0.259259
1 0.730729 0.578241 0.023958 0.097222
1 0.745833 0.546759 0.016667 0.076852
3 1.03099 0.575926 0.100521 0.07963
3 0.903125 0.510185 0.045833 0.064815
3 0.984635 0.531019 0.048438 0.056481
3 0.821094 0.486111 0.025521 0.038889
3 0.753125 0.475 0.021875 0.025926
10 0.073177 0.977315 0.085938 0.189815
4 0.810417 0.646296 0.039583 0.094444
3 0.843229 0.551852 0.063542 0.094444
3 0.792188 0.489815 0.032292 0.046296
