1 0.034375 0.733333 0.025 0.166667
3 0.504427 0.5375 0.028646 0.039815
1 0.670573 0.538889 0.009896 0.05
1 0.011979 0.739352 0.01875 0.156481
1 0.009375 0.754167 0.017708 0.15463
1 0.723958 0.530093 0.011458 0.056481
1 0.826823 0.573148 0.019271 0.090741
1 0.802083 0.575463 0.016667 0.087963
1 0.792708 0.577778 0.015625 0.087037
1 0.714844 0.531019 0.010937 0.052778
10 0.904427 0.603241 0.026562 0.067593
3 0.613542 0.565741 0.045833 0.062963
3 0.41875 0.533796 0.0375 0.073148
3 0.800521 0.653704 0.142708 0.122222
10 0.684115 0.67037 0.008854 0.257407
11 0.682552 0.481944 0.033854 0.130556
10 0.913542 0.667593 0.019792 0.362963
10 0.7 0.8 0.033333 0.125926
10 0.899479 0.699074 0.011458 0.140741
1 0.779427 0.766204 0.042188 0.202778
1 0.842448 0.731481 0.038021 0.198148
1 0.711198 0.689352 0.036979 0.187963
1 0.817448 0.581019 0.017188 0.093519
1 0.729427 0.699074 0.032813 0.201852
1 0.748958 0.583333 0.01875 0.083333
1 0.770573 0.581944 0.022396 0.082407
1 0.88099 0.630556 0.026562 0.127778
1 0.845833 0.709259 0.028125 0.190741
1 0.908333 0.622222 0.028125 0.116667
1 0.88724 0.610648 0.023438 0.115741
1 0.727865 0.580556 0.025521 0.096296
