1 0.136458 0.560185 0.027083 0.105556
1 0.134635 0.493981 0.013021 0.060185
1 0.698177 0.544907 0.020313 0.102778
1 0.18125 0.466667 0.009375 0.040741
1 0.427083 0.468056 0.011458 0.034259
3 0.922917 0.746296 0.220833 0.231481
3 0.570833 0.50463 0.071875 0.05
3 0.619271 0.592593 0.128125 0.155556
3 0.428385 0.507407 0.061979 0.064815
11 0.127083 0.460185 0.0375 0.02963
10 0.132031 0.534722 0.006771 0.125
3 0.23099 0.488426 0.040104 0.067593
3 0.267969 0.464815 0.027604 0.038889
3 0.497656 0.530093 0.065104 0.073148
