1 0.907031 0.575463 0.035937 0.134259
1 0.714063 0.573611 0.026042 0.126852
1 0.081771 0.574537 0.015625 0.075
3 0.24974 0.582407 0.057812 0.075926
3 0.278906 0.725926 0.133854 0.244444
1 0.634375 0.569907 0.026042 0.110185
1 0.563802 0.537963 0.013021 0.07037
1 0.433333 0.503241 0.008333 0.047222
1 0.074219 0.577315 0.013021 0.078704
1 0.074479 0.589352 0.013542 0.075
1 0.009115 0.581019 0.015104 0.086111
1 0.016667 0.575 0.014583 0.081481
1 0.517448 0.52037 0.013021 0.059259
1 0.507292 0.524074 0.011458 0.061111
3 0.42474 0.602315 0.115104 0.121296
3 0.309896 0.506481 0.022917 0.031481
3 0.369531 0.49537 0.019271 0.022222
3 0.24401 0.503704 0.030729 0.055556
3 0.395833 0.525926 0.030208 0.044444
10 0.483854 0.659259 0.013542 0.277778
11 0.483594 0.460185 0.041146 0.140741
10 0.603646 0.593519 0.020833 0.385185
10 0.633333 0.556944 0.010417 0.325
1 0.563021 0.541667 0.015625 0.068519
1 0.578125 0.534722 0.014583 0.078704
1 0.591146 0.534722 0.014583 0.080556
1 0.534896 0.520833 0.014583 0.063889
1 0.552083 0.518981 0.0125 0.062037
1 0.490365 0.525 0.011979 0.066667
1 0.461979 0.521759 0.011458 0.056481
10 0.571875 0.587037 0.0125 0.072222
10 0.597656 0.549537 0.005729 0.136111
