1 0.143229 0.639352 0.01875 0.117593
3 0.451823 0.541667 0.035937 0.051852
3 0.798438 0.709259 0.245833 0.25
1 0.614583 0.514352 0.0125 0.052778
1 0.128385 0.641204 0.019271 0.110185
1 0.134115 0.652778 0.017188 0.109259
1 0.124479 0.658796 0.016667 0.106481
1 0.043229 0.653241 0.025 0.112037
3 0.45599 0.495833 0.019271 0.023148
3 0.554427 0.514815 0.029687 0.038889
3 0.400521 0.511574 0.035417 0.063889
3 0.679688 0.577778 0.09375 0.081481
10 0.732552 0.526852 0.011979 0.218519
1 0.725 0.609722 0.028125 0.121296
1 0.775 0.593519 0.026042 0.12037
1 0.714063 0.585185 0.015625 0.116667
1 0.874219 0.55463 0.018229 0.101852
1 0.736979 0.58287 0.022917 0.113889
1 0.033333 0.653704 0.025 0.12037
1 0.705208 0.541204 0.015625 0.078704
1 0.720833 0.534259 0.013542 0.066667
1 0.727344 0.556944 0.014063 0.086111
1 0.769271 0.584259 0.020833 0.107407
1 0.758854 0.559259 0.014583 0.094444
1 0.665104 0.535185 0.01875 0.057407
1 0.690625 0.538889 0.013542 0.068519
1 0.682292 0.534722 0.0125 0.060185
