11 0.869271 0.548611 0.060417 0.087963
10 0.871354 0.678704 0.010417 0.538889
1 0.851302 0.56713 0.025521 0.115741
1 0.746875 0.55787 0.021875 0.113889
1 0.178125 0.537963 0.014583 0.064815
3 0.297135 0.590741 0.068229 0.092593
3 0.398958 0.751389 0.14375 0.269444
1 0.623698 0.538426 0.018229 0.084259
1 0.635417 0.520833 0.011458 0.058333
1 0.286979 0.493056 0.00625 0.032407
1 0.127604 0.537037 0.009375 0.059259
1 0.469531 0.489352 0.009896 0.043519
3 0.308594 0.475926 0.015104 0.022222
1 0.172396 0.538426 0.009375 0.065741
1 0.17474 0.547222 0.011979 0.061111
1 0.122917 0.539352 0.0125 0.067593
1 0.14401 0.534259 0.013021 0.062963
1 0.502344 0.508333 0.010937 0.053704
1 0.564844 0.507407 0.011979 0.055556
1 0.554167 0.510185 0.011458 0.057407
3 0.416406 0.606019 0.090104 0.115741
3 0.344792 0.502315 0.027083 0.037963
3 0.404427 0.478704 0.016146 0.02037
3 0.291927 0.482407 0.028646 0.053704
3 0.421354 0.491204 0.020833 0.032407
10 0.533073 0.591667 0.007812 0.196296
11 0.530729 0.444444 0.026042 0.094444
10 0.615104 0.558333 0.010417 0.224074
10 0.636719 0.527778 0.006771 0.231481
10 0.615365 0.523611 0.005729 0.108333
1 0.652344 0.514815 0.015104 0.068519
1 0.601042 0.50463 0.008333 0.057407
1 0.614844 0.504167 0.015104 0.060185
1 0.510677 0.506019 0.008854 0.056481
10 0.645573 0.511111 0.005729 0.077778
10 0.59375 0.547685 0.009375 0.063889
10 0.630469 0.543056 0.004687 0.078704
10 0.152865 0.535185 0.006771 0.083333
