1 0.769792 0.577315 0.025 0.149074
1 0.074219 0.589815 0.018229 0.088889
3 0.283333 0.564352 0.046875 0.067593
3 0.304427 0.70463 0.145313 0.237037
1 0.714063 0.59537 0.032292 0.133333
1 0.580469 0.543056 0.018229 0.082407
1 0.460677 0.501852 0.009896 0.046296
1 0.635938 0.52037 0.014583 0.075926
1 0.064844 0.591204 0.014063 0.086111
1 0.064323 0.603704 0.015104 0.085185
1 -0.00026 0.597222 0.013021 0.088889
3 0.603385 0.58287 0.141146 0.113889
3 0.339844 0.496759 0.020313 0.026852
3 0.398698 0.49537 0.021354 0.027778
3 0.264583 0.499074 0.033333 0.055556
3 0.436198 0.53287 0.039062 0.05463
10 0.523177 0.731019 0.020313 0.378704
11 0.522656 0.455556 0.051562 0.192593
10 0.694271 0.643056 0.025 0.543519
10 0.715365 0.621759 0.010937 0.343519
1 0.578125 0.544444 0.017708 0.083333
1 0.210417 0.512963 0.008333 0.033333
1 0.592969 0.538426 0.016146 0.091667
1 0.607031 0.531944 0.018229 0.082407
1 0.554948 0.521296 0.016146 0.066667
1 0.571354 0.514815 0.0125 0.066667
1 0.488281 0.521759 0.013021 0.062037
