3 0.497917 0.526389 0.027083 0.037963
1 0.667188 0.525 0.013542 0.059259
1 0.716667 0.521759 0.009375 0.056481
1 0.828646 0.566204 0.020833 0.102778
1 0.803125 0.5625 0.016667 0.086111
1 0.782292 0.571759 0.0125 0.089815
1 0.794792 0.573611 0.020833 0.097222
1 0.70625 0.523611 0.010417 0.056481
10 0.90599 0.599074 0.028646 0.074074
3 0.61224 0.566667 0.052604 0.068519
3 0.402083 0.528241 0.041667 0.073148
3 0.807812 0.65463 0.158333 0.135185
10 0.682031 0.691204 0.010937 0.297222
11 0.683594 0.476852 0.040104 0.148148
10 0.950781 0.699074 0.019271 0.383333
10 0.704948 0.843056 0.034896 0.14537
10 0.922917 0.706019 0.015625 0.156481
1 0.776563 0.805556 0.045833 0.251852
1 0.810677 0.757407 0.044271 0.22963
1 0.676562 0.694907 0.0375 0.197222
1 0.81901 0.572685 0.017188 0.093519
1 0.703125 0.706481 0.028125 0.211111
1 0.73724 0.580093 0.019271 0.091667
1 0.763021 0.571296 0.022917 0.087037
1 0.91875 0.631481 0.038542 0.140741
1 0.825 0.738426 0.032292 0.213889
1 0.938542 0.622222 0.028125 0.131481
1 0.9125 0.612037 0.030208 0.138889
1 0.723177 0.573148 0.025521 0.098148
