1 0.163802 0.830556 0.061979 0.261111
1 0.216406 0.855093 0.061979 0.302778
1 0.490625 0.840278 0.070833 0.282407
1 0.429427 0.59537 0.027604 0.105556
1 0.45625 0.542593 0.017708 0.085185
1 0.82526 0.533796 0.015104 0.069444
3 0.95625 0.627315 0.114583 0.112037
3 0.759896 0.515278 0.061458 0.043519
3 0.786198 0.593056 0.114062 0.100926
3 0.653385 0.519907 0.053646 0.073148
3 0.703906 0.530556 0.051562 0.055556
3 0.567708 0.4875 0.028125 0.037963
4 0.498958 0.672222 0.044792 0.103704
10 0.451562 0.56713 0.007292 0.152778
3 0.528385 0.529167 0.050521 0.076852
3 0.509115 0.483796 0.029687 0.041667
