1 1.000521 0.67037 0.03125 0.192593
1 0.13776 0.551852 0.025521 0.107407
1 0.132812 0.485648 0.015625 0.060185
1 0.683073 0.543519 0.016146 0.098148
1 0.178646 0.462037 0.009375 0.040741
1 0.423958 0.468981 0.011458 0.041667
3 0.895833 0.732407 0.220833 0.216667
3 0.5625 0.5 0.070833 0.048148
3 1.06276 0.991204 0.319271 0.341667
3 0.597656 0.58287 0.118229 0.143519
3 0.418229 0.505093 0.059375 0.062037
11 0.132552 0.452315 0.036979 0.026852
10 0.136458 0.526389 0.00625 0.125
3 0.230469 0.484259 0.040104 0.068519
3 0.265365 0.460185 0.027604 0.038889
3 0.491667 0.526852 0.064583 0.074074
