11 0.926042 0.577778 0.080208 0.114815
10 0.928646 0.75463 0.011458 0.603704
1 0.85026 0.570833 0.031771 0.119444
1 0.718229 0.562037 0.026042 0.112963
1 0.136198 0.550463 0.014063 0.067593
3 0.270313 0.586111 0.063542 0.085185
3 0.339844 0.739352 0.131771 0.260185
1 0.61901 0.549074 0.020313 0.096296
1 0.59974 0.525926 0.011979 0.062963
1 0.247917 0.500463 0.009375 0.034259
1 0.079427 0.55 0.010937 0.061111
1 0.447656 0.494444 0.009896 0.044444
1 0.129688 0.551852 0.010417 0.07037
1 0.132292 0.558796 0.0125 0.065741
1 0.075521 0.556944 0.0125 0.067593
1 0.09401 0.546296 0.014063 0.072222
1 0.484375 0.514352 0.013542 0.056481
1 0.53724 0.511574 0.011979 0.056481
1 0.526823 0.512963 0.010937 0.059259
3 0.388281 0.600463 0.085938 0.115741
3 0.321875 0.502315 0.026042 0.034259
3 0.383333 0.48287 0.017708 0.023148
3 0.264583 0.489352 0.029167 0.050926
3 0.400521 0.502778 0.025 0.037037
10 0.504167 0.608333 0.010417 0.22037
11 0.504948 0.451389 0.030729 0.110185
10 0.601302 0.573148 0.013021 0.259259
10 0.623698 0.535185 0.007812 0.259259
1 0.601042 0.527315 0.013542 0.060185
1 0.614844 0.518519 0.013021 0.068519
1 0.567708 0.510185 0.015625 0.064815
1 0.580469 0.507407 0.015104 0.057407
1 0.496094 0.512037 0.011979 0.059259
10 0.575 0.560648 0.009375 0.063889
10 0.614844 0.551389 0.004687 0.086111
10 0.596875 0.543981 0.00625 0.108333
