1 0.23125 0.813889 0.063542 0.237037
1 0.278646 0.836574 0.057292 0.287963
1 0.53099 0.847685 0.069271 0.293519
1 0.458594 0.593519 0.028646 0.107407
1 0.483333 0.544907 0.017708 0.084259
1 0.850521 0.541204 0.015625 0.067593
3 0.98099 0.641667 0.115104 0.116667
3 0.784115 0.520833 0.061979 0.043519
3 0.807812 0.594907 0.117708 0.097222
3 0.675521 0.525 0.053125 0.074074
3 0.727865 0.534722 0.051562 0.056481
3 0.589583 0.488426 0.027083 0.037963
4 0.528385 0.668981 0.045312 0.100926
10 0.480469 0.569444 0.007812 0.15
3 0.557813 0.535185 0.05 0.083333
3 0.535417 0.495833 0.030208 0.04537
