1 0.138802 0.566667 0.028646 0.107407
1 0.13776 0.501852 0.010937 0.051852
1 0.711979 0.547222 0.020833 0.103704
1 0.186719 0.471296 0.009896 0.040741
1 0.433854 0.468519 0.011458 0.037037
3 0.946615 0.756481 0.219271 0.248148
3 0.579948 0.501852 0.073438 0.053704
3 0.641146 0.597222 0.1375 0.161111
3 0.439844 0.510648 0.063021 0.063889
11 0.127344 0.465741 0.039062 0.033333
10 0.13125 0.542593 0.00625 0.131481
3 0.235677 0.488426 0.039062 0.067593
3 0.274219 0.468981 0.027604 0.037963
3 0.50599 0.531019 0.068229 0.073148
