3 0.459115 0.506019 0.026562 0.034259
1 0.67474 0.518056 0.010937 0.056481
1 0.790885 0.569907 0.023438 0.110185
1 0.764844 0.565278 0.021354 0.093519
1 0.745573 0.573611 0.013021 0.100926
1 0.757031 0.572685 0.023438 0.100926
1 0.661979 0.521296 0.013542 0.062963
10 0.876823 0.609259 0.041146 0.085185
3 0.577344 0.57037 0.061979 0.077778
3 0.351302 0.513889 0.042188 0.074074
3 0.771875 0.670833 0.16875 0.147222
10 0.638542 0.712963 0.013542 0.335185
11 0.638281 0.466667 0.048438 0.164815
10 0.946875 0.710185 0.022917 0.514815
10 0.903646 0.73287 0.015625 0.176852
1 0.725521 0.859259 0.054167 0.287037
1 0.726823 0.807407 0.057812 0.262963
1 0.602344 0.718981 0.032813 0.228704
1 0.779948 0.572685 0.017188 0.093519
1 0.627604 0.734259 0.030208 0.246296
1 0.688542 0.580556 0.022917 0.107407
1 0.720052 0.575463 0.026562 0.102778
1 0.916667 0.649074 0.04375 0.157407
1 0.745052 0.774074 0.040104 0.246296
1 0.939844 0.635648 0.033854 0.14537
1 0.910156 0.624074 0.030729 0.15
1 0.682552 0.567593 0.025521 0.098148
