1 0.095833 0.686111 0.021875 0.144444
3 0.497917 0.524537 0.03125 0.04537
1 0.663021 0.517593 0.010417 0.05
1 0.077604 0.688889 0.019792 0.135185
1 0.078646 0.705093 0.017708 0.136111
1 0.066667 0.712037 0.01875 0.133333
1 0.717708 0.500463 0.0125 0.050926
1 0.803646 0.544907 0.016667 0.093519
1 0.78151 0.535185 0.018229 0.077778
1 0.704948 0.501852 0.014063 0.051852
10 0.872917 0.56713 0.028125 0.063889
3 0.452865 0.491667 0.018229 0.02037
3 0.603906 0.52963 0.038021 0.05
3 0.423958 0.511574 0.0375 0.067593
3 0.776563 0.603704 0.120833 0.105556
10 0.665625 0.590278 0.009375 0.176852
11 0.663542 0.452315 0.033333 0.108333
10 0.85651 0.621296 0.014063 0.261111
1 0.770573 0.675926 0.031771 0.172222
1 0.846875 0.65463 0.046875 0.161111
1 0.71901 0.634722 0.031771 0.162037
1 0.796094 0.537963 0.017188 0.081481
1 0.996875 0.570833 0.023958 0.126852
1 0.751042 0.639352 0.05625 0.173148
1 0.746094 0.542593 0.017188 0.07037
1 0.766146 0.543056 0.022917 0.075
1 0.832812 0.566204 0.021875 0.086111
1 0.838281 0.636574 0.029687 0.158333
1 0.855729 0.567593 0.020833 0.087037
1 0.717969 0.539815 0.023438 0.081481
1 0.735417 0.541204 0.013542 0.067593
