1 0.084896 0.694444 0.022917 0.148148
3 0.500781 0.522222 0.030729 0.038889
1 0.666146 0.519907 0.009375 0.050926
1 0.066667 0.696759 0.019792 0.139815
1 0.067448 0.710185 0.017188 0.138889
1 0.053906 0.718981 0.020313 0.139815
1 0.720052 0.50787 0.011979 0.050926
1 0.809375 0.544444 0.017708 0.092593
1 0.78776 0.544907 0.019271 0.082407
1 0.709896 0.507407 0.011458 0.051852
10 0.880469 0.573611 0.027604 0.065741
3 0.449479 0.492593 0.01875 0.02037
3 0.60651 0.534722 0.039062 0.050926
3 0.423958 0.512963 0.038542 0.066667
3 0.78099 0.612037 0.124479 0.109259
10 0.669792 0.602315 0.009375 0.186111
11 0.667708 0.458796 0.034375 0.112037
10 0.867969 0.630556 0.015104 0.281481
10 0.863021 0.641667 0.0125 0.131481
1 0.771875 0.690741 0.0375 0.177778
1 0.845573 0.665278 0.046354 0.173148
1 0.718229 0.643519 0.035417 0.166667
1 0.801302 0.547685 0.018229 0.082407
1 1.007292 0.576389 0.023958 0.126852
1 0.749479 0.645833 0.041667 0.180556
1 0.747135 0.549074 0.018229 0.072222
1 0.76901 0.546296 0.019271 0.072222
1 0.841927 0.574074 0.025521 0.085185
1 0.838802 0.65 0.027604 0.162963
1 0.866406 0.577778 0.022396 0.096296
1 0.720052 0.551852 0.023438 0.085185
1 0.738802 0.549074 0.014063 0.07037
