1 0.120573 0.646759 0.020313 0.134259
3 0.491406 0.509722 0.031771 0.043519
1 0.65599 0.492593 0.009896 0.051852
1 0.104427 0.648611 0.020313 0.128704
1 0.107031 0.664352 0.017188 0.126852
1 0.096875 0.669444 0.01875 0.125926
1 0.002865 0.665278 0.026562 0.130556
1 0.710156 0.484722 0.013021 0.052778
1 0.788802 0.51713 0.015104 0.086111
1 0.822917 0.525 0.015625 0.07963
1 0.767708 0.514815 0.017708 0.074074
1 0.696615 0.493519 0.011979 0.051852
10 0.853646 0.541204 0.028125 0.063889
3 0.461719 0.474074 0.018229 0.02037
3 0.595313 0.504167 0.033333 0.047222
3 0.42526 0.493056 0.038021 0.065741
3 0.756771 0.576852 0.114583 0.1
10 0.651302 0.572685 0.009896 0.173148
11 0.650781 0.433333 0.029687 0.103704
10 0.823698 0.577778 0.014063 0.261111
1 0.763542 0.630556 0.036458 0.157407
1 0.836979 0.611111 0.022917 0.153704
1 0.728906 0.601852 0.048438 0.148148
1 0.781771 0.523148 0.013542 0.085185
1 0.966406 0.547685 0.021354 0.119444
1 0.754948 0.598148 0.040104 0.157407
1 0.742188 0.519907 0.014583 0.063889
1 0.760677 0.515741 0.017188 0.064815
1 0.805208 0.544907 0.019792 0.086111
1 0.835156 0.592593 0.039062 0.148148
1 0.833854 0.544444 0.017708 0.081481
1 0.710417 0.519907 0.022917 0.071296
1 0.726302 0.526852 0.013021 0.061111
