11 0.863542 0.519444 0.0375 0.055556
1 0.915104 0.67037 0.042708 0.196296
10 0.8625 0.591204 0.007292 0.30463
1 0.932552 0.573611 0.023438 0.099074
1 0.884375 0.55787 0.017708 0.100926
1 0.064062 0.603704 0.028125 0.135185
1 0.097135 0.612037 0.032813 0.131481
1 0.178906 0.59213 0.022396 0.112037
1 0.155729 0.597222 0.020833 0.103704
1 0.225 0.566204 0.017708 0.099074
1 0.208594 0.591204 0.022396 0.119444
3 0.463542 0.616204 0.075 0.10463
3 0.607552 0.719907 0.129688 0.243519
1 0.78776 0.518981 0.013021 0.049074
1 0.704167 0.526389 0.0125 0.063889
1 0.772917 0.516667 0.010417 0.053704
1 0.46875 0.485185 0.00625 0.02963
1 0.170573 0.550463 0.014063 0.086111
1 0.33099 0.505093 0.008854 0.043519
1 0.161719 0.578241 0.024479 0.117593
1 0.596354 0.490278 0.009375 0.039815
3 0.477865 0.474074 0.015104 0.022222
1 0.347656 0.5125 0.009896 0.056481
1 0.359375 0.51713 0.010417 0.056481
1 0.31849 0.511111 0.009896 0.057407
1 0.340365 0.504167 0.009896 0.05463
1 0.771094 0.5125 0.011979 0.056481
1 0.777865 0.508796 0.010937 0.05463
1 0.622917 0.500926 0.010417 0.044444
1 0.630729 0.501389 0.010417 0.04537
1 0.666667 0.506019 0.011458 0.047222
1 0.707292 0.50787 0.011458 0.049074
1 0.69974 0.515278 0.013021 0.050926
3 0.597396 0.60787 0.091667 0.102778
3 0.479687 0.519907 0.036458 0.047222
3 0.526823 0.475463 0.016146 0.017593
3 0.436979 0.475 0.023958 0.048148
3 0.545312 0.481019 0.01875 0.023148
10 0.659375 0.551852 0.00625 0.138889
11 0.66224 0.450463 0.020313 0.076852
10 0.723177 0.518519 0.006771 0.174074
10 0.31224 0.539352 0.007812 0.043519
10 0.220052 0.564352 0.006771 0.106481
10 0.710417 0.538426 0.008333 0.041667
1 0.135677 0.5875 0.016146 0.091667
1 0.81276 0.5125 0.010937 0.056481
1 0.791927 0.514815 0.011979 0.051852
1 0.715885 0.50463 0.010937 0.048148
10 0.81276 0.53287 0.005729 0.058333
10 0.342708 0.50787 0.005208 0.071296
