1 0.28724 0.861111 0.081771 0.312963
1 0.290104 0.601389 0.032292 0.125
1 0.339583 0.5375 0.020833 0.082407
1 0.73151 0.521296 0.011979 0.072222
3 0.865625 0.626852 0.126042 0.124074
3 0.660677 0.499537 0.060937 0.041667
3 0.703385 0.600926 0.102604 0.116667
3 0.577865 0.516667 0.065104 0.081481
3 0.602604 0.518981 0.052083 0.056481
3 0.478385 0.478704 0.033854 0.038889
4 0.358594 0.687037 0.040104 0.114815
11 0.357031 0.44213 0.049479 0.125
3 0.407031 0.512037 0.048438 0.07963
3 0.405208 0.46713 0.028125 0.034259
3 0.385677 0.456944 0.021354 0.026852
