1 0.035677 0.663889 0.054688 0.175926
1 0.934635 0.620833 0.039062 0.160185
1 0.177083 0.543981 0.021875 0.097222
1 0.646875 0.522222 0.016667 0.083333
3 0.798177 0.654167 0.156771 0.160185
3 0.557813 0.496296 0.060417 0.05
3 0.70026 0.691204 0.179688 0.197222
3 0.527083 0.537963 0.086458 0.107407
3 0.389323 0.486111 0.044271 0.05
4 0.116146 0.795833 0.059375 0.165741
10 0.913021 0.612963 0.0125 0.187037
3 0.254688 0.495833 0.04375 0.075
3 0.277083 0.460648 0.027083 0.037963
3 0.488542 0.513426 0.05625 0.060185
3 0.271875 0.450463 0.021875 0.026852
