1 0.082031 0.695833 0.022396 0.149074
3 0.501302 0.525463 0.030729 0.041667
1 0.667708 0.518981 0.010417 0.049074
1 0.064062 0.698148 0.019792 0.140741
1 0.064323 0.7125 0.017188 0.139815
1 0.050781 0.721296 0.020313 0.140741
1 0.720573 0.509722 0.011979 0.050926
1 0.810156 0.54537 0.017188 0.092593
1 0.788802 0.545833 0.020313 0.082407
1 0.709375 0.509722 0.014583 0.052778
10 0.882292 0.575463 0.027083 0.065741
3 0.448958 0.493056 0.01875 0.021296
3 0.607031 0.535185 0.039062 0.051852
3 0.423958 0.513889 0.038542 0.066667
3 0.782031 0.614352 0.125521 0.110185
10 0.670833 0.606481 0.009375 0.190741
11 0.66875 0.460185 0.034375 0.112963
10 0.870833 0.629167 0.015625 0.291667
10 0.864323 0.64537 0.011979 0.131481
1 0.772656 0.694907 0.038021 0.178704
1 0.845052 0.668519 0.046354 0.172222
1 0.720313 0.647222 0.036458 0.17037
1 0.803385 0.55 0.018229 0.083333
1 0.75026 0.649074 0.042188 0.183333
1 0.747135 0.550926 0.018229 0.074074
1 0.769531 0.548611 0.020313 0.073148
1 0.84401 0.575926 0.026562 0.085185
1 0.838802 0.653241 0.026562 0.163889
1 0.86875 0.582407 0.022917 0.101852
1 0.720833 0.555093 0.022917 0.086111
1 0.739583 0.550926 0.014583 0.07037
