1 0.129427 0.64537 0.019271 0.131481
3 0.486198 0.519444 0.030729 0.046296
1 0.649479 0.503241 0.0125 0.052778
1 0.114323 0.649537 0.020313 0.128704
1 0.117969 0.6625 0.017188 0.126852
1 0.107292 0.667593 0.016667 0.12037
1 0.015885 0.659722 0.026562 0.123148
1 0.704167 0.488426 0.013542 0.050926
1 0.779427 0.523148 0.016146 0.081481
1 0.810937 0.536574 0.015625 0.076852
1 0.776302 0.529167 0.018229 0.076852
1 0.691406 0.495833 0.011979 0.052778
10 0.842448 0.547685 0.028646 0.060185
3 0.464844 0.482407 0.018229 0.02037
3 0.590104 0.509722 0.033333 0.04537
3 0.423437 0.499074 0.0375 0.064815
3 0.748698 0.581019 0.110937 0.099074
10 0.644792 0.569907 0.009375 0.162037
11 0.644271 0.439815 0.028125 0.101852
10 0.809115 0.575 0.014063 0.261111
1 0.758594 0.627778 0.030729 0.146296
1 0.831771 0.612037 0.023958 0.148148
1 0.72526 0.603241 0.036979 0.14537
1 0.774219 0.529167 0.014063 0.078704
1 0.953125 0.552778 0.020833 0.111111
1 0.757812 0.604167 0.026042 0.158333
1 0.003906 0.661111 0.031771 0.131481
1 0.738281 0.532407 0.015104 0.072222
1 0.757292 0.524537 0.014583 0.062037
1 0.791406 0.550463 0.017188 0.084259
1 0.824479 0.600463 0.035417 0.14537
1 0.81849 0.546296 0.015104 0.081481
1 0.705469 0.530556 0.022396 0.072222
1 0.730729 0.524537 0.013542 0.058333
1 0.721094 0.527778 0.013021 0.059259
