1 0.880729 0.578704 0.038542 0.127778
1 0.707552 0.572222 0.025521 0.122222
1 0.091406 0.568519 0.015104 0.072222
3 0.249479 0.585185 0.058333 0.077778
3 0.284375 0.72963 0.130208 0.25
1 0.622917 0.562963 0.023958 0.105556
1 0.570833 0.536111 0.0125 0.068519
1 0.013021 0.572685 0.010417 0.071296
1 0.433333 0.505093 0.007292 0.041667
1 0.084115 0.571759 0.011979 0.076852
1 0.083594 0.58287 0.013021 0.071296
1 0.022396 0.576389 0.014583 0.080556
1 0.033333 0.568981 0.014583 0.080556
1 0.517448 0.521759 0.013021 0.058333
1 0.507292 0.524074 0.011458 0.061111
3 0.39974 0.606944 0.107812 0.119444
3 0.307812 0.50787 0.022917 0.028704
3 0.368229 0.494907 0.017708 0.023148
3 0.244531 0.503241 0.030729 0.056481
3 0.392448 0.520833 0.028646 0.041667
10 0.483073 0.64537 0.011979 0.257407
11 0.484375 0.460185 0.038542 0.131481
10 0.596875 0.586111 0.01875 0.353704
10 0.62474 0.549537 0.009896 0.308333
1 0.569792 0.538889 0.015625 0.066667
1 0.583073 0.538426 0.014063 0.076852
1 0.599219 0.534259 0.016146 0.077778
1 0.5375 0.52037 0.013542 0.064815
1 0.554167 0.519907 0.0125 0.063889
1 0.489323 0.528241 0.011979 0.065741
1 0.463802 0.521296 0.011979 0.055556
10 0.566927 0.581481 0.010937 0.066667
10 0.591927 0.553241 0.005729 0.126852
