1 0.467448 0.747685 0.049479 0.206481
1 0.513281 0.764815 0.054688 0.22963
1 0.71901 0.816204 0.067187 0.271296
1 0.595052 0.582407 0.022396 0.101852
1 0.614062 0.54537 0.01875 0.075926
1 0.97526 0.537037 0.010937 0.066667
3 0.909115 0.515278 0.063021 0.04537
3 0.923177 0.584722 0.135937 0.097222
3 0.782031 0.512963 0.047396 0.068519
3 0.852604 0.532407 0.053125 0.055556
3 0.701562 0.487963 0.026042 0.038889
3 0.630469 0.471296 0.021354 0.025926
4 0.667708 0.65787 0.038542 0.093519
10 0.617969 0.567593 0.006771 0.131481
3 0.697656 0.542593 0.055729 0.085185
3 0.659896 0.48287 0.030208 0.04537
