11 0.858333 0.5 0.033333 0.046296
1 0.868229 0.604167 0.029167 0.150926
10 0.857812 0.5625 0.005208 0.237963
1 0.939323 0.558333 0.019271 0.092593
1 0.898698 0.536111 0.019271 0.092593
1 0.178646 0.571296 0.025 0.118519
1 0.203646 0.575463 0.025 0.115741
1 0.284635 0.55463 0.021354 0.090741
1 0.269531 0.555093 0.016146 0.087963
1 0.315885 0.536574 0.017188 0.087963
1 0.304948 0.548148 0.018229 0.098148
3 0.523958 0.589352 0.066667 0.093519
3 0.645052 0.644444 0.101562 0.194444
1 0.832031 0.50463 0.011979 0.046296
1 0.73099 0.504167 0.011979 0.056481
1 0.821615 0.503704 0.010937 0.05
1 0.534375 0.470833 0.007292 0.030556
1 0.263542 0.525926 0.011458 0.077778
1 0.394271 0.489352 0.008333 0.041667
1 0.26875 0.539815 0.01875 0.094444
1 0.641146 0.477315 0.008333 0.037963
3 0.527344 0.466667 0.015104 0.022222
1 0.403646 0.494907 0.010417 0.049074
1 0.420833 0.500463 0.009375 0.050926
1 0.383854 0.494444 0.010417 0.051852
1 0.83099 0.499537 0.010937 0.05463
1 0.836458 0.496759 0.010417 0.049074
1 0.663021 0.4875 0.011458 0.043519
1 0.675 0.489815 0.008333 0.046296
1 0.720833 0.492593 0.0125 0.046296
3 0.642969 0.580556 0.079687 0.101852
3 0.563281 0.514352 0.067187 0.056481
3 0.566406 0.4625 0.015104 0.019444
3 0.485937 0.464815 0.022917 0.046296
10 0.751823 0.500926 0.006771 0.174074
10 0.382812 0.516667 0.008333 0.035185
10 0.3125 0.533796 0.00625 0.099074
1 0.252865 0.551852 0.015104 0.07037
10 0.839583 0.519907 0.005208 0.047222
10 0.405208 0.491667 0.005208 0.061111
