3 0.463021 0.506944 0.027083 0.036111
1 0.678906 0.519444 0.009896 0.057407
1 0.794792 0.570833 0.021875 0.112037
1 0.76875 0.565741 0.021875 0.094444
1 0.748958 0.573611 0.013542 0.100926
1 0.76224 0.573611 0.023438 0.100926
1 0.665885 0.521759 0.013021 0.062037
10 0.88151 0.609259 0.041146 0.085185
3 0.580729 0.570833 0.061458 0.076852
3 0.355729 0.514815 0.041667 0.074074
3 0.77526 0.669444 0.168229 0.146296
10 0.642708 0.7125 0.013542 0.332407
11 0.642708 0.46713 0.047917 0.163889
10 0.948698 0.709259 0.022396 0.505556
10 0.665885 0.899074 0.040104 0.162963
10 0.907292 0.730093 0.015625 0.176852
1 0.728906 0.858333 0.053646 0.290741
1 0.733073 0.803704 0.054688 0.261111
1 0.610938 0.71713 0.027083 0.228704
1 0.783594 0.572685 0.017188 0.093519
1 0.636719 0.731481 0.030729 0.244444
1 0.693229 0.580556 0.022917 0.107407
1 0.723958 0.575926 0.027083 0.103704
1 0.919531 0.65 0.046354 0.155556
1 0.752344 0.772222 0.040104 0.242593
1 0.941667 0.634722 0.036458 0.14537
1 0.91276 0.624074 0.030729 0.15
1 0.686198 0.567593 0.025521 0.098148
