1 0.073438 0.700463 0.022917 0.152778
3 0.501823 0.526389 0.030729 0.043519
1 0.669271 0.523611 0.010417 0.049074
1 0.054427 0.702315 0.019271 0.143519
1 0.054167 0.718519 0.017708 0.142593
1 0.041406 0.726852 0.021354 0.146296
1 0.721354 0.513426 0.010417 0.050926
1 0.814844 0.550463 0.017188 0.089815
1 0.791667 0.549074 0.016667 0.081481
1 0.711458 0.5125 0.011458 0.052778
10 0.88776 0.580093 0.026562 0.067593
3 0.445312 0.493519 0.01875 0.02037
3 0.608073 0.540741 0.040104 0.053704
3 0.423698 0.516667 0.039062 0.066667
3 0.785937 0.622222 0.129167 0.112963
10 0.673438 0.619444 0.009375 0.203704
11 0.671354 0.464815 0.034375 0.116667
10 0.878906 0.626852 0.017188 0.322222
10 0.869792 0.650926 0.011458 0.131481
1 0.775781 0.707407 0.040104 0.181481
1 0.844271 0.67963 0.045833 0.177778
1 0.721615 0.653241 0.031771 0.175
1 0.805729 0.555556 0.017708 0.087037
1 0.73724 0.658333 0.035937 0.188889
1 0.748177 0.556481 0.018229 0.075926
1 0.76849 0.553704 0.018229 0.074074
1 0.852083 0.585648 0.022917 0.09537
1 0.840104 0.664815 0.042708 0.17037
1 0.875 0.594444 0.020833 0.112963
1 0.866406 0.581944 0.019271 0.117593
1 0.722135 0.560185 0.023438 0.088889
