11 0.859635 0.524074 0.039062 0.055556
1 0.931771 0.697685 0.05 0.219444
10 0.860156 0.603704 0.007812 0.331481
1 0.925781 0.570833 0.027604 0.093519
1 0.86875 0.560185 0.01875 0.103704
1 0.015104 0.611574 0.028125 0.137963
1 0.045052 0.616204 0.031771 0.137963
1 0.123698 0.60463 0.024479 0.12037
1 0.097917 0.606944 0.022917 0.112037
1 0.182812 0.570833 0.020833 0.100926
1 0.15651 0.599074 0.023438 0.12963
3 0.435677 0.611111 0.073438 0.101852
3 0.582812 0.741204 0.132292 0.265741
1 0.763802 0.520833 0.011979 0.050926
1 0.690104 0.529167 0.014583 0.065741
1 0.751302 0.519907 0.009896 0.052778
1 0.441146 0.487037 0.00625 0.027778
1 0.126823 0.549537 0.015104 0.084259
1 0.301823 0.504167 0.008854 0.043519
1 0.113021 0.589815 0.019792 0.125926
1 0.576823 0.4875 0.009896 0.039815
1 0.786979 0.514815 0.016667 0.062963
3 0.452865 0.472685 0.015104 0.021296
1 0.322135 0.512037 0.009896 0.059259
1 0.331771 0.518056 0.010417 0.058333
1 0.289323 0.511111 0.009896 0.057407
1 0.311979 0.50463 0.010417 0.055556
1 0.74349 0.512037 0.011979 0.057407
1 0.604427 0.502778 0.009896 0.044444
1 0.610938 0.505556 0.009375 0.046296
1 0.684635 0.50787 0.011979 0.049074
1 0.678906 0.512037 0.010937 0.05
3 0.571094 0.613426 0.092188 0.110185
3 0.457552 0.514815 0.033854 0.048148
3 0.507031 0.473148 0.014063 0.018519
3 0.413802 0.472685 0.024479 0.047222
3 0.525 0.481944 0.01875 0.023148
10 0.640104 0.556481 0.007292 0.144444
11 0.64349 0.449537 0.020313 0.076852
10 0.707031 0.527778 0.006771 0.174074
10 0.179167 0.57037 0.00625 0.112963
10 0.692187 0.540741 0.008333 0.040741
1 0.082031 0.601852 0.016146 0.098148
1 0.7875 0.5125 0.011458 0.058333
1 0.76901 0.514815 0.010937 0.053704
1 0.691667 0.502778 0.011458 0.048148
10 0.738542 0.514815 0.007292 0.072222
10 0.314063 0.50787 0.005208 0.071296
