1 0.766146 0.579167 0.023958 0.14537
1 0.073177 0.588426 0.018229 0.089815
3 0.280729 0.563889 0.046875 0.064815
3 0.300781 0.70463 0.144271 0.237037
1 0.709896 0.596296 0.032292 0.135185
1 0.578906 0.542593 0.018229 0.081481
1 0.458594 0.501852 0.009896 0.046296
1 0.633333 0.521296 0.014583 0.077778
1 0.064323 0.590278 0.014063 0.086111
1 0.063802 0.602315 0.015104 0.084259
1 0.00026 0.598611 0.013021 0.084259
3 0.594531 0.583796 0.140104 0.113889
3 0.3375 0.496296 0.020833 0.027778
3 0.396615 0.49537 0.021354 0.027778
3 0.26276 0.499074 0.032813 0.055556
3 0.434115 0.531944 0.039062 0.05463
10 0.520312 0.726852 0.019792 0.374074
11 0.519271 0.456019 0.051042 0.189815
10 0.688542 0.641204 0.025 0.536111
10 0.710677 0.618056 0.010937 0.343519
1 0.576562 0.543981 0.017708 0.082407
1 0.208333 0.512037 0.008333 0.033333
1 0.591406 0.537963 0.016146 0.090741
1 0.605208 0.532407 0.01875 0.083333
1 0.552604 0.519444 0.016667 0.064815
1 0.569271 0.514815 0.0125 0.066667
1 0.486198 0.520833 0.013021 0.062037
