1 0.910937 0.59213 0.033333 0.173148
1 0.116667 0.602315 0.01875 0.097222
3 0.372135 0.543981 0.041146 0.058333
3 0.479427 0.693981 0.185938 0.223148
1 0.929427 0.675 0.052604 0.212963
1 0.539844 0.49537 0.010937 0.037037
1 0.104167 0.602778 0.016667 0.094444
1 0.104427 0.614815 0.015104 0.096296
1 0.032292 0.6125 0.019792 0.09537
3 0.991927 0.57037 0.168229 0.12963
3 0.407552 0.487963 0.018229 0.024074
3 0.478385 0.497222 0.025521 0.033333
3 0.336198 0.49537 0.031771 0.057407
3 0.545573 0.55 0.058854 0.07037
10 0.708854 0.824074 0.027083 0.398148
11 0.714583 0.456481 0.098958 0.338889
10 0.963281 0.680556 0.020313 0.566667
10 0.620052 0.518981 0.009896 0.215741
1 0.655469 0.566667 0.023438 0.1
1 0.658594 0.550926 0.022396 0.111111
1 0.023958 0.6125 0.020833 0.102778
1 0.590625 0.525463 0.019792 0.071296
1 0.572917 0.518519 0.0125 0.059259
1 0.613542 0.523611 0.013542 0.065741
1 0.605208 0.526389 0.0125 0.071296
