11 0.854427 0.540278 0.052604 0.078704
10 0.859375 0.65463 0.010417 0.490741
1 0.863802 0.566667 0.024479 0.112963
1 0.770052 0.563889 0.023438 0.112963
1 0.203906 0.5375 0.011979 0.065741
3 0.316406 0.594907 0.069271 0.093519
3 0.431771 0.759259 0.145833 0.285185
1 0.64974 0.519907 0.013021 0.058333
1 0.630208 0.533333 0.01875 0.081481
1 0.65651 0.517593 0.010937 0.055556
1 0.311458 0.491667 0.007292 0.02963
1 0.160677 0.534259 0.009896 0.057407
1 0.484896 0.489815 0.010417 0.044444
1 0.671354 0.512037 0.0125 0.064815
3 0.332031 0.477778 0.015104 0.022222
1 0.197396 0.535185 0.010417 0.062963
1 0.200781 0.542593 0.011979 0.059259
1 0.150521 0.536574 0.0125 0.067593
1 0.172917 0.52963 0.0125 0.062963
1 0.516927 0.50787 0.009896 0.05463
1 0.525521 0.509722 0.010417 0.05463
1 0.585417 0.506944 0.015625 0.058333
1 0.572396 0.509259 0.011458 0.057407
3 0.440885 0.610648 0.090104 0.113889
3 0.360156 0.507407 0.027604 0.038889
3 0.419271 0.479167 0.016667 0.021296
3 0.310417 0.48287 0.027083 0.05463
3 0.436719 0.49213 0.020313 0.030556
10 0.548958 0.58287 0.007292 0.184259
11 0.54974 0.444907 0.024479 0.089815
10 0.629167 0.55463 0.009375 0.209259
10 0.650521 0.525463 0.007292 0.223148
11 0.646615 0.452778 0.031771 0.057407
10 0.628646 0.527315 0.00625 0.100926
1 0.677083 0.515278 0.015625 0.065741
1 0.61901 0.506944 0.008854 0.056481
1 0.6375 0.505556 0.014583 0.059259
1 0.535417 0.506944 0.011458 0.04537
10 0.657292 0.515278 0.00625 0.073148
10 0.64349 0.543056 0.005729 0.073148
10 0.179948 0.52963 0.006771 0.083333
