1 0.136719 0.563426 0.027604 0.106481
1 0.135417 0.495833 0.0125 0.058333
1 0.700521 0.54213 0.020833 0.09537
1 0.18151 0.469444 0.009896 0.040741
1 0.429688 0.46713 0.011458 0.034259
3 0.928125 0.743981 0.220833 0.239815
3 0.573177 0.503704 0.072396 0.051852
3 0.623698 0.59213 0.129688 0.158333
3 0.430469 0.508333 0.063021 0.064815
11 0.126823 0.463426 0.038021 0.030556
10 0.13125 0.538426 0.00625 0.130556
3 0.232031 0.489352 0.040104 0.067593
3 0.269531 0.468519 0.027604 0.038889
3 0.49974 0.530093 0.066146 0.073148
