1 0.126042 0.641667 0.019792 0.133333
3 0.489063 0.514815 0.032292 0.044444
1 0.651563 0.497685 0.0125 0.052778
1 0.110677 0.647685 0.020313 0.128704
1 0.113802 0.660648 0.017188 0.126852
1 0.103646 0.666667 0.017708 0.122222
1 0.011198 0.65787 0.026562 0.123148
1 0.70651 0.484722 0.013021 0.052778
1 0.783073 0.519444 0.016146 0.083333
1 0.816667 0.531481 0.015625 0.075926
1 0.763542 0.516204 0.017708 0.073148
1 0.69349 0.494444 0.011979 0.051852
10 0.846875 0.544907 0.028125 0.062037
3 0.463802 0.478241 0.018229 0.021296
3 0.592187 0.505556 0.033333 0.046296
3 0.424479 0.496759 0.0375 0.065741
3 0.751563 0.578704 0.1125 0.1
10 0.647396 0.571296 0.009375 0.166667
11 0.648177 0.43287 0.028646 0.102778
10 0.814844 0.575926 0.014063 0.261111
1 0.758333 0.627315 0.0375 0.150926
1 0.835677 0.611111 0.023438 0.15
1 0.726562 0.599537 0.047917 0.14537
1 0.777083 0.523148 0.013542 0.07963
1 0.957292 0.547222 0.021875 0.12037
1 0.751823 0.599074 0.036979 0.155556
1 -0.00026 0.663426 0.031771 0.132407
1 0.740104 0.525926 0.014583 0.066667
1 0.758854 0.519907 0.015625 0.062037
1 0.796094 0.547222 0.018229 0.087037
1 0.829427 0.599537 0.040104 0.147222
1 0.824219 0.543981 0.016146 0.082407
1 0.707812 0.522685 0.022917 0.069444
1 0.732812 0.519907 0.013542 0.058333
1 0.723958 0.525 0.013542 0.059259
