1 0.857031 0.58287 0.031771 0.163889
1 0.095312 0.598611 0.017708 0.09537
3 0.34401 0.548148 0.042188 0.059259
3 0.411198 0.696296 0.171354 0.22963
1 0.850781 0.642593 0.034896 0.185185
1 0.515885 0.501852 0.013021 0.044444
1 0.710938 0.527315 0.015625 0.080556
1 0.092188 0.599074 0.015625 0.092593
1 0.092448 0.611574 0.015104 0.093519
1 0.022917 0.606944 0.015625 0.091667
3 0.853906 0.575463 0.167187 0.121296
3 0.38776 0.490741 0.018229 0.024074
3 0.453646 0.497685 0.023958 0.032407
3 0.313542 0.498611 0.032292 0.056481
3 0.508854 0.543981 0.053125 0.065741
10 0.632552 0.798148 0.024479 0.414815
11 0.63724 0.456019 0.082812 0.275
10 0.874219 0.715278 0.025521 0.597222
10 0.867969 0.642593 0.017188 0.498148
10 0.586198 0.511574 0.009896 0.215741
10 0.71224 0.524074 0.007812 0.125926
1 0.636458 0.55787 0.021875 0.09537
1 0.254948 0.513889 0.007812 0.038889
1 0.595313 0.508333 0.014583 0.061111
1 0.014063 0.605556 0.020833 0.094444
1 0.567448 0.524537 0.019271 0.069444
1 0.544792 0.522222 0.014583 0.066667
1 0.580469 0.525926 0.010937 0.066667
