1 0.852344 0.900926 0.096354 0.390741
1 0.221094 0.597685 0.049479 0.147222
1 0.157552 0.614352 0.027604 0.163889
10 0.264323 0.647222 0.048438 0.112963
3 0.065104 0.766667 0.205208 0.212963
1 0.179688 0.60787 0.034375 0.141667
1 0.422396 0.678704 0.038542 0.196296
1 0.04375 0.593056 0.03125 0.123148
1 0.078125 0.593519 0.021875 0.125926
1 0.316927 0.803241 0.046354 0.299074
1 0.420833 0.717593 0.047917 0.212963
1 0.38099 0.703241 0.049479 0.217593
1 0.173437 0.601852 0.026042 0.151852
1 0.140104 0.612037 0.029167 0.15
