11 0.853125 0.539815 0.051042 0.077778
10 0.857812 0.651852 0.010417 0.481481
1 0.867448 0.566667 0.024479 0.112963
1 0.775781 0.562963 0.023438 0.112963
1 0.209896 0.534259 0.011458 0.064815
3 0.321354 0.596296 0.070833 0.094444
3 0.439062 0.760185 0.146875 0.287037
1 0.655469 0.519907 0.013021 0.058333
1 0.632031 0.533333 0.017188 0.077778
1 0.660677 0.517593 0.010937 0.055556
1 0.316927 0.489815 0.007812 0.02963
1 0.165625 0.533333 0.009375 0.055556
1 0.489063 0.490741 0.010417 0.044444
1 0.675 0.514815 0.011458 0.061111
3 0.338802 0.477315 0.015104 0.021296
1 0.203125 0.533796 0.010417 0.062037
1 0.206771 0.541204 0.011458 0.060185
1 0.156771 0.535185 0.0125 0.066667
1 0.179167 0.527315 0.0125 0.063889
1 0.520052 0.507407 0.009896 0.055556
1 0.528125 0.508333 0.010417 0.053704
1 0.588281 0.505093 0.013021 0.05463
1 0.577604 0.509259 0.011458 0.057407
3 0.445833 0.610648 0.090625 0.113889
3 0.363802 0.505556 0.027604 0.040741
3 0.422917 0.478704 0.016667 0.022222
3 0.315104 0.481019 0.027083 0.05463
3 0.439844 0.491667 0.020313 0.02963
10 0.552083 0.581481 0.007292 0.181481
11 0.553646 0.444907 0.023958 0.087963
10 0.633073 0.554167 0.008854 0.206481
10 0.653646 0.525463 0.007292 0.221296
11 0.64974 0.452778 0.031771 0.057407
10 0.632812 0.527778 0.00625 0.1
1 0.682813 0.515278 0.015625 0.065741
1 0.625 0.506944 0.009375 0.056481
1 0.642188 0.505556 0.014583 0.059259
1 0.539062 0.506944 0.011458 0.04537
10 0.661458 0.514352 0.00625 0.073148
10 0.646354 0.541204 0.004167 0.076852
10 0.185677 0.528704 0.006771 0.083333
