3 0.503906 0.539352 0.026562 0.039815
1 0.673177 0.535648 0.009896 0.056481
1 0.723177 0.534259 0.010937 0.057407
1 0.83151 0.576389 0.021354 0.100926
1 0.804167 0.573148 0.016667 0.090741
1 0.785677 0.577778 0.013021 0.087037
1 0.797135 0.578241 0.020313 0.093519
1 0.713542 0.53287 0.010417 0.05463
10 0.909115 0.601389 0.026562 0.067593
3 0.616146 0.573148 0.047917 0.066667
3 0.414062 0.539815 0.039583 0.074074
3 0.808854 0.656481 0.151042 0.127778
10 0.685677 0.684722 0.009896 0.280556
11 0.684896 0.481481 0.036458 0.140741
10 0.935937 0.689815 0.019792 0.362963
10 0.705469 0.829167 0.035937 0.136111
10 0.913281 0.704167 0.016146 0.149074
1 0.779687 0.785185 0.044792 0.231481
1 0.836198 0.748148 0.057812 0.211111
1 0.697917 0.691204 0.026042 0.184259
1 0.820573 0.580093 0.017188 0.093519
1 0.723437 0.711111 0.040625 0.209259
1 0.748177 0.588426 0.017188 0.086111
1 0.770312 0.581019 0.020833 0.086111
1 0.901302 0.630556 0.025521 0.138889
1 0.840365 0.731944 0.048438 0.210185
1 0.928125 0.625463 0.029167 0.126852
1 0.902083 0.615741 0.023958 0.125926
1 0.727865 0.583333 0.025521 0.098148
