3 0.44375 0.502315 0.026042 0.036111
1 0.656771 0.516667 0.010417 0.053704
1 0.772396 0.570833 0.025 0.112037
1 0.75026 0.564815 0.021354 0.094444
1 0.727344 0.573148 0.013021 0.101852
1 0.73724 0.571759 0.023438 0.100926
1 0.646354 0.52037 0.013542 0.064815
10 0.858854 0.609259 0.040625 0.085185
3 0.561719 0.575 0.063021 0.07963
3 0.33099 0.511574 0.043229 0.075
3 0.753385 0.67037 0.171354 0.15
10 0.613021 0.714352 0.013542 0.337963
11 0.613542 0.465278 0.048958 0.173148
10 0.932812 0.712963 0.020833 0.537037
10 0.888802 0.738426 0.016146 0.186111
1 0.706771 0.875463 0.060417 0.297222
1 0.7 0.821759 0.064583 0.273148
1 0.570573 0.728704 0.043229 0.233333
1 0.76224 0.570833 0.017188 0.093519
1 0.596615 0.743519 0.034896 0.257407
1 0.669271 0.578241 0.023958 0.108333
1 0.699479 0.576852 0.028125 0.112963
1 0.90651 0.649074 0.036979 0.164815
1 0.721615 0.787963 0.035937 0.25
1 0.936979 0.643056 0.046875 0.152778
1 0.901302 0.622222 0.030729 0.15
1 0.66901 0.566667 0.025521 0.098148
