11 0.8 0.478241 0.025 0.032407
1 0.791146 0.558333 0.025 0.114815
10 0.79974 0.533333 0.005729 0.194444
1 0.864323 0.543056 0.021354 0.082407
1 0.978906 0.668056 0.041146 0.167593
1 0.836198 0.522222 0.017188 0.081481
1 0.230469 0.561574 0.019271 0.10463
1 0.254948 0.564352 0.020313 0.10463
1 0.325 0.533796 0.014583 0.075
1 0.309896 0.539352 0.0125 0.069444
1 0.346875 0.524074 0.015625 0.075926
1 0.327083 0.533796 0.014583 0.078704
3 0.529687 0.561111 0.05625 0.074074
3 0.626042 0.597685 0.078125 0.143519
1 0.827604 0.491667 0.010417 0.042593
1 0.7125 0.492593 0.010417 0.05
1 0.820833 0.493519 0.008333 0.044444
1 0.55625 0.471296 0.00625 0.025926
1 0.305208 0.519907 0.010417 0.073148
1 0.317448 0.520833 0.009896 0.075
1 0.639062 0.472222 0.008333 0.037037
3 0.530729 0.46713 0.015625 0.021296
1 0.416667 0.49213 0.009375 0.047222
1 0.435677 0.495833 0.009896 0.049074
1 0.402604 0.489815 0.011458 0.044444
1 0.83776 0.493056 0.011979 0.04537
3 0.634115 0.561574 0.064062 0.09537
3 0.686979 0.514815 0.096875 0.055556
3 0.560937 0.458796 0.016667 0.015741
3 0.49375 0.4625 0.021875 0.039815
10 0.72474 0.474074 0.006771 0.174074
10 0.401042 0.511574 0.008333 0.034259
10 0.347656 0.521296 0.005729 0.088889
1 0.777604 0.486111 0.010417 0.048148
