11 0.864844 0.515741 0.036979 0.055556
1 0.907813 0.65787 0.041667 0.187963
10 0.863021 0.586111 0.007292 0.292593
1 0.935937 0.572222 0.022917 0.098148
1 0.889583 0.556944 0.020833 0.09537
1 0.088281 0.601389 0.028646 0.130556
1 0.115885 0.60787 0.029687 0.128704
1 0.198437 0.588889 0.021875 0.105556
1 0.177865 0.594444 0.019271 0.101852
1 0.242448 0.56713 0.017188 0.099074
1 0.228385 0.584722 0.021354 0.115741
3 0.473698 0.615278 0.072396 0.102778
3 0.615365 0.710648 0.122396 0.239815
1 0.795833 0.515741 0.011458 0.05
1 0.709635 0.523148 0.014063 0.062963
1 0.78151 0.513889 0.010937 0.051852
1 0.48099 0.487963 0.005729 0.027778
1 0.188802 0.551389 0.013021 0.087963
1 0.342448 0.504167 0.008854 0.043519
1 0.180208 0.576389 0.027083 0.112037
1 0.60599 0.488889 0.007812 0.040741
3 0.486198 0.475 0.015104 0.022222
1 0.358594 0.510648 0.009896 0.05463
1 0.370833 0.517593 0.010417 0.055556
1 0.330469 0.511574 0.009896 0.05463
1 0.782813 0.510185 0.0125 0.055556
1 0.788542 0.507407 0.010417 0.053704
1 0.63099 0.500926 0.010937 0.044444
1 0.638802 0.501852 0.009896 0.044444
1 0.676823 0.50787 0.011979 0.047222
1 0.717708 0.50787 0.011458 0.049074
1 0.708594 0.513426 0.011979 0.050926
3 0.607292 0.60463 0.089583 0.101852
3 0.489844 0.521296 0.036979 0.048148
3 0.532552 0.474074 0.016146 0.018519
3 0.445833 0.474537 0.022917 0.047222
3 0.553646 0.481019 0.01875 0.023148
10 0.666146 0.548611 0.004167 0.136111
11 0.670052 0.450463 0.020313 0.076852
10 0.730469 0.513889 0.006771 0.174074
10 0.32526 0.539352 0.007812 0.043519
10 0.238281 0.564352 0.006771 0.106481
10 0.717708 0.537037 0.008333 0.044444
1 0.157812 0.58287 0.015625 0.087963
1 0.821354 0.510648 0.0125 0.056481
1 0.801302 0.512963 0.010937 0.05
1 0.726042 0.508333 0.009375 0.051852
10 0.819531 0.528241 0.005729 0.058333
10 0.354167 0.507407 0.005208 0.064815
