11 0.773438 0.486111 0.021875 0.02963
1 0.764583 0.559259 0.021875 0.105556
10 0.773438 0.541204 0.005208 0.175
1 0.834896 0.543519 0.019792 0.075926
1 0.911198 0.643981 0.032813 0.150926
1 0.967708 0.639815 0.040625 0.151852
1 0.807812 0.530556 0.016667 0.075926
1 0.010937 0.687037 0.034375 0.185185
1 0.244792 0.564815 0.01875 0.094444
1 0.269792 0.573148 0.019792 0.090741
1 0.332292 0.541204 0.013542 0.071296
1 0.320052 0.542593 0.011979 0.068519
1 0.353646 0.525 0.016667 0.059259
3 0.526563 0.568519 0.051042 0.072222
3 0.613021 0.591204 0.070833 0.130556
1 0.822396 0.501852 0.009375 0.048148
1 0.702865 0.500463 0.010937 0.047222
1 0.814583 0.496759 0.00625 0.041667
1 0.560677 0.480556 0.006771 0.025926
1 0.314323 0.531944 0.008854 0.069444
1 0.325 0.525463 0.008333 0.062037
1 0.634115 0.481944 0.007812 0.034259
3 0.528385 0.481019 0.016146 0.021296
1 0.684896 0.491204 0.007292 0.041667
1 0.416146 0.500926 0.008333 0.042593
1 0.435937 0.506944 0.008333 0.043519
1 0.404167 0.500463 0.009375 0.041667
1 0.831771 0.499074 0.011458 0.044444
3 0.620833 0.565278 0.060417 0.087963
3 0.416927 0.525463 0.082812 0.050926
3 0.747917 0.520833 0.092708 0.049074
3 0.555469 0.47037 0.014063 0.014815
3 0.491406 0.475463 0.022396 0.039815
10 0.711198 0.457407 0.006771 0.174074
10 0.404948 0.519444 0.008854 0.02963
10 0.341406 0.534722 0.005729 0.084259
10 0.355208 0.528704 0.005208 0.085185
