1 0.022396 0.745833 0.025 0.167593
3 0.504948 0.540741 0.027604 0.038889
1 0.672135 0.541667 0.009896 0.051852
1 0.724479 0.534259 0.011458 0.057407
1 0.829427 0.574074 0.019271 0.090741
1 0.803385 0.573611 0.018229 0.082407
1 0.786198 0.583333 0.013021 0.087037
1 0.794271 0.577778 0.017708 0.088889
1 0.715104 0.535648 0.010417 0.05463
10 0.90599 0.602315 0.026562 0.067593
3 0.614583 0.569907 0.046875 0.062037
3 0.417969 0.539815 0.036979 0.072222
3 0.803646 0.65463 0.145833 0.124074
10 0.685937 0.67963 0.009375 0.268519
11 0.684375 0.484259 0.034375 0.135185
10 0.922396 0.680556 0.019792 0.362963
10 0.703385 0.813889 0.034896 0.12963
10 0.906771 0.702778 0.011458 0.140741
1 0.780729 0.775463 0.044792 0.215741
1 0.834375 0.739352 0.057292 0.200926
1 0.707552 0.693981 0.031771 0.187963
1 0.820573 0.5875 0.017188 0.093519
1 0.72526 0.70463 0.028646 0.205556
1 0.748698 0.585185 0.018229 0.085185
1 0.771615 0.586574 0.022396 0.082407
1 0.889062 0.633796 0.026042 0.130556
1 0.84375 0.722222 0.045833 0.198148
1 0.916406 0.630093 0.023438 0.121296
1 0.892188 0.613426 0.026042 0.119444
1 0.728906 0.584722 0.025521 0.097222
