3 0.503385 0.538426 0.026562 0.039815
1 0.673177 0.531481 0.009896 0.057407
1 0.722135 0.532407 0.010937 0.057407
1 0.830729 0.576389 0.01875 0.100926
1 0.804167 0.571296 0.016667 0.088889
1 0.785677 0.576852 0.013021 0.087037
1 0.797917 0.578241 0.020833 0.093519
1 0.7125 0.531019 0.010417 0.05463
10 0.910156 0.601389 0.026562 0.067593
3 0.616146 0.572685 0.048958 0.067593
3 0.413542 0.540741 0.039583 0.074074
3 0.810417 0.656944 0.152083 0.128704
10 0.685677 0.685648 0.009896 0.282407
11 0.685156 0.481019 0.036979 0.141667
10 0.938542 0.691667 0.019792 0.362963
10 0.705208 0.831019 0.035417 0.137963
10 0.915885 0.704167 0.016146 0.149074
1 0.780208 0.788426 0.044792 0.234259
1 0.834896 0.748148 0.052083 0.212963
1 0.694531 0.688889 0.028646 0.183333
1 0.820573 0.578241 0.017188 0.093519
1 0.722917 0.711111 0.040625 0.209259
1 0.746354 0.587037 0.017708 0.087037
1 0.770052 0.580093 0.021354 0.086111
1 0.903125 0.630093 0.026042 0.141667
1 0.840885 0.73287 0.047396 0.210185
1 0.928906 0.624074 0.027604 0.127778
1 0.903646 0.614815 0.025 0.127778
1 0.726823 0.581481 0.025521 0.098148
