1 0.903125 0.575463 0.036458 0.130556
1 0.713021 0.573148 0.026042 0.125926
1 0.082812 0.573611 0.015625 0.075
3 0.249219 0.582407 0.057812 0.075926
3 0.279948 0.725926 0.134896 0.244444
1 0.633073 0.569444 0.025521 0.109259
1 0.564323 0.537037 0.013021 0.07037
1 0.433333 0.503241 0.008333 0.047222
1 0.07526 0.576389 0.013021 0.078704
1 0.075521 0.587963 0.013542 0.074074
1 0.010156 0.580093 0.015104 0.086111
1 0.01901 0.573611 0.014063 0.082407
1 0.517448 0.52037 0.013021 0.059259
1 0.507292 0.524074 0.011458 0.061111
3 0.420833 0.603241 0.114583 0.123148
3 0.309375 0.506019 0.022917 0.032407
3 0.369271 0.49537 0.01875 0.022222
3 0.24401 0.503704 0.030729 0.055556
3 0.395313 0.525463 0.030208 0.043519
10 0.483854 0.65787 0.013542 0.275
11 0.483854 0.460648 0.040625 0.139815
10 0.602344 0.592593 0.020313 0.381481
10 0.632292 0.556019 0.010417 0.323148
1 0.563542 0.541204 0.014583 0.067593
1 0.578646 0.534722 0.014583 0.078704
1 0.592448 0.533333 0.015104 0.07963
1 0.534896 0.521759 0.015625 0.063889
1 0.552083 0.518519 0.0125 0.061111
1 0.490365 0.522222 0.011979 0.066667
1 0.461979 0.522222 0.011458 0.055556
10 0.570833 0.586111 0.0125 0.072222
10 0.596615 0.548611 0.005729 0.136111
