1 0.858073 0.568056 0.031771 0.123148
1 0.709896 0.564815 0.023958 0.116667
1 0.113021 0.561111 0.014583 0.066667
3 0.25625 0.587963 0.060417 0.083333
3 0.309896 0.736111 0.13125 0.255556
1 0.617708 0.551389 0.020833 0.097222
1 0.584115 0.531481 0.011979 0.064815
1 0.228646 0.503704 0.007292 0.035185
1 0.047396 0.561574 0.010417 0.071296
1 0.439844 0.499537 0.008854 0.04537
1 0.10625 0.562037 0.010417 0.074074
1 0.108594 0.569444 0.013021 0.068519
1 0.05026 0.566204 0.013021 0.073148
1 0.065365 0.558333 0.014063 0.077778
1 0.525521 0.514352 0.015625 0.056481
1 0.515104 0.516204 0.011458 0.060185
3 0.383333 0.602778 0.092708 0.12037
3 0.3125 0.50463 0.025 0.033333
3 0.373958 0.486574 0.017708 0.023148
3 0.252865 0.493981 0.030729 0.056481
3 0.394792 0.50787 0.025 0.036111
10 0.492708 0.624074 0.010417 0.233333
11 0.492188 0.45463 0.034375 0.12037
10 0.597135 0.577315 0.016146 0.302778
10 0.620573 0.54213 0.008854 0.282407
1 0.585938 0.531944 0.014583 0.060185
1 0.59974 0.524074 0.016146 0.072222
1 0.503906 0.514352 0.009896 0.049074
1 0.608333 0.524074 0.015625 0.072222
1 0.552865 0.512963 0.015104 0.061111
1 0.564583 0.511574 0.014583 0.058333
1 0.472917 0.516204 0.0125 0.050926
10 0.569271 0.56713 0.009375 0.063889
10 0.610156 0.562037 0.004687 0.077778
10 0.591667 0.544444 0.005208 0.140741
