1 0.09375 0.690278 0.021875 0.14537
3 0.498437 0.525 0.03125 0.046296
1 0.665104 0.509722 0.009375 0.049074
1 0.075 0.691204 0.019792 0.136111
1 0.076042 0.706019 0.017708 0.136111
1 0.063281 0.713426 0.019271 0.134259
1 0.718229 0.502315 0.0125 0.050926
1 0.804688 0.543981 0.016667 0.093519
1 0.782552 0.5375 0.018229 0.078704
1 0.705469 0.503704 0.015104 0.051852
10 0.87474 0.568981 0.027604 0.063889
3 0.451823 0.492593 0.018229 0.02037
3 0.604688 0.532407 0.038542 0.05
3 0.423958 0.512037 0.0375 0.066667
3 0.777604 0.605093 0.121875 0.106481
10 0.666667 0.59213 0.009375 0.176852
11 0.664844 0.454167 0.033854 0.108333
10 0.859635 0.626852 0.014063 0.261111
1 0.771615 0.678704 0.033854 0.172222
1 0.846615 0.657407 0.046354 0.164815
1 0.717969 0.640741 0.035937 0.161111
1 0.797135 0.540278 0.017188 0.080556
1 0.998958 0.570833 0.023958 0.126852
1 0.750781 0.641667 0.055729 0.177778
1 0.746615 0.544444 0.018229 0.07037
1 0.767708 0.543519 0.020833 0.074074
1 0.835156 0.568519 0.022396 0.085185
1 0.838802 0.639815 0.029687 0.159259
1 0.857552 0.568519 0.021354 0.088889
1 0.71849 0.543056 0.023438 0.082407
1 0.736458 0.543519 0.013542 0.068519
