1 0.882292 0.590741 0.033333 0.164815
1 0.11224 0.59537 0.019271 0.098148
3 0.359635 0.544907 0.041146 0.058333
3 0.454167 0.69537 0.191667 0.22037
1 0.89375 0.661111 0.046875 0.2
1 0.529687 0.49537 0.011458 0.037037
1 0.73125 0.525 0.0125 0.083333
1 0.098698 0.597685 0.016146 0.093519
1 0.09974 0.609722 0.015104 0.09537
1 0.026562 0.60463 0.016667 0.096296
3 0.930469 0.571296 0.175521 0.12037
3 0.399219 0.487037 0.018229 0.024074
3 0.467448 0.494444 0.024479 0.033333
3 0.326042 0.496759 0.032292 0.056481
3 0.529167 0.547222 0.05625 0.068519
10 0.672135 0.806944 0.024479 0.400926
11 0.680208 0.456019 0.091667 0.310185
10 0.946094 0.711574 0.025521 0.597222
10 0.914323 0.665741 0.019271 0.535185
10 0.604948 0.516204 0.009896 0.215741
10 0.734375 0.523148 0.008333 0.140741
1 0.646615 0.563426 0.022396 0.097222
1 0.266927 0.509259 0.007812 0.038889
1 0.019531 0.606481 0.020313 0.096296
1 0.579688 0.524537 0.01875 0.071296
1 0.560417 0.521296 0.0125 0.064815
1 0.595052 0.525926 0.013021 0.068519
