3 0.503125 0.5375 0.026042 0.039815
1 0.671875 0.530093 0.010417 0.058333
1 0.721354 0.530556 0.010417 0.057407
1 0.83125 0.573611 0.01875 0.097222
1 0.804167 0.569444 0.016667 0.087037
1 0.7875 0.575926 0.013542 0.087037
1 0.798698 0.578704 0.021354 0.094444
1 0.711979 0.529167 0.010417 0.05463
10 0.909375 0.600926 0.027083 0.068519
3 0.615365 0.571759 0.049479 0.067593
3 0.411719 0.538426 0.040104 0.073148
3 0.809375 0.656481 0.153125 0.12963
10 0.685417 0.686111 0.010417 0.285185
11 0.685156 0.480556 0.038021 0.142593
10 0.941146 0.693519 0.019792 0.362963
10 0.705208 0.833333 0.035417 0.138889
10 0.91901 0.706019 0.016146 0.149074
1 0.779427 0.790741 0.045312 0.237037
1 0.831771 0.748611 0.046875 0.215741
1 0.692708 0.69213 0.029167 0.184259
1 0.820573 0.577315 0.017188 0.093519
1 0.722656 0.711574 0.040104 0.210185
1 0.744792 0.585648 0.017708 0.087963
1 0.769271 0.57963 0.021875 0.087037
1 0.905208 0.629167 0.028125 0.141667
1 0.839844 0.73287 0.043229 0.210185
1 0.929948 0.623148 0.025521 0.127778
1 0.905729 0.614815 0.026042 0.12963
1 0.726302 0.580556 0.025521 0.098148
