1 0.023698 0.681019 0.051562 0.182407
1 0.939323 0.619907 0.039062 0.163889
1 0.172396 0.545833 0.021875 0.097222
1 0.647917 0.522222 0.016667 0.083333
3 0.803125 0.656944 0.160417 0.162037
3 0.557813 0.496296 0.060417 0.05
3 0.713802 0.703704 0.192188 0.211111
3 0.530469 0.540741 0.088021 0.105556
3 0.390104 0.487963 0.044792 0.051852
4 0.104427 0.806481 0.060937 0.17037
10 0.919271 0.611111 0.0125 0.188889
3 0.251042 0.49537 0.042708 0.072222
3 0.273698 0.461111 0.027604 0.038889
3 0.488281 0.513889 0.057812 0.062963
3 0.269271 0.453241 0.021875 0.026852
