11 0.877604 0.556019 0.064583 0.09537
10 0.88099 0.698611 0.010937 0.567593
1 0.852083 0.568981 0.025 0.115741
1 0.736198 0.560185 0.026562 0.105556
1 0.169792 0.536111 0.014583 0.062963
3 0.290625 0.583333 0.067708 0.087037
3 0.384896 0.749537 0.138542 0.265741
1 0.621875 0.540278 0.01875 0.086111
1 0.626823 0.521296 0.011979 0.059259
1 0.278646 0.491204 0.00625 0.032407
1 0.121094 0.535648 0.008854 0.062037
1 0.464323 0.488426 0.009896 0.043519
3 0.30026 0.473148 0.015104 0.022222
1 0.163021 0.538426 0.010417 0.065741
1 0.166406 0.547685 0.011979 0.062037
1 0.1125 0.54213 0.0125 0.067593
1 0.133333 0.533796 0.013542 0.065741
1 0.497656 0.508333 0.010937 0.053704
1 0.557552 0.508333 0.011979 0.057407
1 0.547917 0.510648 0.011458 0.058333
3 0.408333 0.601852 0.0875 0.116667
3 0.338021 0.501389 0.028125 0.037963
3 0.399479 0.478704 0.016667 0.02037
3 0.286719 0.482407 0.028646 0.053704
3 0.416927 0.49213 0.022396 0.034259
10 0.526823 0.594907 0.008854 0.200926
11 0.526302 0.445833 0.026562 0.097222
10 0.611719 0.561111 0.010937 0.22963
10 0.633594 0.529167 0.006771 0.234259
10 0.611719 0.523611 0.005729 0.108333
1 0.646615 0.517593 0.015104 0.068519
1 0.59375 0.505556 0.011458 0.057407
1 0.605729 0.503241 0.015625 0.060185
1 0.508073 0.506019 0.010937 0.056481
10 0.642448 0.509722 0.006771 0.076852
10 0.589583 0.550463 0.009375 0.063889
10 0.626042 0.542593 0.005208 0.081481
10 0.142969 0.536111 0.006771 0.083333
