11 0.864323 0.504167 0.034896 0.050926
1 0.888281 0.625463 0.036979 0.169444
10 0.863542 0.571296 0.00625 0.261111
1 0.936979 0.5625 0.025 0.093519
1 0.89974 0.539815 0.019271 0.092593
1 0.134635 0.581019 0.024479 0.121296
1 0.163542 0.584259 0.025 0.12037
1 0.244271 0.563426 0.019792 0.100926
1 0.228385 0.564815 0.017188 0.096296
1 0.283333 0.54537 0.019792 0.092593
1 0.271875 0.555556 0.019792 0.105556
3 0.503125 0.596759 0.067708 0.100926
3 0.635156 0.671759 0.110937 0.215741
1 0.817187 0.502315 0.0125 0.049074
1 0.723177 0.509722 0.013021 0.060185
1 0.803906 0.503241 0.010937 0.049074
1 0.509635 0.471759 0.006771 0.028704
1 0.228646 0.528241 0.013542 0.076852
1 0.371094 0.490278 0.008854 0.037963
1 0.23099 0.552778 0.020313 0.101852
1 0.626042 0.476852 0.008333 0.038889
3 0.510417 0.465278 0.015625 0.021296
1 0.384375 0.498148 0.010417 0.051852
1 0.398958 0.503241 0.010417 0.052778
1 0.360677 0.494907 0.009896 0.058333
1 0.810156 0.497685 0.011979 0.05463
1 0.816146 0.495833 0.011458 0.050926
1 0.650521 0.489352 0.011458 0.043519
1 0.659115 0.490741 0.009896 0.044444
1 0.701562 0.496296 0.011458 0.046296
1 0.739323 0.497685 0.009896 0.049074
1 0.729948 0.500463 0.011979 0.050926
3 0.628906 0.588889 0.082812 0.1
3 0.521875 0.509722 0.046875 0.05463
3 0.552083 0.462037 0.014583 0.016667
3 0.46901 0.464352 0.022396 0.047222
3 0.573438 0.470833 0.01875 0.023148
10 0.744531 0.507407 0.006771 0.174074
10 0.356771 0.52037 0.008333 0.038889
10 0.279427 0.54213 0.006771 0.102778
10 0.734635 0.522222 0.009896 0.044444
1 0.210938 0.562037 0.015625 0.07963
1 0.846875 0.498611 0.011458 0.05463
1 0.822656 0.500463 0.010937 0.050926
10 0.384115 0.493981 0.005729 0.060185
