11 0.949479 0.588889 0.078125 0.118519
10 0.957812 0.77037 0.011458 0.603704
1 0.852344 0.574074 0.031771 0.12037
1 0.713281 0.563426 0.025521 0.115741
1 0.124479 0.555556 0.014583 0.066667
3 0.263802 0.587037 0.061979 0.085185
3 0.326042 0.7375 0.13125 0.258333
1 0.615885 0.550926 0.021354 0.096296
1 0.592448 0.527778 0.011979 0.062963
1 0.238542 0.502778 0.008333 0.035185
1 0.065625 0.55787 0.010417 0.065741
1 0.44401 0.496296 0.009896 0.044444
1 0.11875 0.556481 0.010417 0.072222
1 0.121354 0.563426 0.0125 0.067593
1 0.063802 0.561111 0.013021 0.07037
1 0.08099 0.551852 0.014063 0.074074
1 0.479167 0.516204 0.015625 0.060185
1 0.53125 0.512963 0.013542 0.055556
1 0.519792 0.514352 0.011458 0.060185
3 0.383073 0.600926 0.088021 0.116667
3 0.317188 0.505556 0.026042 0.033333
3 0.378125 0.484722 0.017708 0.023148
3 0.259115 0.491204 0.029687 0.052778
3 0.399479 0.50463 0.025 0.037037
10 0.498958 0.615741 0.010417 0.225926
11 0.498958 0.452778 0.032292 0.114815
10 0.599479 0.575463 0.014583 0.278704
10 0.620833 0.5375 0.008333 0.269444
1 0.59349 0.52963 0.014063 0.059259
1 0.60625 0.522685 0.015625 0.073148
1 0.508333 0.5125 0.008333 0.052778
1 0.614844 0.521759 0.015104 0.069444
1 0.560677 0.511574 0.015104 0.062037
1 0.572656 0.509722 0.015104 0.058333
1 0.49375 0.514352 0.014583 0.062037
10 0.571875 0.565278 0.009375 0.063889
10 0.611719 0.556019 0.004687 0.082407
10 0.59401 0.550463 0.005729 0.113889
