1 0.847656 0.585185 0.050521 0.164815
1 0.093229 0.599537 0.017708 0.093519
3 0.338021 0.55 0.042708 0.059259
3 0.397917 0.699537 0.16875 0.230556
1 0.832812 0.633796 0.033333 0.173148
1 0.510156 0.500926 0.013021 0.044444
1 0.703125 0.529167 0.016667 0.080556
1 0.089323 0.599537 0.015104 0.091667
1 0.089323 0.612963 0.015104 0.092593
1 0.021615 0.609722 0.016146 0.093519
3 0.826302 0.575463 0.164062 0.121296
3 0.383073 0.493519 0.018229 0.024074
3 0.448698 0.497685 0.023438 0.032407
3 0.309115 0.502315 0.032813 0.056481
3 0.5 0.543981 0.052083 0.063889
10 0.619531 0.795833 0.025521 0.421296
11 0.620313 0.456481 0.079167 0.261111
10 0.84974 0.71713 0.025521 0.597222
10 0.851042 0.6375 0.016667 0.482407
10 0.578906 0.510648 0.009896 0.215741
10 0.703125 0.524074 0.007292 0.12037
1 0.63151 0.55463 0.021354 0.094444
1 0.25026 0.515741 0.007812 0.038889
1 0.654427 0.546296 0.020313 0.107407
1 0.011458 0.609722 0.016667 0.09537
1 0.561719 0.525463 0.019271 0.071296
1 0.538281 0.522685 0.011979 0.063889
1 0.57474 0.525926 0.010937 0.066667
