1 0.327865 0.856944 0.077604 0.312037
1 0.315104 0.597685 0.029167 0.123148
1 0.361198 0.535185 0.019271 0.083333
1 0.748177 0.523611 0.011979 0.069444
3 0.882031 0.625 0.126562 0.124074
3 0.678385 0.501389 0.060937 0.041667
3 0.717448 0.594907 0.104688 0.110185
3 0.590365 0.515278 0.063021 0.076852
3 0.620313 0.51713 0.052083 0.056481
3 0.49401 0.479167 0.032813 0.037963
4 0.384896 0.681481 0.039583 0.111111
11 0.38099 0.440278 0.044271 0.125
3 0.430729 0.514815 0.045833 0.07963
3 0.423698 0.46713 0.027604 0.034259
