1 0.070573 0.701852 0.023438 0.153704
3 0.502344 0.527315 0.030729 0.043519
1 0.669792 0.525463 0.010417 0.049074
1 0.051302 0.704167 0.019271 0.14537
1 0.050781 0.72037 0.017188 0.144444
1 0.038281 0.728704 0.021354 0.148148
1 0.721615 0.514815 0.010937 0.051852
1 0.816146 0.552315 0.017708 0.093519
1 0.792969 0.550926 0.018229 0.081481
1 0.71276 0.515278 0.010937 0.052778
10 0.889844 0.581944 0.026562 0.067593
3 0.44375 0.493519 0.01875 0.02037
3 0.608333 0.541204 0.040625 0.05463
3 0.423698 0.518056 0.039062 0.067593
3 0.786979 0.625 0.130208 0.112963
10 0.674219 0.623611 0.008854 0.208333
11 0.672396 0.466204 0.034375 0.117593
10 0.88151 0.626389 0.018229 0.332407
10 0.874479 0.656481 0.011458 0.131481
1 0.774219 0.711574 0.036979 0.184259
1 0.844792 0.683796 0.045833 0.176852
1 0.719792 0.654167 0.029167 0.176852
1 0.806771 0.55787 0.017708 0.087963
1 0.735938 0.662037 0.040625 0.185185
1 0.748177 0.558796 0.018229 0.076852
1 0.76901 0.556944 0.018229 0.073148
1 0.854167 0.589352 0.022917 0.100926
1 0.839323 0.668056 0.045312 0.171296
1 0.879167 0.596759 0.020833 0.112037
1 0.868229 0.585185 0.019792 0.118519
1 0.722656 0.562037 0.023438 0.088889
