1 0.78724 0.576389 0.025521 0.147222
1 0.079427 0.596759 0.017188 0.087963
3 0.296875 0.562037 0.045833 0.062963
3 0.323177 0.706019 0.149479 0.237963
1 0.738281 0.602778 0.033854 0.146296
1 0.588542 0.543981 0.019792 0.082407
1 0.472656 0.503241 0.010937 0.04537
1 0.65026 0.515741 0.013021 0.072222
1 0.071094 0.596759 0.014063 0.087963
1 0.070573 0.609722 0.015104 0.087963
1 0.005208 0.606944 0.015625 0.091667
3 0.653646 0.576852 0.147917 0.112963
3 0.351042 0.498148 0.020833 0.027778
3 0.410938 0.497222 0.020833 0.027778
3 0.275521 0.501852 0.032292 0.057407
3 0.451823 0.535185 0.040104 0.057407
10 0.542448 0.753241 0.022396 0.402778
11 0.541667 0.455556 0.059375 0.211111
10 0.726823 0.65463 0.025521 0.581481
10 0.742969 0.621296 0.011979 0.374074
1 0.588802 0.546296 0.018229 0.087037
1 0.219792 0.515741 0.008333 0.033333
1 0.602865 0.540741 0.020313 0.092593
1 0.617448 0.533796 0.017188 0.089815
1 0.582292 0.514815 0.0125 0.066667
1 0.501302 0.522685 0.013021 0.062037
11 0.761458 0.453241 0.072917 0.123148
