3 0.050781 0.486111 0.022396 0.031481
1 0.36901 0.5875 0.031771 0.130556
1 0.302083 0.59537 0.021875 0.12037
1 0.320052 0.602778 0.038021 0.142593
10 0.43151 0.633796 0.045312 0.102778
3 0.134635 0.630093 0.095312 0.123148
3 0.265104 0.744444 0.203125 0.203704
10 0.346354 0.729167 0.022917 0.569444
1 0.103125 0.504167 0.016667 0.067593
1 0.336719 0.593981 0.020313 0.137963
1 0.602604 0.665278 0.041667 0.197222
1 0.220833 0.585648 0.027083 0.115741
1 0.254688 0.574074 0.017708 0.127778
1 0.517708 0.74537 0.054167 0.246296
1 0.57474 0.692593 0.044271 0.198148
1 0.536458 0.668981 0.042708 0.193519
1 0.242448 0.568981 0.025521 0.108333
