1 0.10026 0.678241 0.021354 0.143519
3 0.498177 0.520833 0.031771 0.04537
1 0.661979 0.511574 0.009375 0.050926
1 0.082812 0.681481 0.019792 0.133333
1 0.084375 0.697222 0.017708 0.133333
1 0.072917 0.706019 0.01875 0.132407
1 0.716406 0.496759 0.013021 0.050926
1 0.802604 0.537963 0.016667 0.092593
1 0.778906 0.530093 0.018229 0.076852
1 0.703646 0.498148 0.013542 0.051852
10 0.869271 0.563426 0.028125 0.063889
3 0.454948 0.490278 0.018229 0.021296
3 0.602344 0.524537 0.038021 0.049074
3 0.424479 0.509722 0.0375 0.065741
3 0.773438 0.596759 0.119792 0.10463
10 0.663021 0.586574 0.009375 0.176852
11 0.661198 0.448148 0.032813 0.107407
10 0.85026 0.611111 0.014063 0.261111
1 0.76901 0.666204 0.029687 0.167593
1 0.847917 0.65 0.046875 0.155556
1 0.72474 0.625463 0.024479 0.167593
1 0.79349 0.53287 0.016146 0.080556
1 0.991667 0.564352 0.023958 0.126852
1 0.748698 0.632407 0.047396 0.17037
1 0.745573 0.539815 0.016146 0.068519
1 0.767188 0.537963 0.023958 0.074074
1 0.828385 0.561111 0.020313 0.087037
1 0.83724 0.62963 0.029687 0.155556
1 0.852344 0.5625 0.020313 0.086111
1 0.716667 0.533796 0.023958 0.078704
1 0.733854 0.537037 0.013542 0.066667
