11 0.853385 0.541667 0.049479 0.075926
10 0.857292 0.646759 0.010417 0.458333
1 0.877083 0.573148 0.023958 0.112963
1 0.789583 0.562037 0.023958 0.111111
1 0.004427 0.6125 0.023438 0.130556
1 0.224479 0.528704 0.0125 0.061111
3 0.332292 0.598148 0.070833 0.094444
3 0.459635 0.756481 0.143229 0.272222
1 0.665885 0.518981 0.013021 0.056481
1 0.639583 0.533796 0.016667 0.075
1 0.671354 0.516667 0.010417 0.053704
1 0.332031 0.487963 0.006771 0.02963
1 0.182292 0.524537 0.011458 0.05463
1 0.499219 0.488426 0.009896 0.043519
1 0.688021 0.515278 0.0125 0.062037
3 0.352344 0.473148 0.015104 0.022222
1 0.219271 0.529167 0.010417 0.060185
1 0.222917 0.536574 0.011458 0.062037
1 0.173177 0.52963 0.013021 0.064815
1 0.196354 0.521759 0.0125 0.063889
1 0.529427 0.506481 0.008854 0.055556
1 0.539062 0.509259 0.011458 0.053704
1 0.600521 0.503704 0.011458 0.055556
1 0.590104 0.508796 0.011458 0.056481
3 0.459896 0.6125 0.090625 0.113889
3 0.37474 0.50463 0.028646 0.040741
3 0.433854 0.477315 0.017708 0.021296
3 0.327344 0.480093 0.026562 0.05463
3 0.449219 0.489352 0.021354 0.028704
10 0.56276 0.576852 0.006771 0.175926
11 0.563542 0.444907 0.022917 0.086111
10 0.642448 0.552315 0.008854 0.199074
10 0.6625 0.527778 0.007292 0.216667
11 0.659375 0.454167 0.032292 0.056481
10 0.640625 0.526852 0.00625 0.1
1 0.696615 0.516204 0.015104 0.065741
1 0.639583 0.506944 0.009375 0.056481
1 0.653385 0.506481 0.014063 0.059259
1 0.551823 0.505556 0.009896 0.046296
1 0.603906 0.50787 0.011979 0.049074
10 0.671875 0.513426 0.00625 0.073148
10 0.65625 0.543056 0.005208 0.069444
10 0.201563 0.524074 0.00625 0.081481
