1 0.2875 0.801852 0.064583 0.237037
1 0.336719 0.818981 0.060937 0.273148
1 0.575 0.841667 0.06875 0.287037
1 0.488802 0.59537 0.028646 0.105556
1 0.511719 0.546296 0.017188 0.083333
1 0.876042 0.545833 0.015625 0.067593
3 1.009375 0.638426 0.116667 0.108333
3 0.811719 0.521759 0.063021 0.043519
3 0.832031 0.596296 0.123437 0.094444
3 0.696615 0.526389 0.051562 0.071296
3 0.754167 0.540278 0.052083 0.056481
3 0.613281 0.492593 0.025521 0.038889
3 0.540365 0.473611 0.021354 0.026852
4 0.559896 0.666204 0.044792 0.099074
10 0.511198 0.568519 0.007812 0.15
3 0.58776 0.543056 0.051562 0.084259
