3 0.479427 0.511574 0.025521 0.037963
1 0.644271 0.518056 0.0125 0.062037
1 0.695833 0.521296 0.010417 0.059259
1 0.810937 0.571296 0.021875 0.111111
1 0.788281 0.566667 0.021354 0.094444
1 0.765365 0.572222 0.014063 0.096296
1 0.777344 0.57037 0.022396 0.096296
1 0.685156 0.522685 0.013021 0.060185
10 0.892969 0.605093 0.036979 0.082407
3 0.595833 0.569444 0.055208 0.074074
3 0.376042 0.519444 0.041667 0.074074
3 0.79349 0.663426 0.165104 0.141667
10 0.661979 0.706481 0.0125 0.32037
11 0.663281 0.468519 0.045312 0.159259
10 0.957031 0.70463 0.020313 0.459259
10 0.68724 0.883333 0.040104 0.162963
10 0.917448 0.722685 0.015104 0.171296
1 0.75 0.84213 0.051042 0.280556
1 0.765885 0.785185 0.036979 0.246296
1 0.642969 0.70787 0.031771 0.215741
1 0.801823 0.575463 0.017188 0.093519
1 0.661979 0.725 0.039583 0.225926
1 0.711719 0.580093 0.021354 0.102778
1 0.742708 0.577315 0.026042 0.106481
1 0.921875 0.642593 0.038542 0.153704
1 0.789844 0.761111 0.055729 0.233333
1 0.94401 0.631481 0.031771 0.146296
1 0.920573 0.622222 0.030729 0.15
1 0.703906 0.569444 0.025521 0.098148
