3 0.145833 0.488889 0.021875 0.031481
1 0.327604 0.511111 0.013542 0.061111
1 0.459635 0.581481 0.025521 0.124074
1 0.403125 0.586574 0.019792 0.113889
1 0.41875 0.598148 0.022917 0.142593
10 0.535677 0.626389 0.043229 0.097222
3 0.244531 0.616204 0.088021 0.117593
3 0.391146 0.723148 0.195833 0.190741
10 0.09401 0.781019 0.013021 0.371296
11 0.088542 0.468981 0.066667 0.262037
10 0.525 0.739352 0.022917 0.569444
1 0.096615 1.096759 0.070312 0.308333
1 0.035417 1.052315 0.0875 0.378704
1 0.305208 0.50463 0.013542 0.062963
1 0.43776 0.590278 0.020313 0.126852
1 0.714323 0.658796 0.043229 0.193519
1 0.326042 0.583333 0.025 0.111111
1 0.361719 0.577315 0.022396 0.119444
1 0.625 0.720833 0.05 0.206481
1 0.096615 0.99213 0.051562 0.391667
1 0.66849 0.677778 0.048438 0.183333
1 0.62526 0.655093 0.032813 0.173148
1 0.342187 0.565278 0.025 0.108333
