7 0.50026 0.498611 0.050521 0.100926
1 0.620833 0.609259 0.084375 0.487037
9 0.913021 0.266667 0.175 0.535185
8 0.614323 0.449537 0.017188 0.082407
8 0.690104 0.453704 0.017708 0.109259
9 0.480208 0.447685 0.015625 0.128704
1 0.569792 0.488426 0.021875 0.115741
1 0.575781 0.499537 0.022396 0.102778
2 0.371094 0.496296 0.023438 0.090741
2 0.329688 0.506481 0.030208 0.094444
2 0.388542 0.492593 0.029167 0.109259
1 0.496094 0.449074 0.014063 0.066667
1 0.566146 0.456019 0.019792 0.100926
1 0.523438 0.462037 0.01875 0.098148
1 0.61901 0.655093 0.118229 0.560185
1 0.542188 0.629167 0.067708 0.476852
7 0.448437 0.472685 0.027083 0.069444
7 0.428906 0.468519 0.028646 0.055556
1 0.209896 0.481481 0.027083 0.103704
1 0.253125 0.470833 0.017708 0.100926
1 0.228125 0.472222 0.015625 0.1
1 0.225781 0.481019 0.022396 0.09537
7 0.204167 0.462037 0.021875 0.096296
1 0.223177 0.464352 0.016146 0.076852
1 0.329688 0.540741 0.063542 0.327778
1 0.238802 0.545833 0.092188 0.278704
1 0.188542 0.577778 0.067708 0.322222
1 0.077865 0.570833 0.086979 0.334259
1 0.571354 0.525463 0.041667 0.249074
1 0.498698 0.490278 0.031771 0.171296
1 0.660417 0.457407 0.01875 0.088889
1 0.50599 0.456019 0.011979 0.071296
1 0.489583 0.450926 0.013542 0.07037
1 0.332292 0.455556 0.014583 0.066667
1 0.376042 0.450926 0.013542 0.062963
7 0.350781 0.461111 0.013021 0.066667
7 0.365365 0.460185 0.009896 0.064815
7 0.378125 0.469444 0.009375 0.053704
1 0.283594 0.454167 0.013021 0.062037
1 0.273958 0.456019 0.0125 0.062037
4 0.390365 0.521296 0.027604 0.085185
9 0.479687 0.4375 0.013542 0.119444
4 0.367969 0.51713 0.021354 0.067593
4 0.333594 0.541667 0.043229 0.072222
1 0.263802 0.462037 0.013021 0.075926
1 0.28125 0.450463 0.009375 0.049074
1 0.308854 0.449537 0.010417 0.049074
1 0.3 0.451389 0.009375 0.052778
1 0.315365 0.446759 0.009896 0.049074
1 0.310156 0.44537 0.009896 0.05
1 0.291667 0.449074 0.009375 0.051852
7 0.51875 0.449074 0.011458 0.05
7 0.530208 0.447685 0.009375 0.056481
1 0.535677 0.453704 0.014063 0.068519
1 0.586719 0.462037 0.018229 0.092593
