7 0.50026 0.498611 0.050521 0.100926
1 0.359115 0.546296 0.051562 0.277778
9 0.913021 0.266667 0.175 0.535185
8 0.614323 0.449537 0.017188 0.082407
8 0.690104 0.453704 0.017708 0.109259
9 0.480208 0.447685 0.015625 0.128704
1 0.558073 0.498148 0.019271 0.101852
1 0.576042 0.500926 0.017708 0.105556
2 0.379688 0.49213 0.022917 0.084259
2 0.366927 0.504167 0.026562 0.097222
2 0.40599 0.47963 0.021354 0.085185
1 0.664844 0.459722 0.018229 0.091667
1 0.533073 0.459722 0.020313 0.099074
1 0.580208 0.456481 0.019792 0.1
1 0.495052 0.455556 0.022396 0.105556
1 0.316146 0.572685 0.059375 0.323148
1 0.406771 0.526852 0.042708 0.212963
1 0.296875 0.553704 0.048958 0.277778
7 0.448437 0.472685 0.027083 0.069444
7 0.428906 0.468519 0.028646 0.055556
1 0.275781 0.475463 0.018229 0.086111
1 0.266667 0.47037 0.015625 0.096296
1 0.249219 0.480556 0.022396 0.092593
7 0.205208 0.461111 0.021875 0.096296
1 0.232552 0.462037 0.018229 0.077778
1 0.317188 0.483796 0.021875 0.125
1 0.401042 0.508796 0.036458 0.189815
1 0.563542 0.456019 0.016667 0.071296
1 0.374479 0.47963 0.019792 0.116667
7 0.369271 0.458796 0.013542 0.062037
7 0.375781 0.468056 0.009896 0.052778
4 0.407812 0.499537 0.020833 0.065741
9 0.480208 0.4375 0.013542 0.119444
4 0.376042 0.510648 0.020833 0.062037
4 0.365625 0.525463 0.023958 0.073148
1 0.321875 0.460185 0.013542 0.066667
1 0.300781 0.45463 0.011979 0.068519
1 0.323177 0.456019 0.011979 0.067593
7 0.517969 0.449537 0.009896 0.049074
7 0.527083 0.447685 0.009375 0.056481
1 0.308333 0.411574 0.010417 0.039815
1 0.314583 0.411111 0.009375 0.038889
