7 0.50026 0.498611 0.050521 0.100926
1 0.759375 0.637037 0.111458 0.518519
9 0.913021 0.266667 0.175 0.535185
8 0.614323 0.449537 0.017188 0.082407
8 0.690104 0.453704 0.017708 0.109259
9 0.480208 0.447685 0.015625 0.128704
1 0.588802 0.473148 0.019271 0.144444
1 0.575781 0.487037 0.019271 0.133333
2 0.171615 0.535185 0.042188 0.118519
2 -0.005469 0.555093 0.050521 0.115741
2 0.184635 0.540278 0.056771 0.19537
1 0.49401 0.447222 0.014063 0.064815
1 0.547656 0.460185 0.020313 0.1
1 0.520573 0.459259 0.018229 0.090741
1 0.788281 0.705093 0.149479 0.684259
1 0.682031 0.6625 0.106771 0.541667
7 0.448437 0.472685 0.027083 0.069444
7 0.428906 0.468519 0.028646 0.055556
1 0.211979 0.481481 0.026042 0.105556
1 0.229687 0.473611 0.017708 0.100926
1 0.227604 0.473148 0.015625 0.1
1 0.227344 0.480093 0.022396 0.093519
7 0.204167 0.462037 0.021875 0.096296
1 0.227344 0.4625 0.017188 0.076852
1 0.46276 0.517593 0.041146 0.277778
1 0.514583 0.513426 0.054167 0.230556
1 0.455208 0.540278 0.06875 0.265741
1 0.369271 0.525 0.060417 0.248148
1 0.879427 0.575463 0.071354 0.402778
1 0.392708 0.473611 0.022917 0.121296
1 0.624479 0.455556 0.017708 0.075926
1 0.56875 0.458333 0.016667 0.087037
1 0.559635 0.456481 0.018229 0.087037
1 0.3375 0.460648 0.016667 0.078704
1 0.385937 0.457407 0.014583 0.07963
7 0.353385 0.461111 0.013021 0.066667
7 0.366406 0.460648 0.009896 0.065741
7 0.37474 0.469444 0.013021 0.051852
1 0.304167 0.456944 0.016667 0.073148
1 0.285677 0.459722 0.014063 0.067593
4 0.197135 0.599074 0.088021 0.144444
9 0.480208 0.4375 0.013542 0.119444
4 0.167187 0.579167 0.0875 0.106481
4 0.006771 0.618981 0.109375 0.106481
1 0.247135 0.461574 0.014063 0.071296
1 0.283854 0.45463 0.009375 0.057407
1 0.311979 0.449537 0.009375 0.04537
1 0.307812 0.443519 0.009375 0.044444
1 0.311719 0.443981 0.009896 0.04537
1 0.296615 0.432407 0.006771 0.02963
1 0.302865 0.42963 0.006771 0.02963
7 0.51901 0.449074 0.011979 0.05
7 0.531771 0.448611 0.009375 0.056481
1 0.5375 0.451389 0.014583 0.065741
1 0.576823 0.460185 0.018229 0.090741
