7 0.50026 0.498611 0.050521 0.100926
1 0.770833 0.561111 0.064583 0.361111
1 0.327604 0.534722 0.044792 0.24537
9 0.913021 0.266667 0.175 0.535185
8 0.614323 0.449537 0.017188 0.082407
8 0.690104 0.453704 0.017708 0.109259
1 0.823958 0.55787 0.073958 0.321296
1 0.558854 0.498148 0.01875 0.101852
1 0.576042 0.500926 0.016667 0.105556
2 0.389323 0.484259 0.018229 0.066667
2 0.367188 0.504167 0.027083 0.097222
2 0.389844 0.45787 0.014063 0.069444
1 0.66276 0.460185 0.017188 0.092593
1 0.539062 0.45463 0.020833 0.107407
1 0.582812 0.457407 0.019792 0.1
1 0.497396 0.455556 0.021875 0.105556
1 0.26224 0.543519 0.064062 0.261111
1 0.348958 0.510648 0.032292 0.173148
1 0.733594 0.462037 0.033854 0.114815
1 0.795833 0.460185 0.027083 0.12037
1 0.272656 0.541204 0.046354 0.230556
7 0.448437 0.472685 0.027083 0.069444
7 0.428906 0.468519 0.028646 0.055556
1 0.29401 0.472685 0.018229 0.086111
7 0.20599 0.461111 0.021354 0.096296
1 0.228125 0.463889 0.020833 0.077778
1 0.311979 0.483333 0.017708 0.124074
1 0.51875 0.45787 0.016667 0.071296
7 0.370573 0.458796 0.014063 0.062037
7 0.376042 0.468056 0.010417 0.052778
4 0.389844 0.487963 0.016146 0.042593
9 0.480729 0.4375 0.013542 0.119444
4 0.389844 0.501852 0.019271 0.061111
4 0.365625 0.525463 0.023958 0.073148
7 0.527083 0.447685 0.009375 0.056481
1 0.30625 0.418056 0.010417 0.039815
1 0.314583 0.414815 0.009375 0.038889
