7 0.50026 0.498611 0.050521 0.100926
1 0.599479 0.61713 0.095833 0.447222
9 0.913021 0.266667 0.175 0.535185
8 0.614323 0.449537 0.017188 0.082407
8 0.690104 0.453704 0.017708 0.109259
9 0.480208 0.447685 0.015625 0.128704
1 0.557813 0.497222 0.020833 0.098148
1 0.575781 0.5 0.021354 0.103704
2 0.374219 0.496759 0.022396 0.091667
2 0.365885 0.505093 0.024479 0.099074
2 0.393229 0.496296 0.029167 0.103704
1 0.507552 0.450926 0.014063 0.07037
1 0.576042 0.455093 0.019792 0.100926
1 0.52474 0.465741 0.018229 0.103704
1 0.598437 0.652315 0.098958 0.563889
1 1.017708 0.63287 0.116667 0.476852
1 0.503906 0.63287 0.074479 0.486111
7 0.448437 0.472685 0.027083 0.069444
7 0.428906 0.468519 0.028646 0.055556
1 0.209635 0.480556 0.022396 0.101852
1 0.266927 0.471296 0.023438 0.1
1 0.232813 0.472222 0.015625 0.1
1 0.225 0.481481 0.023958 0.094444
7 0.204167 0.462037 0.021875 0.096296
1 0.220312 0.465278 0.015625 0.076852
1 0.088542 0.580556 0.14375 0.411111
1 0.450521 0.50787 0.040625 0.200926
1 0.940625 0.577315 0.08125 0.417593
1 0.661198 0.514352 0.063021 0.232407
1 0.761719 0.457407 0.025521 0.101852
1 0.638281 0.461574 0.024479 0.097222
1 0.4625 0.449074 0.011458 0.064815
1 0.4375 0.447222 0.013542 0.07037
1 0.335417 0.45463 0.011458 0.059259
1 0.359115 0.45 0.011979 0.055556
7 0.34974 0.461111 0.013021 0.066667
7 0.365365 0.460185 0.009896 0.064815
7 0.374479 0.469444 0.008333 0.053704
4 0.392969 0.516667 0.028646 0.07963
9 0.479687 0.4375 0.013542 0.119444
4 0.371875 0.514352 0.020833 0.065741
4 0.359115 0.527778 0.025521 0.072222
1 0.270833 0.463426 0.016667 0.073148
1 0.307812 0.451852 0.010417 0.053704
1 0.295833 0.452778 0.009375 0.053704
1 0.296094 0.448611 0.009896 0.05463
1 0.316667 0.448611 0.011458 0.049074
1 0.307552 0.447685 0.010937 0.05463
1 0.286719 0.450926 0.010937 0.055556
7 0.51849 0.449074 0.010937 0.05
7 0.528646 0.447685 0.009375 0.056481
1 0.534635 0.456481 0.015104 0.072222
1 0.593229 0.461574 0.019792 0.091667
