7 0.50026 0.498611 0.050521 0.100926
9 0.913021 0.266667 0.175 0.535185
8 0.614323 0.449537 0.017188 0.082407
8 0.690104 0.453704 0.017708 0.109259
9 0.480208 0.447685 0.015625 0.128704
1 0.593229 0.464352 0.021875 0.134259
1 0.563542 0.468981 0.021875 0.113889
1 0.53099 0.459259 0.020313 0.098148
1 0.523698 0.465278 0.020313 0.100926
1 0.486979 0.45787 0.020833 0.100926
7 0.448437 0.472685 0.027083 0.069444
7 0.428906 0.468519 0.028646 0.055556
1 0.210938 0.481019 0.023958 0.10463
1 0.230469 0.472222 0.015104 0.096296
1 0.228385 0.473148 0.015104 0.1
1 0.227344 0.480556 0.020313 0.092593
7 0.204167 0.462037 0.021875 0.096296
1 0.23151 0.461574 0.018229 0.076852
1 0.599219 0.515741 0.052604 0.261111
1 0.643229 0.514815 0.04375 0.227778
1 0.676562 0.535185 0.053125 0.253704
1 0.55625 0.511574 0.042708 0.219444
1 0.336198 0.46713 0.017188 0.093519
1 0.35625 0.469444 0.019792 0.096296
1 0.3875 0.464352 0.021875 0.099074
7 0.354427 0.461111 0.013021 0.066667
7 0.366406 0.460648 0.009896 0.065741
7 0.37474 0.469907 0.008854 0.052778
1 0.313542 0.462963 0.017708 0.07963
1 0.296875 0.464815 0.014583 0.077778
9 0.480729 0.4375 0.013542 0.119444
1 0.290365 0.460185 0.013021 0.068519
1 0.310677 0.426852 0.009896 0.040741
1 0.310417 0.43287 0.009375 0.039815
1 0.297917 0.421296 0.00625 0.027778
1 0.303385 0.415741 0.006771 0.02963
7 0.519271 0.449074 0.0125 0.05
7 0.531771 0.448611 0.009375 0.056481
