7 0.50026 0.498611 0.050521 0.100926
1 0.658594 0.614815 0.089063 0.481481
9 0.913021 0.266667 0.175 0.535185
8 0.614323 0.449537 0.017188 0.082407
8 0.690104 0.453704 0.017708 0.109259
9 0.480208 0.447685 0.015625 0.128704
1 0.584635 0.478704 0.023438 0.137037
1 0.575521 0.499537 0.022917 0.102778
2 0.290365 0.506019 0.029687 0.089815
2 0.195833 0.534259 0.042708 0.116667
2 0.333073 0.505093 0.039062 0.137963
1 0.488802 0.446759 0.013021 0.060185
1 0.590104 0.785185 0.205208 0.909259
1 0.559375 0.456944 0.019792 0.100926
1 0.527344 0.458796 0.018229 0.093519
1 0.640365 0.681944 0.118229 0.621296
1 0.573438 0.634259 0.077083 0.487037
7 0.448437 0.472685 0.027083 0.069444
7 0.428906 0.468519 0.028646 0.055556
1 0.210156 0.481481 0.026562 0.105556
1 0.233854 0.473148 0.017708 0.101852
1 0.227083 0.473148 0.015625 0.1
1 0.226302 0.480556 0.022396 0.094444
7 0.204167 0.462037 0.021875 0.096296
1 0.22526 0.463426 0.017188 0.076852
1 0.432031 0.519444 0.044271 0.281481
1 0.405208 0.530556 0.067708 0.248148
1 0.332552 0.550926 0.064062 0.288889
1 0.264844 0.543981 0.061979 0.286111
1 0.7125 0.546759 0.091667 0.302778
1 0.435677 0.47963 0.026562 0.142593
1 0.640885 0.456944 0.018229 0.084259
1 0.532292 0.456944 0.016667 0.075
1 0.520573 0.452315 0.013021 0.071296
1 0.33151 0.460648 0.015104 0.073148
1 0.383854 0.453241 0.013542 0.069444
7 0.351302 0.461111 0.013021 0.066667
7 0.365885 0.460185 0.009896 0.064815
7 0.38099 0.469444 0.009896 0.053704
1 0.29349 0.455093 0.013021 0.067593
1 0.278385 0.457407 0.013021 0.062963
4 0.340885 0.549537 0.050521 0.100926
9 0.480208 0.4375 0.013542 0.119444
4 0.29375 0.538889 0.046875 0.07963
4 0.195573 0.573611 0.089063 0.097222
1 0.253906 0.461574 0.013021 0.071296
1 0.28151 0.450926 0.009896 0.051852
1 0.310937 0.447685 0.009375 0.04537
1 0.314323 0.443056 0.008854 0.04537
1 0.311719 0.443981 0.009896 0.04537
7 0.51901 0.449074 0.011979 0.05
7 0.530729 0.447685 0.009375 0.056481
1 0.538021 0.454167 0.0125 0.071296
1 0.586719 0.462037 0.018229 0.092593
