7 0.50026 0.498611 0.050521 0.100926
1 0.655729 0.615278 0.089583 0.480556
9 0.913021 0.266667 0.175 0.535185
8 0.614323 0.449537 0.017188 0.082407
8 0.690104 0.453704 0.017708 0.109259
9 0.480208 0.447685 0.015625 0.128704
1 0.583854 0.479167 0.022917 0.136111
1 0.575521 0.499537 0.022917 0.102778
2 0.295312 0.505093 0.029167 0.087963
2 0.204167 0.534259 0.041667 0.116667
2 0.336198 0.504167 0.038021 0.136111
1 0.489063 0.447222 0.013542 0.061111
1 0.640885 0.790278 0.209896 0.910185
1 0.559375 0.456944 0.019792 0.100926
1 0.527344 0.458796 0.018229 0.093519
1 0.634896 0.682407 0.115625 0.622222
1 0.570052 0.634259 0.074479 0.487037
7 0.448437 0.472685 0.027083 0.069444
7 0.428906 0.468519 0.028646 0.055556
1 0.210156 0.481481 0.026562 0.105556
1 0.234375 0.474074 0.017708 0.101852
1 0.227083 0.473148 0.015625 0.1
1 0.226302 0.480556 0.022396 0.094444
7 0.204167 0.462037 0.021875 0.096296
1 0.22526 0.463426 0.017188 0.076852
1 0.428646 0.521296 0.046875 0.283333
1 0.400781 0.531019 0.059896 0.249074
1 0.326562 0.552778 0.070833 0.292593
1 0.260156 0.545833 0.065104 0.287963
1 0.710156 0.545833 0.095312 0.299074
1 0.4375 0.480093 0.026042 0.143519
1 0.641406 0.456944 0.018229 0.084259
1 0.53099 0.456944 0.017188 0.075
1 0.51901 0.452315 0.013021 0.071296
1 0.33151 0.460648 0.015104 0.073148
1 0.383594 0.453241 0.013021 0.069444
7 0.351302 0.461111 0.013021 0.066667
7 0.365885 0.460185 0.009896 0.064815
7 0.380729 0.469444 0.009375 0.053704
1 0.292969 0.455093 0.013021 0.067593
1 0.278125 0.456944 0.0125 0.062037
4 0.34349 0.547685 0.048438 0.100926
9 0.480208 0.4375 0.013542 0.119444
4 0.297656 0.537037 0.047396 0.07963
4 0.203125 0.572222 0.0875 0.096296
1 0.254427 0.461574 0.013021 0.071296
1 0.28125 0.450463 0.010417 0.050926
1 0.310937 0.447685 0.009375 0.04537
1 0.29974 0.449537 0.008854 0.050926
1 0.314323 0.443519 0.008854 0.046296
1 0.31224 0.443981 0.009896 0.04537
7 0.51901 0.449074 0.011979 0.05
7 0.530729 0.447685 0.009375 0.056481
1 0.5375 0.454167 0.0125 0.071296
1 0.586719 0.462037 0.018229 0.092593
