7 0.50026 0.498611 0.050521 0.100926
1 0.635938 0.615741 0.090625 0.472222
9 0.913021 0.266667 0.175 0.535185
8 0.614323 0.449537 0.017188 0.082407
8 0.690104 0.453704 0.017708 0.109259
9 0.480208 0.447685 0.015625 0.128704
1 0.579427 0.482407 0.022396 0.12963
1 0.575521 0.499537 0.022917 0.102778
2 0.329688 0.496759 0.025 0.084259
2 0.248958 0.523611 0.0375 0.108333
2 0.361458 0.496296 0.033333 0.124074
1 0.491146 0.449074 0.013542 0.064815
1 0.561979 0.456944 0.019792 0.100926
1 0.527344 0.458796 0.018229 0.09537
1 0.601042 0.666204 0.101042 0.589815
1 0.554427 0.632407 0.073438 0.483333
7 0.448437 0.472685 0.027083 0.069444
7 0.428906 0.468519 0.028646 0.055556
1 0.210156 0.481944 0.026562 0.10463
1 0.241667 0.472685 0.019792 0.102778
1 0.227083 0.473148 0.015625 0.1
1 0.226302 0.481019 0.022396 0.09537
7 0.204167 0.462037 0.021875 0.096296
1 0.224479 0.463426 0.016667 0.076852
1 0.403646 0.527778 0.059375 0.3
1 0.354427 0.533333 0.072396 0.259259
1 0.290885 0.556944 0.055729 0.297222
1 0.209115 0.553241 0.088021 0.300926
1 0.654167 0.541204 0.058333 0.280556
1 0.453385 0.480093 0.028646 0.152778
1 0.647135 0.457407 0.018229 0.087037
1 0.521875 0.457407 0.015625 0.074074
1 0.511719 0.452315 0.013021 0.071296
1 0.33125 0.458796 0.014583 0.071296
1 0.381771 0.451852 0.0125 0.066667
7 0.350781 0.461111 0.013021 0.066667
7 0.365885 0.460185 0.009896 0.064815
7 0.379948 0.469444 0.009896 0.053704
1 0.289323 0.45463 0.013021 0.066667
1 0.277083 0.456019 0.0125 0.062037
4 0.364323 0.537037 0.035937 0.094444
9 0.480208 0.4375 0.013542 0.119444
4 0.328125 0.52963 0.05 0.072222
4 0.254688 0.561111 0.075 0.087037
1 0.257292 0.461574 0.013542 0.075
1 0.28099 0.45 0.009896 0.05
1 0.309896 0.448148 0.009375 0.046296
1 0.300781 0.449537 0.008854 0.050926
1 0.314583 0.444907 0.009375 0.047222
1 0.311458 0.443981 0.010417 0.047222
7 0.51875 0.449074 0.011458 0.05
7 0.530729 0.447685 0.009375 0.056481
1 0.535937 0.455093 0.014583 0.071296
1 0.586719 0.462037 0.018229 0.092593
