7 0.50026 0.498611 0.050521 0.100926
1 0.504948 0.586574 0.064062 0.380556
9 0.913021 0.266667 0.175 0.535185
8 0.614323 0.449537 0.017188 0.082407
8 0.690104 0.453704 0.017708 0.109259
9 0.480208 0.447685 0.015625 0.128704
1 0.557552 0.500463 0.020313 0.097222
1 0.575781 0.500463 0.019271 0.10463
2 0.375521 0.494907 0.022917 0.084259
2 0.366146 0.505093 0.025 0.099074
2 0.391406 0.494444 0.023438 0.101852
1 0.592708 0.4625 0.019792 0.091667
1 0.522917 0.456019 0.017708 0.087963
1 0.581771 0.455093 0.019792 0.100926
1 0.513802 0.463426 0.018229 0.10463
1 0.448437 0.646759 0.125 0.543519
1 0.600781 0.568056 0.054688 0.313889
1 0.419271 0.599074 0.066667 0.372222
7 0.448437 0.472685 0.027083 0.069444
7 0.428906 0.468519 0.028646 0.055556
1 0.235156 0.481481 0.023438 0.1
1 0.276562 0.469907 0.017708 0.100926
1 0.258073 0.471759 0.016146 0.09537
1 0.225781 0.482407 0.023438 0.092593
7 0.204167 0.462037 0.021875 0.096296
1 0.252083 0.463426 0.015625 0.076852
1 0.330469 0.5 0.027604 0.162963
1 0.61901 0.539352 0.058854 0.282407
1 0.645573 0.462037 0.023438 0.092593
1 0.558333 0.466667 0.026042 0.109259
1 0.388281 0.451389 0.009896 0.062037
1 0.396615 0.450463 0.009896 0.067593
7 0.349219 0.462037 0.013021 0.066667
7 0.364844 0.459259 0.009896 0.062963
7 0.375781 0.468056 0.008854 0.052778
4 0.392969 0.517593 0.028646 0.077778
9 0.479167 0.4375 0.013542 0.119444
4 0.371875 0.513426 0.020833 0.063889
4 0.365625 0.525463 0.023958 0.073148
1 0.267448 0.466667 0.010937 0.075926
1 0.314844 0.45463 0.011979 0.057407
1 0.300781 0.456481 0.009896 0.057407
1 0.291927 0.451389 0.011979 0.060185
1 0.321094 0.453241 0.011979 0.052778
1 0.308854 0.450926 0.011458 0.059259
1 0.277865 0.453241 0.015104 0.058333
7 0.51849 0.449537 0.010937 0.049074
7 0.527083 0.447685 0.009375 0.056481
1 0.519271 0.457407 0.016667 0.088889
1 0.310937 0.416204 0.010417 0.039815
1 0.316146 0.412963 0.009375 0.038889
