7 0.50026 0.498611 0.050521 0.100926
1 0.413542 0.561111 0.058333 0.316667
9 0.913021 0.266667 0.175 0.535185
8 0.614323 0.449537 0.017188 0.082407
8 0.690104 0.453704 0.017708 0.109259
9 0.480208 0.447685 0.015625 0.128704
1 0.557552 0.498148 0.020313 0.101852
1 0.576042 0.500463 0.01875 0.10463
2 0.377604 0.493056 0.022917 0.084259
2 0.366667 0.50463 0.026042 0.098148
2 0.398177 0.487037 0.022396 0.094444
1 0.628646 0.459722 0.019792 0.091667
1 0.530208 0.45787 0.01875 0.091667
1 0.578385 0.455556 0.020313 0.1
1 0.510156 0.45787 0.018229 0.10463
1 0.321615 0.60787 0.083854 0.432407
1 0.460938 0.544907 0.04375 0.263889
1 0.354948 0.576389 0.063021 0.323148
7 0.448437 0.472685 0.027083 0.069444
7 0.428906 0.468519 0.028646 0.055556
1 0.253906 0.480556 0.017188 0.1
1 0.270573 0.469907 0.018229 0.097222
1 0.261458 0.471759 0.015625 0.09537
1 0.223437 0.481481 0.032292 0.094444
7 0.204427 0.461111 0.021354 0.096296
1 0.252865 0.4625 0.016146 0.076852
1 0.313542 0.488889 0.022917 0.133333
1 0.495312 0.521759 0.039583 0.232407
1 0.598698 0.461574 0.017188 0.082407
1 0.465885 0.46713 0.020313 0.117593
7 0.350781 0.462037 0.013021 0.066667
7 0.367708 0.458333 0.0125 0.062963
7 0.375781 0.468056 0.008854 0.052778
4 0.395052 0.515278 0.027604 0.075
9 0.480208 0.4375 0.013542 0.119444
4 0.373958 0.512963 0.020833 0.062963
4 0.365625 0.525463 0.023958 0.073148
1 0.31849 0.457407 0.013021 0.062963
1 0.304948 0.458796 0.010937 0.062037
1 0.294531 0.454167 0.013021 0.067593
1 0.316406 0.453704 0.011979 0.062963
1 0.278125 0.453704 0.015625 0.062963
7 0.518229 0.449537 0.010417 0.049074
7 0.527083 0.447685 0.009375 0.056481
1 0.493229 0.452315 0.015625 0.087963
1 0.309896 0.410648 0.010417 0.039815
1 0.315104 0.411111 0.009375 0.038889
