7 0.50026 0.498611 0.050521 0.100926
1 0.76901 0.636574 0.108854 0.523148
9 0.913021 0.266667 0.175 0.535185
8 0.614323 0.449537 0.017188 0.082407
8 0.690104 0.453704 0.017708 0.109259
9 0.480208 0.447685 0.015625 0.128704
1 0.589323 0.473148 0.019271 0.144444
1 0.577344 0.483796 0.028646 0.132407
2 0.141406 0.542593 0.042188 0.118519
2 0.151562 0.549537 0.061458 0.208333
1 0.496875 0.447685 0.014583 0.067593
1 0.543229 0.460185 0.019792 0.1
1 0.517969 0.459259 0.018229 0.090741
1 0.819531 0.689815 0.124479 0.687037
1 0.69349 0.6625 0.115104 0.543519
7 0.448437 0.472685 0.027083 0.069444
7 0.428906 0.468519 0.028646 0.055556
1 0.211979 0.481481 0.026042 0.105556
1 0.229687 0.472685 0.017708 0.100926
1 0.227604 0.473148 0.015625 0.1
1 0.227344 0.480093 0.022396 0.093519
7 0.204167 0.462037 0.021875 0.096296
1 0.227604 0.4625 0.017708 0.076852
1 0.468229 0.517593 0.041667 0.277778
1 0.531771 0.514352 0.057292 0.226852
1 0.473177 0.540741 0.070312 0.264815
1 0.379167 0.525 0.05 0.248148
1 0.915625 0.592593 0.101042 0.427778
1 0.384896 0.473611 0.021875 0.119444
1 0.622396 0.455556 0.017708 0.075926
1 0.578646 0.459259 0.015625 0.087037
1 0.567708 0.457407 0.017708 0.090741
1 0.339583 0.4625 0.016667 0.082407
1 0.385417 0.456944 0.014583 0.080556
7 0.353906 0.461111 0.013021 0.066667
7 0.366406 0.460648 0.009896 0.065741
7 0.37474 0.469444 0.013021 0.051852
1 0.304688 0.45787 0.016667 0.073148
1 0.286719 0.460185 0.014063 0.068519
4 0.158073 0.607407 0.103646 0.155556
9 0.480208 0.4375 0.013542 0.119444
4 0.136719 0.5875 0.099479 0.108333
1 0.245573 0.460648 0.013021 0.069444
1 0.284375 0.456481 0.009375 0.059259
1 0.310937 0.449537 0.009375 0.04537
1 0.307812 0.441667 0.009375 0.044444
1 0.311719 0.443981 0.009896 0.04537
1 0.296615 0.431481 0.006771 0.02963
1 0.302865 0.428704 0.006771 0.02963
7 0.51901 0.449074 0.011979 0.05
7 0.531771 0.448611 0.009375 0.056481
1 0.572396 0.460648 0.017708 0.089815
