7 0.50026 0.498611 0.050521 0.100926
1 0.630729 0.614815 0.089583 0.468519
9 0.913021 0.266667 0.175 0.535185
8 0.614323 0.449537 0.017188 0.082407
8 0.690104 0.453704 0.017708 0.109259
9 0.480208 0.447685 0.015625 0.128704
1 0.578385 0.483333 0.022396 0.127778
1 0.575521 0.499537 0.022917 0.102778
2 0.335938 0.496759 0.025 0.084259
2 0.259896 0.520833 0.036458 0.106481
2 0.368229 0.494907 0.032292 0.121296
1 0.491667 0.449074 0.013542 0.064815
1 0.5625 0.456944 0.019792 0.100926
1 0.527344 0.458796 0.018229 0.09537
1 0.598437 0.654167 0.1 0.565741
1 0.551823 0.631481 0.072396 0.481481
7 0.448437 0.472685 0.027083 0.069444
7 0.428906 0.468519 0.028646 0.055556
1 0.210677 0.48287 0.026562 0.10463
1 0.24401 0.472685 0.020313 0.102778
1 0.227083 0.473148 0.015625 0.1
1 0.226302 0.481019 0.022396 0.09537
7 0.204167 0.462037 0.021875 0.096296
1 0.224479 0.463426 0.016667 0.076852
1 0.396354 0.527315 0.059375 0.300926
1 0.340104 0.533333 0.054167 0.259259
1 0.277865 0.559259 0.073438 0.301852
1 0.201042 0.555093 0.09375 0.306481
1 0.646094 0.537963 0.054688 0.268519
1 0.457813 0.482407 0.029167 0.157407
1 0.648177 0.45787 0.018229 0.087963
1 0.520312 0.455556 0.014583 0.072222
1 0.509115 0.451389 0.013021 0.071296
1 0.33125 0.458796 0.014583 0.071296
1 0.38125 0.451852 0.0125 0.066667
7 0.350781 0.461111 0.013021 0.066667
7 0.365885 0.460185 0.009896 0.064815
7 0.379688 0.469444 0.009375 0.053704
1 0.288802 0.45463 0.013021 0.066667
1 0.276562 0.456019 0.0125 0.062037
4 0.369271 0.534722 0.033333 0.093519
9 0.480208 0.4375 0.013542 0.119444
4 0.336198 0.527315 0.048438 0.071296
4 0.266667 0.558796 0.071875 0.086111
1 0.258073 0.462037 0.013021 0.075926
1 0.28099 0.45 0.009896 0.05
1 0.309896 0.448148 0.009375 0.046296
1 0.300781 0.449537 0.008854 0.050926
1 0.314583 0.44537 0.009375 0.048148
1 0.311198 0.443981 0.009896 0.047222
7 0.51875 0.449074 0.011458 0.05
7 0.530729 0.447685 0.009375 0.056481
1 0.536458 0.453704 0.013542 0.068519
1 0.586719 0.462037 0.018229 0.092593
