7 0.50026 0.498611 0.050521 0.100926
1 0.636979 0.615741 0.090625 0.472222
9 0.913021 0.266667 0.175 0.535185
8 0.614323 0.449537 0.017188 0.082407
8 0.690104 0.453704 0.017708 0.109259
9 0.480208 0.447685 0.015625 0.128704
1 0.579688 0.481944 0.022917 0.130556
1 0.575521 0.499537 0.022917 0.102778
2 0.328125 0.496759 0.025 0.084259
2 0.245833 0.524074 0.0375 0.109259
2 0.360156 0.496759 0.033854 0.125
1 0.490625 0.449074 0.013542 0.064815
1 1.067969 0.786574 0.260937 0.919444
1 0.561458 0.456944 0.019792 0.100926
1 0.527344 0.458796 0.018229 0.09537
1 0.601823 0.668981 0.101562 0.59537
1 0.554948 0.63287 0.073438 0.484259
7 0.448437 0.472685 0.027083 0.069444
7 0.428906 0.468519 0.028646 0.055556
1 0.210156 0.481944 0.026562 0.10463
1 0.241406 0.472685 0.019271 0.102778
1 0.227083 0.473148 0.015625 0.1
1 0.226302 0.481019 0.022396 0.09537
7 0.204167 0.462037 0.021875 0.096296
1 0.224479 0.463426 0.016667 0.076852
1 0.405208 0.527778 0.059375 0.3
1 0.354687 0.53287 0.071875 0.258333
1 0.29401 0.556481 0.051562 0.296296
1 0.210938 0.552778 0.085417 0.3
1 0.654687 0.541667 0.059375 0.285185
1 0.452083 0.47963 0.028125 0.151852
1 0.646615 0.457407 0.018229 0.087037
1 0.522135 0.45787 0.016146 0.075
1 0.511719 0.452315 0.013021 0.071296
1 0.33125 0.458796 0.014583 0.071296
1 0.381771 0.451852 0.0125 0.066667
7 0.350781 0.461111 0.013021 0.066667
7 0.365885 0.460185 0.009896 0.064815
7 0.379948 0.469444 0.009896 0.053704
1 0.289323 0.45463 0.013021 0.066667
1 0.277083 0.456019 0.0125 0.062037
4 0.363021 0.537963 0.036458 0.094444
9 0.480208 0.4375 0.013542 0.119444
4 0.326302 0.530093 0.049479 0.071296
4 0.251563 0.561574 0.076042 0.087963
1 0.257292 0.461574 0.013542 0.075
1 0.28099 0.45 0.009896 0.05
1 0.309896 0.448148 0.009375 0.046296
1 0.300781 0.449537 0.008854 0.050926
1 0.314583 0.444907 0.009375 0.047222
1 0.311458 0.443981 0.010417 0.047222
7 0.51875 0.449074 0.011458 0.05
7 0.530729 0.447685 0.009375 0.056481
1 0.536198 0.455556 0.015104 0.072222
1 0.586719 0.462037 0.018229 0.092593
