7 0.50026 0.498611 0.050521 0.100926
1 0.802865 0.640741 0.085938 0.533333
9 0.913021 0.266667 0.175 0.535185
8 0.614323 0.449537 0.017188 0.082407
8 0.690104 0.453704 0.017708 0.109259
9 0.480208 0.447685 0.015625 0.128704
1 0.589323 0.472222 0.019271 0.144444
1 0.585417 0.486111 0.028125 0.12963
2 0.083333 0.544444 0.04375 0.127778
2 0.092448 0.565278 0.066146 0.230556
1 0.500781 0.449537 0.015104 0.071296
1 0.5375 0.461111 0.019792 0.1
1 0.514844 0.459259 0.018229 0.090741
1 0.876823 0.698148 0.152604 0.705556
1 0.740104 0.681019 0.105208 0.586111
7 0.448437 0.472685 0.027083 0.069444
7 0.428906 0.468519 0.028646 0.055556
1 0.211979 0.481019 0.026042 0.10463
1 0.230469 0.472222 0.017188 0.1
1 0.227865 0.473148 0.015104 0.1
1 0.227344 0.480093 0.022396 0.093519
7 0.204167 0.462037 0.021875 0.096296
1 0.228125 0.4625 0.017708 0.076852
1 0.478385 0.516204 0.047396 0.276852
1 0.557292 0.514352 0.038542 0.225
1 0.50651 0.54213 0.074479 0.262037
1 0.402344 0.525463 0.054688 0.249074
1 0.963542 0.602315 0.086458 0.475
1 0.373437 0.472685 0.021875 0.119444
1 0.622396 0.45463 0.017708 0.077778
1 0.590365 0.461574 0.019271 0.086111
1 0.576042 0.458333 0.017708 0.090741
1 0.340625 0.463889 0.016667 0.083333
1 0.384635 0.457407 0.014063 0.081481
7 0.354427 0.461111 0.013021 0.066667
7 0.366406 0.460648 0.009896 0.065741
7 0.37474 0.469444 0.013021 0.051852
1 0.305729 0.459722 0.016667 0.073148
1 0.288281 0.461111 0.014063 0.068519
4 0.094531 0.631944 0.123437 0.171296
9 0.480208 0.4375 0.013542 0.119444
4 0.086198 0.598148 0.113021 0.112963
1 0.244531 0.460185 0.013021 0.068519
1 0.284635 0.457407 0.009896 0.061111
1 0.307812 0.439352 0.009375 0.043519
1 0.311719 0.443981 0.009896 0.04537
1 0.296615 0.430556 0.006771 0.02963
1 0.302865 0.427778 0.006771 0.02963
7 0.51901 0.449074 0.011979 0.05
7 0.531771 0.448611 0.009375 0.056481
1 0.563542 0.462037 0.017708 0.088889
