7 0.50026 0.498611 0.050521 0.100926
1 0.617448 0.613426 0.093229 0.462037
9 0.913021 0.266667 0.175 0.535185
8 0.614323 0.449537 0.017188 0.082407
8 0.690104 0.453704 0.017708 0.109259
9 0.480208 0.447685 0.015625 0.128704
1 0.557813 0.497222 0.020833 0.098148
1 0.575781 0.5 0.021354 0.103704
2 0.374219 0.496759 0.022396 0.091667
2 0.364583 0.505093 0.025 0.099074
2 0.392969 0.49537 0.029687 0.103704
1 0.504427 0.45 0.014063 0.07037
1 0.573438 0.455093 0.019792 0.100926
1 0.524219 0.464815 0.018229 0.101852
1 0.603125 0.656019 0.098958 0.563889
1 0.508594 0.634722 0.076563 0.489815
7 0.448437 0.472685 0.027083 0.069444
7 0.428906 0.468519 0.028646 0.055556
1 0.209375 0.480556 0.022917 0.101852
1 0.2625 0.471296 0.017708 0.103704
1 0.231771 0.472222 0.015625 0.1
1 0.22526 0.481019 0.023438 0.09537
7 0.204167 0.462037 0.021875 0.096296
1 0.221094 0.465278 0.016146 0.076852
1 0.175781 0.568981 0.108854 0.382407
1 0.024219 0.569907 0.105729 0.315741
1 0.480729 0.507407 0.039583 0.2
1 0.615104 0.5125 0.05 0.234259
1 0.783594 0.45787 0.026562 0.102778
1 0.64974 0.461574 0.024479 0.097222
1 0.474479 0.449074 0.011458 0.064815
1 0.45 0.447222 0.013542 0.07037
1 0.335677 0.45463 0.011979 0.061111
1 0.363542 0.451389 0.011458 0.058333
7 0.34974 0.461111 0.013021 0.066667
7 0.365365 0.460185 0.009896 0.064815
7 0.37526 0.469444 0.008854 0.053704
4 0.392708 0.51713 0.028125 0.080556
9 0.479687 0.4375 0.013542 0.119444
4 0.371875 0.514815 0.020833 0.066667
4 0.357812 0.528704 0.026042 0.072222
1 0.269531 0.462963 0.014063 0.074074
1 0.28099 0.449537 0.008854 0.047222
1 0.307812 0.451852 0.010417 0.053704
1 0.296875 0.451852 0.009375 0.053704
1 0.296615 0.448611 0.009896 0.05463
1 0.316667 0.448148 0.011458 0.048148
1 0.308333 0.447222 0.010417 0.053704
1 0.2875 0.449537 0.010417 0.052778
7 0.51875 0.449074 0.011458 0.05
7 0.529167 0.447685 0.009375 0.056481
1 0.534635 0.455556 0.015104 0.072222
1 0.593229 0.461574 0.019792 0.091667
