7 0.50026 0.498611 0.050521 0.100926
1 0.83776 0.644907 0.105729 0.539815
9 0.913021 0.266667 0.175 0.535185
8 0.614323 0.449537 0.017188 0.082407
8 0.690104 0.453704 0.017708 0.109259
9 0.480208 0.447685 0.015625 0.128704
1 0.589583 0.472222 0.01875 0.144444
1 0.582552 0.482407 0.026562 0.125926
2 0.038021 0.55463 0.046875 0.146296
2 0.030469 0.568056 0.070312 0.249074
1 0.504687 0.450463 0.015625 0.075
1 0.535937 0.463889 0.019792 0.1
1 0.511198 0.459259 0.018229 0.090741
1 0.897656 0.706019 0.161979 0.706481
1 0.763542 0.687963 0.129167 0.6
7 0.448437 0.472685 0.027083 0.069444
7 0.428906 0.468519 0.028646 0.055556
1 0.211719 0.481019 0.025521 0.10463
1 0.229948 0.472222 0.017188 0.1
1 0.227865 0.473148 0.015104 0.1
1 0.227865 0.480093 0.022396 0.093519
7 0.204167 0.462037 0.021875 0.096296
1 0.228646 0.4625 0.017708 0.076852
1 0.48125 0.516204 0.047917 0.276852
1 0.573698 0.515278 0.051562 0.223148
1 0.520052 0.540741 0.064062 0.259259
1 0.417969 0.52037 0.044271 0.242593
1 0.366146 0.472222 0.020833 0.116667
1 0.622656 0.454167 0.017188 0.078704
1 0.598698 0.463889 0.018229 0.087037
1 0.586198 0.458333 0.018229 0.092593
1 0.345052 0.463426 0.016146 0.086111
1 0.383594 0.458796 0.015104 0.084259
7 0.354427 0.461111 0.013021 0.066667
7 0.366406 0.460648 0.009896 0.065741
7 0.37474 0.469444 0.011979 0.051852
1 0.306771 0.460648 0.016667 0.073148
1 0.289323 0.462037 0.013021 0.068519
4 0.033333 0.656481 0.123958 0.185185
9 0.480208 0.4375 0.013542 0.119444
4 0.034896 0.609259 0.11875 0.114815
1 0.244531 0.459722 0.013021 0.067593
1 0.285156 0.456481 0.009896 0.061111
1 0.308333 0.436574 0.009375 0.043519
1 0.311719 0.443981 0.009896 0.04537
1 0.295573 0.427778 0.006771 0.02963
1 0.302344 0.425926 0.006771 0.02963
7 0.51901 0.449074 0.011979 0.05
7 0.531771 0.448611 0.009375 0.056481
