7 0.50026 0.498611 0.050521 0.100926
1 0.369531 0.549537 0.050521 0.284259
9 0.913021 0.266667 0.175 0.535185
8 0.614323 0.449537 0.017188 0.082407
8 0.690104 0.453704 0.017708 0.109259
9 0.480208 0.447685 0.015625 0.128704
1 0.558073 0.498148 0.019271 0.101852
1 0.576042 0.500926 0.017708 0.105556
2 0.379167 0.493056 0.022917 0.084259
2 0.366927 0.504167 0.026562 0.097222
2 0.404687 0.481481 0.021875 0.087037
1 0.660417 0.459722 0.019792 0.091667
1 0.533333 0.458796 0.019792 0.09537
1 0.579688 0.455556 0.019792 0.1
1 0.496875 0.456481 0.021875 0.105556
1 0.321094 0.574537 0.067187 0.336111
1 0.416927 0.53287 0.042188 0.225
1 0.303125 0.558333 0.05 0.283333
7 0.448437 0.472685 0.027083 0.069444
7 0.428906 0.468519 0.028646 0.055556
1 0.271875 0.478241 0.017708 0.089815
1 0.266927 0.47037 0.016146 0.096296
1 0.242969 0.480093 0.021354 0.097222
7 0.204948 0.461111 0.021354 0.096296
1 0.235937 0.4625 0.01875 0.076852
1 0.317969 0.484259 0.022396 0.125926
1 0.415625 0.510185 0.04375 0.194444
1 0.569271 0.456019 0.015625 0.071296
1 0.389062 0.475463 0.019792 0.112037
7 0.369271 0.458796 0.013542 0.062037
7 0.375781 0.468056 0.009896 0.052778
4 0.405208 0.503241 0.021875 0.067593
9 0.480208 0.4375 0.013542 0.119444
4 0.375521 0.511574 0.020833 0.062037
4 0.365625 0.525463 0.023958 0.073148
1 0.321094 0.459722 0.013021 0.065741
1 0.299219 0.453241 0.011979 0.065741
1 0.321615 0.455556 0.011979 0.066667
7 0.517969 0.449537 0.009896 0.049074
7 0.527083 0.447685 0.009375 0.056481
1 0.308854 0.410648 0.010417 0.039815
1 0.315104 0.411111 0.009375 0.038889
