7 0.50026 0.498611 0.050521 0.100926
1 0.929167 0.652778 0.114583 0.562963
9 0.913021 0.266667 0.175 0.535185
8 0.614323 0.449537 0.017188 0.082407
8 0.690104 0.453704 0.017708 0.109259
9 0.480208 0.447685 0.015625 0.128704
1 0.590625 0.47037 0.01875 0.144444
1 0.57474 0.473611 0.022396 0.117593
1 0.516146 0.454167 0.017708 0.084259
1 0.532031 0.463889 0.020313 0.1
1 0.497656 0.458333 0.018229 0.090741
1 0.870312 0.693056 0.121875 0.636111
7 0.448437 0.472685 0.027083 0.069444
7 0.428906 0.468519 0.028646 0.055556
1 0.211458 0.481019 0.025 0.10463
1 0.229427 0.472685 0.016146 0.097222
1 0.228125 0.473148 0.015625 0.1
1 0.227865 0.480093 0.022396 0.093519
7 0.204167 0.462037 0.021875 0.096296
1 0.229687 0.461574 0.017708 0.076852
1 0.534896 0.516667 0.036458 0.27037
1 0.609896 0.515741 0.039583 0.224074
1 0.594792 0.539815 0.057292 0.259259
1 0.48724 0.516667 0.047396 0.233333
1 0.348177 0.471759 0.019271 0.10463
1 0.632031 0.457407 0.020313 0.101852
1 0.61901 0.45787 0.019271 0.097222
1 0.352344 0.465278 0.020313 0.089815
1 0.381771 0.460648 0.01875 0.091667
7 0.354427 0.461111 0.013021 0.066667
7 0.366406 0.460648 0.009896 0.065741
7 0.37474 0.469907 0.010937 0.052778
1 0.31224 0.460648 0.018229 0.075
1 0.292708 0.4625 0.013542 0.073148
9 0.480729 0.4375 0.013542 0.119444
1 0.241667 0.461111 0.0125 0.066667
1 0.270573 0.45 0.010937 0.051852
1 0.288542 0.457407 0.011458 0.062963
1 0.309375 0.432407 0.009375 0.042593
1 0.311719 0.443981 0.009896 0.04537
1 0.297917 0.425 0.00625 0.02963
1 0.302865 0.422222 0.006771 0.02963
7 0.519271 0.449074 0.0125 0.05
7 0.531771 0.448611 0.009375 0.056481
1 0.553646 0.459259 0.016667 0.07963
