7 0.50026 0.498611 0.050521 0.100926
1 0.54375 0.593981 0.0875 0.400926
9 0.913021 0.266667 0.175 0.535185
8 0.614323 0.449537 0.017188 0.082407
8 0.690104 0.453704 0.017708 0.109259
9 0.480208 0.447685 0.015625 0.128704
1 0.557552 0.499537 0.020313 0.097222
1 0.575781 0.5 0.020313 0.103704
2 0.37474 0.494907 0.022396 0.086111
2 0.366146 0.505093 0.025 0.099074
2 0.391667 0.496296 0.026042 0.103704
1 0.591667 0.4625 0.019792 0.091667
1 0.51849 0.453704 0.016146 0.07963
1 0.581771 0.455093 0.019792 0.100926
1 0.516146 0.465278 0.01875 0.10463
1 0.525781 0.67037 0.083854 0.587037
1 0.69401 0.579167 0.105729 0.347222
1 0.453385 0.615741 0.069271 0.427778
7 0.448437 0.472685 0.027083 0.069444
7 0.428906 0.468519 0.028646 0.055556
1 0.224219 0.480556 0.020313 0.101852
1 0.275521 0.47037 0.016667 0.1
1 0.252344 0.471759 0.016146 0.09537
1 0.224479 0.481944 0.025 0.093519
7 0.204167 0.462037 0.021875 0.096296
1 0.230208 0.464815 0.015625 0.075926
1 0.357292 0.502315 0.032292 0.173148
1 0.703646 0.547685 0.084375 0.313889
1 0.976302 0.547222 0.089063 0.346296
1 0.676042 0.462963 0.026042 0.096296
1 0.586719 0.465278 0.031771 0.106481
1 0.406771 0.451852 0.0125 0.064815
1 0.408333 0.449537 0.013542 0.067593
1 0.320312 0.452315 0.010417 0.05463
1 0.329167 0.450926 0.009375 0.055556
7 0.348698 0.461111 0.013021 0.066667
7 0.364844 0.460185 0.009896 0.064815
7 0.375521 0.468519 0.008333 0.053704
4 0.392969 0.517593 0.028646 0.077778
9 0.479167 0.4375 0.013542 0.119444
4 0.371875 0.513889 0.020833 0.064815
4 0.363802 0.526389 0.024479 0.073148
1 0.266406 0.466667 0.011979 0.075926
1 0.31224 0.45463 0.010937 0.057407
1 0.299219 0.456481 0.009896 0.057407
1 0.292969 0.450926 0.011979 0.059259
1 0.31849 0.451389 0.011979 0.052778
1 0.305729 0.45 0.011458 0.059259
1 0.279167 0.452315 0.014583 0.056481
7 0.51849 0.449537 0.010937 0.049074
7 0.527604 0.447685 0.009375 0.056481
1 0.52526 0.457407 0.016146 0.083333
1 0.313021 0.420833 0.010417 0.039815
1 0.318229 0.418519 0.009375 0.038889
