7 0.50026 0.498611 0.050521 0.100926
1 0.45026 0.569907 0.061979 0.341667
9 0.913021 0.266667 0.175 0.535185
8 0.614323 0.449537 0.017188 0.082407
8 0.690104 0.453704 0.017708 0.109259
9 0.480208 0.447685 0.015625 0.128704
1 0.557292 0.498611 0.019792 0.100926
1 0.575781 0.500463 0.019271 0.10463
2 0.376563 0.493981 0.022917 0.084259
2 0.366406 0.50463 0.025521 0.098148
2 0.394271 0.490741 0.022917 0.098148
1 0.605208 0.461574 0.019792 0.091667
1 0.527083 0.45787 0.01875 0.091667
1 0.581771 0.455093 0.019792 0.100926
1 0.514323 0.461574 0.018229 0.10463
1 0.375521 0.634722 0.086458 0.486111
1 0.520573 0.55787 0.057812 0.293519
1 0.388021 0.585185 0.066667 0.346296
7 0.448437 0.472685 0.027083 0.069444
7 0.428906 0.468519 0.028646 0.055556
1 0.248698 0.481481 0.019271 0.1
1 0.273698 0.470833 0.017188 0.099074
1 0.261198 0.472685 0.016146 0.09537
1 0.224479 0.481481 0.025 0.098148
7 0.204167 0.461111 0.021875 0.096296
1 0.250781 0.4625 0.016146 0.076852
1 0.310937 0.494444 0.030208 0.15
1 0.552083 0.526389 0.04375 0.250926
1 0.61875 0.460185 0.020833 0.087037
1 0.515625 0.468519 0.01875 0.118519
7 0.35026 0.462963 0.013021 0.066667
7 0.365625 0.458333 0.0125 0.062963
7 0.375781 0.468056 0.008854 0.052778
4 0.392969 0.518056 0.028646 0.076852
9 0.479167 0.4375 0.013542 0.119444
4 0.372917 0.512963 0.020833 0.062963
4 0.365625 0.525463 0.023958 0.073148
1 0.316406 0.456019 0.013021 0.060185
1 0.302083 0.45787 0.010417 0.060185
1 0.291406 0.451852 0.013021 0.064815
1 0.313021 0.452315 0.011458 0.060185
1 0.276562 0.454167 0.014583 0.060185
7 0.518229 0.449537 0.010417 0.049074
7 0.527083 0.447685 0.009375 0.056481
1 0.508594 0.455093 0.017188 0.091667
1 0.309896 0.411574 0.010417 0.039815
1 0.315625 0.411111 0.009375 0.038889
