7 0.50026 0.498611 0.050521 0.100926
1 0.619531 0.613426 0.086979 0.460185
9 0.913021 0.266667 0.175 0.535185
8 0.614323 0.449537 0.017188 0.082407
8 0.690104 0.453704 0.017708 0.109259
9 0.480208 0.447685 0.015625 0.128704
1 0.57526 0.485185 0.022396 0.124074
1 0.575521 0.499537 0.022917 0.102778
2 0.352083 0.493981 0.025 0.084259
2 0.290625 0.513426 0.033333 0.100926
2 0.378385 0.493056 0.030729 0.115741
1 0.49375 0.448611 0.013542 0.065741
1 0.564063 0.456944 0.019792 0.100926
1 0.527344 0.459259 0.018229 0.096296
1 0.609896 0.65463 0.1 0.559259
1 0.546875 0.629167 0.066667 0.476852
7 0.448437 0.472685 0.027083 0.069444
7 0.428906 0.468519 0.028646 0.055556
1 0.210938 0.481481 0.027083 0.103704
1 0.247396 0.471759 0.01875 0.100926
1 0.227083 0.472222 0.015625 0.1
1 0.225781 0.481019 0.022396 0.09537
7 0.204167 0.462037 0.021875 0.096296
1 0.223958 0.464352 0.016667 0.076852
1 0.374219 0.533333 0.078646 0.309259
1 0.298698 0.541204 0.076563 0.271296
1 0.252865 0.561111 0.057812 0.303704
1 0.157812 0.561111 0.072917 0.32037
1 0.609896 0.52963 0.05 0.251852
1 0.472656 0.487037 0.031771 0.162963
1 0.653385 0.457407 0.018229 0.088889
1 0.513802 0.456481 0.014063 0.072222
1 0.502083 0.451852 0.013542 0.072222
1 0.33125 0.45787 0.014583 0.071296
1 0.379948 0.450926 0.013021 0.064815
7 0.350781 0.461111 0.013021 0.066667
7 0.365885 0.460185 0.009896 0.064815
7 0.379167 0.469444 0.009375 0.053704
1 0.28724 0.454167 0.013021 0.065741
1 0.276042 0.456019 0.0125 0.062037
4 0.378385 0.52963 0.030729 0.090741
9 0.479687 0.4375 0.013542 0.119444
4 0.352865 0.522222 0.034896 0.07037
4 0.296354 0.550463 0.061458 0.082407
1 0.260677 0.462037 0.013021 0.075926
1 0.28099 0.45 0.009896 0.05
1 0.309115 0.448611 0.009896 0.047222
1 0.300781 0.449537 0.008854 0.050926
1 0.314583 0.445833 0.009375 0.049074
1 0.310937 0.444444 0.010417 0.048148
1 0.290104 0.448148 0.009375 0.051852
7 0.51875 0.449074 0.011458 0.05
7 0.530208 0.447685 0.009375 0.056481
1 0.536198 0.453241 0.013021 0.067593
1 0.586719 0.462037 0.018229 0.092593
