7 0.50026 0.498611 0.050521 0.100926
1 0.702083 0.637037 0.094792 0.509259
9 0.913021 0.266667 0.175 0.535185
8 0.614323 0.449537 0.017188 0.082407
8 0.690104 0.453704 0.017708 0.109259
9 0.480208 0.447685 0.015625 0.128704
1 0.589063 0.475 0.020833 0.144444
1 0.575521 0.496296 0.021875 0.109259
2 0.23099 0.528241 0.038021 0.117593
2 0.089844 0.543056 0.050521 0.115741
2 0.272135 0.516204 0.044271 0.160185
1 0.486719 0.444907 0.013021 0.058333
1 0.131771 0.793519 0.216667 0.888889
1 0.555729 0.456944 0.019792 0.100926
1 0.527344 0.458796 0.018229 0.091667
1 0.716406 0.683333 0.100521 0.627778
1 0.630729 0.658796 0.078125 0.536111
7 0.448437 0.472685 0.027083 0.069444
7 0.428906 0.468519 0.028646 0.055556
1 0.210677 0.481481 0.026562 0.105556
1 0.23151 0.473611 0.018229 0.100926
1 0.227344 0.473148 0.015104 0.1
1 0.226823 0.480556 0.022396 0.094444
7 0.204167 0.462037 0.021875 0.096296
1 0.226302 0.463426 0.017188 0.076852
1 0.457031 0.517593 0.045312 0.27963
1 0.463021 0.517593 0.05 0.238889
1 0.40599 0.541667 0.047396 0.275926
1 0.330729 0.529167 0.041667 0.25463
1 0.79401 0.561111 0.064062 0.353704
1 0.410938 0.476389 0.025 0.130556
1 0.631771 0.456481 0.017708 0.07963
1 0.550521 0.459259 0.015625 0.081481
1 0.539844 0.453704 0.014063 0.077778
1 0.332292 0.461111 0.017708 0.077778
1 0.386719 0.455556 0.015104 0.074074
7 0.351823 0.461111 0.013021 0.066667
7 0.365885 0.460185 0.009896 0.064815
7 0.378125 0.469907 0.010417 0.052778
1 0.300521 0.454167 0.015625 0.069444
1 0.28099 0.458333 0.013021 0.064815
4 0.278385 0.570833 0.068229 0.119444
9 0.480208 0.4375 0.013542 0.119444
4 0.233854 0.5625 0.061458 0.089815
4 0.09375 0.593056 0.107292 0.110185
1 0.25026 0.462037 0.014063 0.07037
1 0.282031 0.453704 0.008854 0.057407
1 0.310937 0.448611 0.009375 0.04537
1 0.310937 0.443056 0.009375 0.04537
1 0.311719 0.443981 0.009896 0.04537
7 0.51901 0.449074 0.011979 0.05
7 0.53125 0.447685 0.009375 0.056481
1 0.536979 0.453704 0.014583 0.072222
