7 0.50026 0.498611 0.050521 0.100926
1 0.852865 0.57037 0.101562 0.394444
1 0.333333 0.535648 0.046875 0.249074
9 0.913021 0.266667 0.175 0.535185
8 0.614323 0.449537 0.017188 0.082407
8 0.690104 0.453704 0.017708 0.109259
9 0.480208 0.447685 0.015625 0.128704
1 0.908594 0.564352 0.101562 0.352778
1 0.558854 0.498148 0.01875 0.101852
1 0.576042 0.500926 0.016667 0.105556
2 0.386979 0.490741 0.023958 0.072222
2 0.367188 0.504167 0.027083 0.097222
2 0.38776 0.459722 0.014063 0.069444
1 0.663802 0.460185 0.017188 0.092593
1 0.538021 0.461111 0.020833 0.107407
1 0.582292 0.457407 0.019792 0.1
1 0.495573 0.455556 0.022396 0.105556
1 0.273177 0.544907 0.060937 0.267593
1 0.356771 0.51713 0.035417 0.180556
1 0.760417 0.457407 0.035417 0.12037
1 0.819792 0.457407 0.028125 0.124074
1 0.28151 0.541204 0.046354 0.230556
7 0.448437 0.472685 0.027083 0.069444
7 0.428906 0.468519 0.028646 0.055556
1 0.29401 0.471759 0.018229 0.086111
7 0.20599 0.461111 0.021354 0.096296
1 0.228385 0.463889 0.020313 0.077778
1 0.311719 0.484259 0.018229 0.125926
1 0.529167 0.456019 0.016667 0.071296
1 0.342708 0.481481 0.019792 0.12037
7 0.370833 0.458796 0.014583 0.062037
7 0.375781 0.468056 0.009896 0.052778
4 0.389583 0.488889 0.015625 0.046296
9 0.480729 0.4375 0.013542 0.119444
4 0.382031 0.507407 0.020313 0.061111
4 0.365625 0.525463 0.023958 0.073148
7 0.517969 0.449537 0.009896 0.049074
7 0.527083 0.447685 0.009375 0.056481
1 0.30625 0.415278 0.010417 0.039815
1 0.314583 0.412963 0.009375 0.038889
