7 0.50026 0.498611 0.050521 0.100926
1 0.982552 0.65 0.099479 0.562963
9 0.913021 0.266667 0.175 0.535185
8 0.614323 0.449537 0.017188 0.082407
8 0.690104 0.453704 0.017708 0.109259
9 0.480208 0.447685 0.015625 0.128704
1 0.591146 0.469444 0.01875 0.144444
1 0.56901 0.47037 0.021354 0.114815
1 0.522917 0.456481 0.01875 0.090741
1 0.528385 0.465278 0.020313 0.100926
1 0.481771 0.461574 0.017708 0.091667
1 0.931771 0.702315 0.132292 0.656481
7 0.448437 0.472685 0.027083 0.069444
7 0.428906 0.468519 0.028646 0.055556
1 0.211198 0.481019 0.024479 0.10463
1 0.229687 0.472685 0.015625 0.097222
1 0.228385 0.473148 0.015104 0.1
1 0.227865 0.480556 0.022396 0.092593
7 0.204167 0.462037 0.021875 0.096296
1 0.230729 0.461574 0.017708 0.076852
1 0.561719 0.515278 0.067187 0.265741
1 0.619792 0.512963 0.044792 0.227778
1 0.633854 0.536111 0.065625 0.253704
1 0.521875 0.512963 0.046875 0.225926
1 0.341667 0.469444 0.017708 0.1
1 0.652344 0.460185 0.021354 0.105556
1 0.354167 0.466204 0.019792 0.093519
1 0.385156 0.4625 0.020313 0.09537
7 0.354427 0.461111 0.013021 0.066667
7 0.366406 0.460648 0.009896 0.065741
7 0.37474 0.469907 0.009896 0.052778
1 0.313021 0.461574 0.017708 0.076852
1 0.294792 0.462963 0.014583 0.074074
9 0.480729 0.4375 0.013542 0.119444
1 0.23776 0.461111 0.010937 0.066667
1 0.282292 0.448611 0.009375 0.052778
1 0.289583 0.460185 0.0125 0.068519
1 0.309896 0.430093 0.009375 0.041667
1 0.310417 0.439352 0.009375 0.041667
1 0.297396 0.423148 0.00625 0.027778
1 0.303385 0.419444 0.006771 0.02963
7 0.519271 0.449074 0.0125 0.05
7 0.531771 0.448611 0.009375 0.056481
1 0.552604 0.458333 0.015625 0.083333
