7 0.50026 0.498611 0.050521 0.100926
1 0.567187 0.600926 0.083333 0.424074
9 0.913021 0.266667 0.175 0.535185
8 0.614323 0.449537 0.017188 0.082407
8 0.690104 0.453704 0.017708 0.109259
9 0.480208 0.447685 0.015625 0.128704
1 0.557813 0.498148 0.020833 0.098148
1 0.575521 0.5 0.020833 0.103704
2 0.374479 0.496296 0.021875 0.090741
2 0.365885 0.505093 0.024479 0.099074
2 0.392448 0.496296 0.027604 0.103704
1 0.59375 0.461574 0.019792 0.091667
1 0.51276 0.450926 0.014063 0.07037
1 0.579688 0.455093 0.019792 0.100926
1 0.520052 0.46713 0.018229 0.10463
1 0.5625 0.666667 0.079167 0.588889
1 0.854948 0.606944 0.128646 0.415741
1 0.491146 0.626389 0.0875 0.462037
7 0.448437 0.472685 0.027083 0.069444
7 0.428906 0.468519 0.028646 0.055556
1 0.209896 0.481019 0.021875 0.102778
1 0.273438 0.471296 0.016667 0.1
1 0.239062 0.472222 0.015625 0.098148
1 0.22474 0.481481 0.024479 0.094444
7 0.204167 0.462037 0.021875 0.096296
1 0.219271 0.465278 0.015625 0.076852
1 0.409375 0.503704 0.033333 0.188889
1 0.828906 0.562963 0.098437 0.364815
1 0.767448 0.524537 0.081771 0.267593
1 0.722135 0.460648 0.029687 0.097222
1 0.615625 0.463889 0.025 0.1
1 0.438021 0.449074 0.011458 0.064815
1 0.423437 0.448148 0.013542 0.07037
1 0.330729 0.452315 0.010417 0.05463
1 0.347656 0.450926 0.011979 0.055556
7 0.349219 0.461111 0.013021 0.066667
7 0.364844 0.460185 0.009896 0.064815
7 0.374479 0.468519 0.008333 0.053704
4 0.392969 0.516667 0.028646 0.07963
9 0.479167 0.4375 0.013542 0.119444
4 0.371875 0.514352 0.020833 0.065741
4 0.360938 0.527315 0.025 0.073148
1 0.26849 0.466667 0.011979 0.074074
1 0.307552 0.453704 0.010937 0.055556
1 0.298177 0.454167 0.016146 0.05463
1 0.295573 0.449074 0.009896 0.055556
1 0.316406 0.449537 0.011979 0.050926
1 0.307552 0.449537 0.010937 0.058333
1 0.283594 0.450463 0.010937 0.05463
7 0.51849 0.449074 0.010937 0.05
7 0.528125 0.447685 0.009375 0.056481
1 0.532813 0.45787 0.015625 0.075
1 0.315104 0.427315 0.010417 0.039815
