7 0.50026 0.498611 0.050521 0.100926
1 0.619531 0.609259 0.085938 0.487037
9 0.913021 0.266667 0.175 0.535185
8 0.614323 0.449537 0.017188 0.082407
8 0.690104 0.453704 0.017708 0.109259
9 0.480208 0.447685 0.015625 0.128704
1 0.571875 0.487037 0.021875 0.118519
1 0.575781 0.499537 0.022396 0.102778
2 0.366927 0.493519 0.024479 0.085185
2 0.31901 0.507407 0.030729 0.096296
2 0.386979 0.491667 0.029167 0.111111
1 0.495312 0.449074 0.013542 0.066667
1 0.565104 0.456019 0.019792 0.100926
1 0.525 0.460648 0.01875 0.097222
1 0.616406 0.655093 0.113021 0.560185
1 0.54349 0.629167 0.068229 0.476852
7 0.448437 0.472685 0.027083 0.069444
7 0.428906 0.468519 0.028646 0.055556
1 0.210417 0.481481 0.027083 0.103704
1 0.251042 0.471296 0.017708 0.1
1 0.227604 0.472222 0.015625 0.1
1 0.225781 0.481019 0.022396 0.09537
7 0.204167 0.462037 0.021875 0.096296
1 0.223437 0.464352 0.016667 0.076852
1 0.352344 0.533333 0.059896 0.312963
1 0.260156 0.539815 0.060937 0.272222
1 0.208594 0.576852 0.085938 0.318519
1 0.111198 0.572222 0.102604 0.331481
1 0.589844 0.528241 0.049479 0.252778
1 0.489063 0.489815 0.030208 0.164815
1 0.658073 0.457407 0.018229 0.088889
1 0.508854 0.456481 0.0125 0.072222
1 0.494792 0.451852 0.013542 0.07037
1 0.331771 0.455556 0.014583 0.066667
1 0.378125 0.450463 0.013542 0.063889
7 0.350781 0.461111 0.013021 0.066667
7 0.365885 0.460185 0.009896 0.064815
7 0.378646 0.469444 0.009375 0.053704
1 0.285417 0.453241 0.0125 0.063889
1 0.275 0.456019 0.0125 0.062037
4 0.386198 0.523611 0.028646 0.087963
9 0.479687 0.4375 0.013542 0.119444
4 0.364323 0.518519 0.023438 0.068519
4 0.320833 0.543981 0.054167 0.076852
1 0.26276 0.462037 0.013021 0.075926
1 0.28099 0.450463 0.009896 0.049074
1 0.308854 0.449074 0.010417 0.048148
1 0.3 0.450463 0.009375 0.050926
1 0.315104 0.446759 0.009375 0.049074
1 0.310417 0.444907 0.010417 0.049074
1 0.291667 0.449074 0.009375 0.051852
7 0.51875 0.449074 0.011458 0.05
7 0.530208 0.447685 0.009375 0.056481
1 0.535937 0.453704 0.013542 0.068519
1 0.586719 0.462037 0.018229 0.092593
