7 0.50026 0.498611 0.050521 0.100926
1 0.844271 0.646759 0.107292 0.541667
9 0.913021 0.266667 0.175 0.535185
8 0.614323 0.449537 0.017188 0.082407
8 0.690104 0.453704 0.017708 0.109259
9 0.480208 0.447685 0.015625 0.128704
1 0.589844 0.471296 0.019271 0.144444
1 0.581771 0.481944 0.026042 0.125
2 0.022396 0.555556 0.046875 0.146296
2 0.009115 0.573611 0.071354 0.243519
1 0.505729 0.450926 0.015625 0.075926
1 0.535417 0.463889 0.019792 0.1
1 0.510156 0.459259 0.018229 0.090741
1 0.905729 0.701389 0.161458 0.706481
1 0.773958 0.688426 0.121875 0.600926
7 0.448437 0.472685 0.027083 0.069444
7 0.428906 0.468519 0.028646 0.055556
1 0.211719 0.481019 0.025521 0.10463
1 0.229687 0.472222 0.016667 0.1
1 0.227865 0.473148 0.015104 0.1
1 0.227865 0.480093 0.022396 0.093519
7 0.204167 0.462037 0.021875 0.096296
1 0.228646 0.4625 0.017708 0.076852
1 0.484896 0.516667 0.045833 0.275926
1 0.577604 0.515278 0.052083 0.223148
1 0.531771 0.540278 0.05 0.258333
1 0.427083 0.519444 0.042708 0.240741
1 0.364323 0.471759 0.021354 0.113889
1 0.622656 0.453704 0.017188 0.07963
1 0.602083 0.463426 0.019792 0.087963
1 0.589323 0.45787 0.018229 0.093519
1 0.345052 0.463426 0.016146 0.086111
1 0.382812 0.458796 0.015625 0.084259
7 0.354427 0.461111 0.013021 0.066667
7 0.366406 0.460648 0.009896 0.065741
7 0.37474 0.469444 0.011979 0.051852
1 0.306771 0.460648 0.016667 0.073148
1 0.289844 0.4625 0.013021 0.069444
4 0.015104 0.659722 0.123958 0.184259
9 0.480208 0.4375 0.013542 0.119444
4 0.020313 0.610185 0.11875 0.114815
1 0.24401 0.459722 0.013021 0.067593
1 0.285677 0.456481 0.009896 0.061111
1 0.308333 0.436574 0.009375 0.043519
1 0.311719 0.443981 0.009896 0.04537
1 0.295052 0.426852 0.006771 0.02963
1 0.302344 0.425 0.006771 0.02963
7 0.51901 0.449074 0.011979 0.05
7 0.531771 0.448611 0.009375 0.056481
