7 0.50026 0.498611 0.050521 0.100926
1 0.709115 0.637037 0.097396 0.509259
9 0.913021 0.266667 0.175 0.535185
8 0.614323 0.449537 0.017188 0.082407
8 0.690104 0.453704 0.017708 0.109259
9 0.480208 0.447685 0.015625 0.128704
1 0.588802 0.475 0.019271 0.144444
1 0.575521 0.494907 0.021875 0.112037
2 0.223698 0.530093 0.039062 0.119444
2 0.076823 0.544907 0.050521 0.115741
2 0.2625 0.518056 0.044792 0.163889
1 0.48724 0.444444 0.013021 0.059259
1 0.091146 0.80463 0.216667 0.883333
1 0.555208 0.45787 0.019792 0.100926
1 0.526823 0.459259 0.018229 0.090741
1 0.729427 0.684722 0.091146 0.634259
1 0.635156 0.662037 0.078646 0.542593
7 0.448437 0.472685 0.027083 0.069444
7 0.428906 0.468519 0.028646 0.055556
1 0.211198 0.481481 0.026562 0.105556
1 0.23099 0.473611 0.018229 0.100926
1 0.227344 0.473148 0.015104 0.1
1 0.226823 0.480556 0.022396 0.094444
7 0.204167 0.462037 0.021875 0.096296
1 0.226302 0.463426 0.017188 0.076852
1 0.457552 0.518519 0.044271 0.27963
1 0.467969 0.515741 0.046354 0.237037
1 0.411979 0.540741 0.048958 0.275926
1 0.33724 0.528704 0.040104 0.255556
1 0.80625 0.561111 0.058333 0.357407
1 0.408073 0.475463 0.024479 0.130556
1 0.630729 0.456481 0.017708 0.07963
1 0.553125 0.459722 0.015625 0.082407
1 0.542708 0.45463 0.015625 0.077778
1 0.332292 0.461111 0.017708 0.077778
1 0.386979 0.456019 0.014583 0.075
7 0.351823 0.461111 0.013021 0.066667
7 0.366406 0.460648 0.009896 0.065741
7 0.377604 0.469444 0.011458 0.051852
1 0.301302 0.45463 0.016146 0.07037
1 0.28099 0.458333 0.013021 0.064815
4 0.269271 0.573148 0.069792 0.122222
9 0.480208 0.4375 0.013542 0.119444
4 0.225781 0.564815 0.064062 0.094444
4 0.083333 0.593981 0.10625 0.108333
1 0.24974 0.461111 0.014063 0.07037
1 0.282031 0.453704 0.008854 0.057407
1 0.311458 0.449537 0.009375 0.04537
1 0.310417 0.443519 0.009375 0.044444
1 0.311719 0.443981 0.009896 0.04537
7 0.51901 0.449074 0.011979 0.05
7 0.531771 0.448611 0.009375 0.056481
1 0.536458 0.453704 0.014583 0.072222
1 0.585677 0.461111 0.018229 0.092593
