7 0.50026 0.498611 0.050521 0.100926
1 0.724219 0.637037 0.095312 0.511111
9 0.913021 0.266667 0.175 0.535185
8 0.614323 0.449537 0.017188 0.082407
8 0.690104 0.453704 0.017708 0.109259
9 0.480208 0.447685 0.015625 0.128704
1 0.588802 0.474074 0.019271 0.144444
1 0.575521 0.493056 0.020833 0.115741
2 0.210417 0.531019 0.040625 0.119444
2 0.055469 0.547685 0.050521 0.115741
2 0.242188 0.524074 0.047917 0.172222
1 0.489063 0.44537 0.013542 0.061111
1 0.038281 0.799537 0.217188 0.882407
1 0.552604 0.458333 0.019792 0.1
1 0.52526 0.459259 0.018229 0.090741
1 0.75651 0.696759 0.118229 0.662037
1 0.646875 0.661574 0.086458 0.541667
7 0.448437 0.472685 0.027083 0.069444
7 0.428906 0.468519 0.028646 0.055556
1 0.211198 0.481481 0.026562 0.105556
1 0.230729 0.473611 0.017708 0.100926
1 0.227604 0.473148 0.015625 0.1
1 0.226823 0.480556 0.022396 0.094444
7 0.204167 0.462037 0.021875 0.096296
1 0.226823 0.4625 0.017188 0.076852
1 0.458854 0.518056 0.042708 0.278704
1 0.480208 0.514352 0.055208 0.234259
1 0.417448 0.540741 0.052604 0.275926
1 0.347135 0.527778 0.042188 0.253704
1 0.830729 0.565278 0.085417 0.365741
1 0.403385 0.473611 0.022396 0.128704
1 0.629167 0.456019 0.017708 0.078704
1 0.55625 0.461111 0.015625 0.085185
1 0.547656 0.458333 0.018229 0.077778
1 0.332292 0.461111 0.017708 0.077778
1 0.386979 0.456481 0.014583 0.075926
7 0.352344 0.461111 0.013021 0.066667
7 0.366406 0.460648 0.009896 0.065741
7 0.376823 0.469444 0.013021 0.051852
1 0.302083 0.455556 0.016667 0.072222
1 0.282552 0.458796 0.013021 0.065741
4 0.250781 0.579167 0.074479 0.128704
9 0.480208 0.4375 0.013542 0.119444
4 0.211198 0.568981 0.069271 0.099074
4 0.066406 0.596296 0.104688 0.107407
1 0.248698 0.461111 0.014063 0.07037
1 0.282552 0.454167 0.008854 0.058333
1 0.311458 0.449537 0.009375 0.04537
1 0.309635 0.443519 0.008854 0.044444
1 0.311719 0.443981 0.009896 0.04537
7 0.51901 0.449074 0.011979 0.05
7 0.531771 0.448611 0.009375 0.056481
1 0.536198 0.453704 0.015104 0.072222
1 0.582812 0.460185 0.017708 0.092593
