7 0.50026 0.498611 0.050521 0.100926
1 0.754687 0.6375 0.105208 0.517593
9 0.913021 0.266667 0.175 0.535185
8 0.614323 0.449537 0.017188 0.082407
8 0.690104 0.453704 0.017708 0.109259
9 0.480208 0.447685 0.015625 0.128704
1 0.588802 0.474074 0.019271 0.144444
1 0.575521 0.487963 0.019792 0.12963
2 0.179948 0.534259 0.042188 0.118519
2 0.007552 0.553241 0.050521 0.115741
2 0.196875 0.536574 0.054167 0.189815
1 0.492969 0.446759 0.014063 0.063889
1 0.548177 0.459259 0.020313 0.1
1 0.521615 0.459259 0.018229 0.090741
1 0.785156 0.705093 0.146354 0.684259
1 0.674219 0.662037 0.094271 0.540741
7 0.448437 0.472685 0.027083 0.069444
7 0.428906 0.468519 0.028646 0.055556
1 0.211719 0.481481 0.026562 0.105556
1 0.229687 0.473611 0.017708 0.100926
1 0.227604 0.473148 0.015625 0.1
1 0.226823 0.480556 0.022396 0.094444
7 0.204167 0.462037 0.021875 0.096296
1 0.227344 0.4625 0.017188 0.076852
1 0.46224 0.517593 0.041146 0.277778
1 0.503906 0.514352 0.058854 0.230556
1 0.45026 0.540741 0.065104 0.266667
1 0.367188 0.524537 0.059375 0.249074
1 0.870573 0.575926 0.085938 0.394444
1 0.395573 0.473611 0.023438 0.121296
1 0.625521 0.456019 0.017708 0.076852
1 0.565365 0.458333 0.018229 0.087037
1 0.557031 0.456019 0.018229 0.086111
1 0.335677 0.460648 0.017188 0.078704
1 0.386198 0.456944 0.014063 0.078704
7 0.353385 0.461111 0.013021 0.066667
7 0.366406 0.460648 0.009896 0.065741
7 0.375 0.469444 0.013542 0.051852
1 0.303646 0.456481 0.016667 0.072222
1 0.285417 0.459722 0.013542 0.067593
4 0.209635 0.594444 0.084896 0.140741
9 0.480208 0.4375 0.013542 0.119444
4 0.177604 0.575926 0.083333 0.105556
4 0.020573 0.6125 0.107812 0.106481
1 0.247135 0.461111 0.014063 0.07037
1 0.283594 0.45463 0.008854 0.057407
1 0.311458 0.449537 0.009375 0.04537
1 0.307812 0.443519 0.009375 0.044444
1 0.311719 0.443981 0.009896 0.04537
7 0.51901 0.449074 0.011979 0.05
7 0.531771 0.448611 0.009375 0.056481
1 0.536719 0.451389 0.014063 0.065741
