7 0.50026 0.498611 0.050521 0.100926
1 0.741406 0.637037 0.099479 0.514815
9 0.913021 0.266667 0.175 0.535185
8 0.614323 0.449537 0.017188 0.082407
8 0.690104 0.453704 0.017708 0.109259
9 0.480208 0.447685 0.015625 0.128704
1 0.588802 0.474074 0.019271 0.144444
1 0.575521 0.490741 0.019792 0.122222
2 0.194531 0.532407 0.042188 0.118519
2 0.029427 0.550463 0.050521 0.115741
2 0.217448 0.531019 0.051562 0.182407
1 0.491146 0.445833 0.013542 0.062037
1 -0.028646 0.794444 0.216667 0.881481
1 0.54974 0.459259 0.020313 0.1
1 0.523177 0.459259 0.018229 0.090741
1 0.780208 0.705556 0.141667 0.685185
1 0.661458 0.662037 0.086458 0.540741
7 0.448437 0.472685 0.027083 0.069444
7 0.428906 0.468519 0.028646 0.055556
1 0.211458 0.481481 0.026042 0.105556
1 0.230208 0.473611 0.017708 0.100926
1 0.227604 0.473148 0.015625 0.1
1 0.226823 0.480556 0.022396 0.094444
7 0.204167 0.462037 0.021875 0.096296
1 0.226823 0.4625 0.017188 0.076852
1 0.460677 0.517593 0.041146 0.277778
1 0.491406 0.514815 0.065104 0.231481
1 0.4375 0.541667 0.046875 0.27037
1 0.357552 0.525 0.048438 0.25
1 0.857031 0.576852 0.106771 0.37963
1 0.398958 0.475 0.021875 0.125926
1 0.627083 0.456019 0.017708 0.076852
1 0.560417 0.459722 0.017708 0.086111
1 0.552344 0.456019 0.018229 0.084259
1 0.333073 0.460648 0.017188 0.078704
1 0.386458 0.456944 0.014583 0.078704
7 0.352865 0.461111 0.013021 0.066667
7 0.366406 0.460648 0.009896 0.065741
7 0.375781 0.469444 0.014063 0.051852
1 0.302865 0.456481 0.017188 0.072222
1 0.284896 0.460185 0.013542 0.066667
4 0.228906 0.587037 0.079687 0.135185
9 0.480208 0.4375 0.013542 0.119444
4 0.193229 0.572222 0.077083 0.103704
4 0.04349 0.601852 0.104688 0.105556
1 0.247656 0.461111 0.014063 0.07037
1 0.283073 0.455093 0.008854 0.058333
1 0.311458 0.449537 0.009375 0.04537
1 0.308854 0.443519 0.009375 0.044444
1 0.311719 0.443981 0.009896 0.04537
7 0.51901 0.449074 0.011979 0.05
7 0.531771 0.448611 0.009375 0.056481
1 0.535937 0.451852 0.014583 0.066667
