7 0.50026 0.498611 0.050521 0.100926
1 0.492708 0.579167 0.067708 0.362037
9 0.913021 0.266667 0.175 0.535185
8 0.614323 0.449537 0.017188 0.082407
8 0.690104 0.453704 0.017708 0.109259
9 0.480208 0.447685 0.015625 0.128704
1 0.557292 0.5 0.019792 0.098148
1 0.575781 0.500463 0.019271 0.10463
2 0.376042 0.493981 0.022917 0.084259
2 0.366406 0.50463 0.025521 0.098148
2 0.392448 0.493056 0.023438 0.100926
1 0.595313 0.4625 0.019792 0.091667
1 0.524219 0.456944 0.018229 0.089815
1 0.581771 0.455093 0.019792 0.100926
1 0.513281 0.462963 0.018229 0.105556
1 0.41901 0.645833 0.094271 0.537963
1 0.578646 0.564352 0.083333 0.302778
1 0.413021 0.594444 0.066667 0.35
7 0.448437 0.472685 0.027083 0.069444
7 0.428906 0.468519 0.028646 0.055556
1 0.239323 0.481481 0.021354 0.1
1 0.276302 0.470833 0.017188 0.100926
1 0.259115 0.472685 0.016146 0.09537
1 0.225 0.481944 0.023958 0.09537
7 0.204167 0.462037 0.021875 0.096296
1 0.251563 0.4625 0.015625 0.076852
1 0.324219 0.498611 0.027604 0.156481
1 0.602083 0.533796 0.0625 0.271296
1 0.6375 0.461111 0.020833 0.090741
1 0.547656 0.466667 0.024479 0.109259
1 0.383594 0.451389 0.009896 0.062037
1 0.391667 0.449074 0.010417 0.064815
7 0.349219 0.462963 0.013021 0.066667
7 0.364844 0.458333 0.010937 0.062963
7 0.375781 0.468056 0.008854 0.052778
4 0.392969 0.518056 0.028646 0.076852
9 0.479167 0.4375 0.013542 0.119444
4 0.372396 0.513426 0.020833 0.063889
4 0.365625 0.525463 0.023958 0.073148
1 0.267708 0.466667 0.010417 0.075926
1 0.315365 0.455093 0.013021 0.058333
1 0.301042 0.456481 0.010417 0.057407
1 0.291146 0.451852 0.0125 0.061111
1 0.321615 0.453241 0.011979 0.052778
1 0.310417 0.450926 0.011458 0.059259
1 0.277604 0.453241 0.014583 0.058333
7 0.518229 0.449537 0.010417 0.049074
7 0.527083 0.447685 0.009375 0.056481
1 0.517448 0.457407 0.017188 0.090741
1 0.310937 0.414352 0.010417 0.039815
1 0.315625 0.411111 0.009375 0.038889
