7 0.50026 0.498611 0.050521 0.100926
1 0.567448 0.601389 0.082812 0.425
9 0.913021 0.266667 0.175 0.535185
8 0.614323 0.449537 0.017188 0.082407
8 0.690104 0.453704 0.017708 0.109259
9 0.480208 0.447685 0.015625 0.128704
1 0.557813 0.498148 0.020833 0.098148
1 0.575521 0.5 0.020833 0.103704
2 0.374479 0.496296 0.021875 0.090741
2 0.365885 0.505093 0.024479 0.099074
2 0.392448 0.496296 0.027604 0.103704
1 0.59375 0.461574 0.019792 0.091667
1 0.51276 0.450926 0.014063 0.07037
1 0.579688 0.455093 0.019792 0.100926
1 0.520312 0.46713 0.01875 0.10463
1 0.563021 0.666204 0.079167 0.587963
1 0.858073 0.607407 0.124479 0.418519
1 0.492188 0.626852 0.086458 0.464815
7 0.448437 0.472685 0.027083 0.069444
7 0.428906 0.468519 0.028646 0.055556
1 0.209896 0.481019 0.021875 0.102778
1 0.273438 0.471296 0.016667 0.1
1 0.238542 0.472222 0.015625 0.098148
1 0.22474 0.481481 0.024479 0.094444
7 0.204167 0.462037 0.021875 0.096296
1 0.219271 0.465278 0.015625 0.076852
1 0.410677 0.504167 0.032813 0.189815
1 0.830729 0.563426 0.098958 0.365741
1 0.76276 0.523611 0.076563 0.267593
1 0.72474 0.460185 0.027604 0.098148
1 0.616667 0.463889 0.025 0.1
1 0.439062 0.449074 0.011458 0.064815
1 0.423958 0.448148 0.013542 0.07037
1 0.33099 0.452315 0.009896 0.05463
1 0.348698 0.450926 0.011979 0.055556
7 0.349219 0.461111 0.013021 0.066667
7 0.364844 0.460185 0.009896 0.064815
7 0.374479 0.468519 0.008333 0.053704
4 0.392969 0.516667 0.028646 0.07963
9 0.479167 0.4375 0.013542 0.119444
4 0.371875 0.514352 0.020833 0.065741
4 0.360938 0.527315 0.025 0.073148
1 0.26849 0.466667 0.011979 0.074074
1 0.307552 0.453704 0.010937 0.055556
1 0.298177 0.454167 0.016146 0.05463
1 0.295573 0.449074 0.009896 0.055556
1 0.316406 0.449537 0.011979 0.050926
1 0.307552 0.449537 0.010937 0.058333
1 0.284115 0.450926 0.010937 0.055556
7 0.51849 0.449074 0.010937 0.05
7 0.528125 0.447685 0.009375 0.056481
1 0.533073 0.45787 0.015104 0.075
1 0.315625 0.427315 0.010417 0.039815
