7 0.50026 0.498611 0.050521 0.100926
1 0.80625 0.642593 0.085417 0.535185
9 0.913021 0.266667 0.175 0.535185
8 0.614323 0.449537 0.017188 0.082407
8 0.690104 0.453704 0.017708 0.109259
9 0.480208 0.447685 0.015625 0.128704
1 0.589323 0.472222 0.019271 0.144444
1 0.584896 0.485185 0.028125 0.12963
2 0.078125 0.544907 0.04375 0.128704
2 0.086979 0.566204 0.066667 0.232407
1 0.501042 0.449537 0.015625 0.071296
1 0.536979 0.462037 0.019792 0.1
1 0.514323 0.459259 0.018229 0.090741
1 0.882552 0.7 0.156771 0.707407
1 0.74401 0.683333 0.110937 0.590741
7 0.448437 0.472685 0.027083 0.069444
7 0.428906 0.468519 0.028646 0.055556
1 0.211979 0.481019 0.026042 0.10463
1 0.229948 0.472222 0.017188 0.1
1 0.227865 0.473148 0.015104 0.1
1 0.227344 0.480093 0.022396 0.093519
7 0.204167 0.462037 0.021875 0.096296
1 0.228125 0.4625 0.017708 0.076852
1 0.479427 0.516204 0.048438 0.276852
1 0.560156 0.515278 0.041146 0.225
1 0.508073 0.54213 0.075521 0.262037
1 0.404427 0.525463 0.057812 0.249074
1 0.968229 0.601852 0.084375 0.477778
1 0.372917 0.472685 0.021875 0.119444
1 0.622396 0.45463 0.017708 0.077778
1 0.591406 0.462037 0.020313 0.087037
1 0.576562 0.458333 0.017708 0.090741
1 0.341146 0.464352 0.016667 0.082407
1 0.384635 0.45787 0.014063 0.082407
7 0.354427 0.461111 0.013021 0.066667
7 0.366406 0.460648 0.009896 0.065741
7 0.37474 0.469444 0.013021 0.051852
1 0.305729 0.459722 0.016667 0.073148
1 0.288281 0.461111 0.014063 0.068519
4 0.088542 0.634722 0.125 0.173148
9 0.480208 0.4375 0.013542 0.119444
4 0.081771 0.6 0.113542 0.112963
1 0.244531 0.460185 0.013021 0.068519
1 0.284635 0.457407 0.009896 0.061111
1 0.307812 0.439352 0.009375 0.043519
1 0.311719 0.443981 0.009896 0.04537
1 0.296094 0.42963 0.006771 0.02963
1 0.302344 0.426852 0.006771 0.02963
7 0.51901 0.449074 0.011979 0.05
7 0.531771 0.448611 0.009375 0.056481
1 0.563021 0.462037 0.017708 0.088889
