7 0.50026 0.498611 0.050521 0.100926
1 0.846615 0.647685 0.107812 0.541667
9 0.913021 0.266667 0.175 0.535185
8 0.614323 0.449537 0.017188 0.082407
8 0.690104 0.453704 0.017708 0.109259
9 0.480208 0.447685 0.015625 0.128704
1 0.589844 0.471296 0.019271 0.144444
1 0.58151 0.481481 0.026562 0.125926
2 0.017188 0.556481 0.046875 0.146296
2 0.001823 0.575463 0.071354 0.241667
1 0.50599 0.450926 0.016146 0.075926
1 0.535417 0.463889 0.019792 0.1
1 0.510156 0.459259 0.018229 0.090741
1 0.908594 0.699537 0.161979 0.706481
1 0.778385 0.688426 0.118229 0.600926
7 0.448437 0.472685 0.027083 0.069444
7 0.428906 0.468519 0.028646 0.055556
1 0.211719 0.481019 0.025521 0.10463
1 0.229687 0.472222 0.016667 0.1
1 0.227865 0.473148 0.015104 0.1
1 0.227865 0.480093 0.022396 0.093519
7 0.204167 0.462037 0.021875 0.096296
1 0.228646 0.4625 0.017708 0.076852
1 0.486719 0.516667 0.044271 0.275926
1 0.580208 0.515278 0.052083 0.223148
1 0.534115 0.540278 0.051562 0.258333
1 0.430729 0.519907 0.04375 0.241667
1 0.363281 0.472222 0.021354 0.112963
1 0.622656 0.453704 0.017188 0.07963
1 0.602865 0.463426 0.020313 0.087963
1 0.590365 0.45787 0.018229 0.093519
1 0.345573 0.463426 0.016146 0.086111
1 0.382552 0.458796 0.015104 0.084259
7 0.354427 0.461111 0.013021 0.066667
7 0.366406 0.460648 0.009896 0.065741
7 0.37474 0.469444 0.011979 0.051852
1 0.306771 0.460648 0.016667 0.073148
1 0.289844 0.4625 0.013021 0.069444
4 0.008333 0.661574 0.123958 0.184259
9 0.480208 0.4375 0.013542 0.119444
4 0.015625 0.610185 0.11875 0.114815
1 0.24401 0.459722 0.013021 0.067593
1 0.285677 0.456481 0.009896 0.061111
1 0.308333 0.436574 0.009375 0.043519
1 0.311719 0.443981 0.009896 0.04537
1 0.295052 0.426852 0.006771 0.02963
1 0.302344 0.425 0.006771 0.02963
7 0.51901 0.449074 0.011979 0.05
7 0.531771 0.448611 0.009375 0.056481
