7 0.50026 0.498611 0.050521 0.100926
9 0.913021 0.266667 0.175 0.535185
8 0.614323 0.449537 0.017188 0.082407
8 0.690104 0.453704 0.017708 0.109259
9 0.480208 0.447685 0.015625 0.128704
1 0.593229 0.464352 0.021875 0.134259
1 0.563802 0.468519 0.022396 0.112963
1 0.533073 0.460185 0.020313 0.1
1 0.523177 0.466204 0.020313 0.100926
1 0.49349 0.455556 0.022396 0.105556
7 0.448437 0.472685 0.027083 0.069444
7 0.428906 0.468519 0.028646 0.055556
1 0.210938 0.481019 0.023958 0.10463
1 0.23099 0.472222 0.015104 0.096296
1 0.228906 0.473611 0.015104 0.100926
1 0.227604 0.481481 0.019792 0.092593
7 0.204167 0.462037 0.021875 0.096296
1 0.232031 0.461574 0.018229 0.076852
1 0.601562 0.516204 0.047917 0.260185
1 0.647917 0.517593 0.051042 0.225926
1 0.68099 0.534259 0.053646 0.255556
1 0.563802 0.511111 0.053646 0.218519
1 0.336458 0.467593 0.017708 0.090741
1 0.35651 0.47037 0.020313 0.096296
1 0.38776 0.465741 0.021354 0.101852
7 0.354427 0.461111 0.013021 0.066667
7 0.366406 0.460648 0.009896 0.065741
7 0.375 0.47037 0.008333 0.053704
1 0.313021 0.462963 0.017708 0.07963
1 0.297135 0.465278 0.015104 0.078704
9 0.480729 0.4375 0.013542 0.119444
1 0.290365 0.460185 0.013021 0.068519
1 0.311198 0.426852 0.009896 0.040741
1 0.310417 0.43287 0.009375 0.039815
1 0.298438 0.421296 0.00625 0.027778
1 0.303906 0.415741 0.006771 0.02963
7 0.519271 0.449074 0.0125 0.05
7 0.531771 0.448611 0.009375 0.056481
