7 0.50026 0.498611 0.050521 0.100926
1 0.704427 0.637037 0.095312 0.509259
9 0.913021 0.266667 0.175 0.535185
8 0.614323 0.449537 0.017188 0.082407
8 0.690104 0.453704 0.017708 0.109259
9 0.480208 0.447685 0.015625 0.128704
1 0.588802 0.475 0.020313 0.144444
1 0.575521 0.495833 0.021875 0.110185
2 0.228646 0.528704 0.038542 0.118519
2 0.085677 0.543981 0.050521 0.115741
2 0.269531 0.516667 0.044271 0.161111
1 0.486719 0.444907 0.013021 0.058333
1 0.118229 0.797222 0.216667 0.887037
1 0.555729 0.456944 0.019792 0.100926
1 0.527344 0.458796 0.018229 0.091667
1 0.720052 0.68287 0.093229 0.628704
1 0.631771 0.660648 0.077083 0.539815
7 0.448437 0.472685 0.027083 0.069444
7 0.428906 0.468519 0.028646 0.055556
1 0.210677 0.481481 0.026562 0.105556
1 0.23151 0.473611 0.018229 0.100926
1 0.227344 0.473148 0.015104 0.1
1 0.226823 0.480556 0.022396 0.094444
7 0.204167 0.462037 0.021875 0.096296
1 0.226302 0.463426 0.017188 0.076852
1 0.457292 0.517593 0.044792 0.27963
1 0.464583 0.51713 0.048958 0.237963
1 0.410156 0.541204 0.047396 0.276852
1 0.332552 0.528704 0.041146 0.255556
1 0.797917 0.560648 0.059375 0.35463
1 0.409896 0.476389 0.025 0.130556
1 0.63151 0.456481 0.018229 0.07963
1 0.551562 0.459259 0.015625 0.081481
1 0.540885 0.454167 0.015104 0.076852
1 0.332292 0.461111 0.017708 0.077778
1 0.386719 0.455556 0.015104 0.074074
7 0.351823 0.461111 0.013021 0.066667
7 0.366406 0.460648 0.009896 0.065741
7 0.378125 0.469907 0.010417 0.052778
1 0.301042 0.45463 0.015625 0.07037
1 0.28099 0.458333 0.013021 0.064815
4 0.275521 0.571296 0.06875 0.12037
9 0.480208 0.4375 0.013542 0.119444
4 0.23125 0.562963 0.0625 0.090741
4 0.090365 0.593519 0.106771 0.109259
1 0.25026 0.462037 0.014063 0.07037
1 0.282031 0.453704 0.008854 0.057407
1 0.310937 0.448611 0.009375 0.04537
1 0.310677 0.443519 0.008854 0.044444
1 0.311719 0.443981 0.009896 0.04537
7 0.51901 0.449074 0.011979 0.05
7 0.53125 0.447685 0.009375 0.056481
1 0.536979 0.453704 0.014583 0.072222
