7 0.50026 0.498611 0.050521 0.100926
1 0.621354 0.611111 0.0875 0.47963
9 0.913021 0.266667 0.175 0.535185
8 0.614323 0.449537 0.017188 0.082407
8 0.690104 0.453704 0.017708 0.109259
9 0.480208 0.447685 0.015625 0.128704
1 0.564323 0.492593 0.021354 0.107407
1 0.575521 0.499537 0.021875 0.102778
2 0.373958 0.496759 0.022917 0.091667
2 0.355729 0.504167 0.027083 0.089815
2 0.391927 0.494907 0.029687 0.10463
1 0.498698 0.449537 0.014063 0.069444
1 0.569271 0.456019 0.019792 0.100926
1 0.523438 0.463426 0.01875 0.099074
1 0.613542 0.656019 0.110417 0.562037
1 0.528906 0.628704 0.074479 0.475926
7 0.448437 0.472685 0.027083 0.069444
7 0.428906 0.468519 0.028646 0.055556
1 0.208854 0.481481 0.026042 0.103704
1 0.25625 0.471296 0.01875 0.101852
1 0.229687 0.472222 0.015625 0.1
1 0.225521 0.481019 0.022917 0.09537
7 0.204167 0.462037 0.021875 0.096296
1 0.222396 0.464352 0.016667 0.076852
1 0.271875 0.550926 0.085417 0.346296
1 0.167187 0.55463 0.083333 0.298148
1 0.106771 0.586111 0.069792 0.359259
1 -0.019271 0.575463 0.092708 0.34537
1 0.533333 0.522222 0.045833 0.222222
1 0.533073 0.498148 0.042188 0.188889
1 0.821875 0.455093 0.023958 0.100926
1 0.661458 0.458796 0.021875 0.091667
1 0.496615 0.451852 0.011979 0.064815
1 0.476042 0.449074 0.013542 0.07037
1 0.333854 0.456019 0.014583 0.065741
1 0.372656 0.450926 0.011979 0.061111
7 0.35026 0.461111 0.013021 0.066667
7 0.365365 0.460185 0.009896 0.064815
7 0.377083 0.469444 0.009375 0.053704
1 0.279687 0.454167 0.0125 0.060185
4 0.391667 0.518056 0.028125 0.080556
9 0.479687 0.4375 0.013542 0.119444
4 0.371875 0.514815 0.020833 0.066667
4 0.354948 0.52963 0.026562 0.072222
1 0.265104 0.4625 0.0125 0.076852
1 0.28125 0.450926 0.009375 0.048148
1 0.308854 0.450926 0.010417 0.051852
1 0.298438 0.451852 0.009375 0.053704
1 0.297396 0.447222 0.009375 0.051852
1 0.316146 0.447222 0.010417 0.048148
1 0.309375 0.446296 0.010417 0.051852
1 0.289323 0.449537 0.009896 0.052778
7 0.51875 0.449074 0.011458 0.05
7 0.529687 0.447685 0.009375 0.056481
1 0.535156 0.45463 0.014063 0.07037
1 0.586719 0.462037 0.018229 0.092593
