7 0.50026 0.498611 0.050521 0.100926
1 0.828906 0.64213 0.103646 0.537963
9 0.913021 0.266667 0.175 0.535185
8 0.614323 0.449537 0.017188 0.082407
8 0.690104 0.453704 0.017708 0.109259
9 0.480208 0.447685 0.015625 0.128704
1 0.589583 0.472222 0.01875 0.144444
1 0.583333 0.483796 0.027083 0.126852
2 0.053906 0.550463 0.045312 0.139815
2 0.053125 0.569444 0.06875 0.242593
1 0.503125 0.45 0.015625 0.074074
1 0.536458 0.462963 0.019792 0.1
1 0.51224 0.459259 0.018229 0.090741
1 0.891406 0.703241 0.159896 0.706481
1 0.757812 0.688426 0.130208 0.600926
7 0.448437 0.472685 0.027083 0.069444
7 0.428906 0.468519 0.028646 0.055556
1 0.211979 0.481019 0.026042 0.10463
1 0.229948 0.472222 0.017188 0.1
1 0.227865 0.473148 0.015104 0.1
1 0.227344 0.480093 0.022396 0.093519
7 0.204167 0.462037 0.021875 0.096296
1 0.228385 0.4625 0.017188 0.076852
1 0.48099 0.516204 0.048438 0.276852
1 0.570833 0.51713 0.051042 0.223148
1 0.513281 0.541204 0.071354 0.260185
1 0.411458 0.524537 0.054167 0.247222
1 0.36901 0.472222 0.020313 0.118519
1 0.622656 0.454167 0.017188 0.078704
1 0.596094 0.463426 0.020313 0.086111
1 0.582031 0.458796 0.018229 0.091667
1 0.343229 0.463426 0.016667 0.084259
1 0.383854 0.458333 0.014583 0.083333
7 0.354427 0.461111 0.013021 0.066667
7 0.366406 0.460648 0.009896 0.065741
7 0.37474 0.469444 0.011979 0.051852
1 0.30625 0.460648 0.016667 0.073148
1 0.289062 0.462037 0.013542 0.068519
4 0.054427 0.650463 0.126562 0.184259
9 0.480208 0.4375 0.013542 0.119444
4 0.054167 0.608333 0.11875 0.114815
1 0.244531 0.459722 0.013021 0.067593
1 0.284635 0.456481 0.009896 0.061111
1 0.307812 0.4375 0.009375 0.043519
1 0.311719 0.443981 0.009896 0.04537
1 0.295573 0.428704 0.006771 0.02963
1 0.302344 0.425926 0.006771 0.02963
7 0.51901 0.449074 0.011979 0.05
7 0.531771 0.448611 0.009375 0.056481
