7 0.50026 0.498611 0.050521 0.100926
1 0.622135 0.609722 0.082812 0.482407
9 0.913021 0.266667 0.175 0.535185
8 0.614323 0.449537 0.017188 0.082407
8 0.690104 0.453704 0.017708 0.109259
9 0.480208 0.447685 0.015625 0.128704
1 0.567448 0.490278 0.021354 0.112037
1 0.575521 0.499537 0.021875 0.102778
2 0.373437 0.496759 0.022917 0.091667
2 0.34375 0.505093 0.029167 0.091667
2 0.390104 0.493519 0.029167 0.107407
1 0.497396 0.449074 0.013542 0.068519
1 0.567708 0.456019 0.019792 0.100926
1 0.523438 0.462963 0.01875 0.098148
1 0.615885 0.656019 0.111979 0.562037
1 0.540104 0.629167 0.067708 0.476852
7 0.448437 0.472685 0.027083 0.069444
7 0.428906 0.468519 0.028646 0.055556
1 0.209375 0.481481 0.027083 0.103704
1 0.254167 0.470833 0.01875 0.100926
1 0.228646 0.472222 0.015625 0.1
1 0.225521 0.481019 0.022917 0.09537
7 0.204167 0.462037 0.021875 0.096296
1 0.222917 0.464352 0.016667 0.076852
1 0.316667 0.544907 0.071875 0.334259
1 0.203906 0.545833 0.051562 0.284259
1 0.148177 0.581481 0.096354 0.338889
1 0.047656 0.574537 0.108854 0.341667
1 0.555208 0.523611 0.047917 0.243519
1 0.511719 0.494444 0.038021 0.17963
1 0.66224 0.457407 0.020313 0.088889
1 0.502604 0.453704 0.011458 0.066667
1 0.482812 0.449074 0.013542 0.07037
1 0.333333 0.455556 0.014583 0.066667
1 0.375521 0.451389 0.0125 0.062037
7 0.35026 0.461111 0.013021 0.066667
7 0.365365 0.460185 0.009896 0.064815
7 0.377604 0.469444 0.009375 0.053704
1 0.28151 0.454167 0.013021 0.060185
1 0.273438 0.456019 0.0125 0.062037
4 0.391406 0.519444 0.027604 0.081481
9 0.479687 0.4375 0.013542 0.119444
4 0.371094 0.515278 0.021354 0.067593
4 0.345833 0.536111 0.032292 0.072222
1 0.263542 0.462037 0.011458 0.075926
1 0.28125 0.450926 0.009375 0.048148
1 0.308854 0.45 0.010417 0.05
1 0.299479 0.451852 0.009375 0.053704
1 0.315625 0.446759 0.010417 0.049074
1 0.309896 0.445833 0.010417 0.050926
1 0.290885 0.449537 0.009896 0.052778
7 0.51875 0.449074 0.011458 0.05
7 0.529687 0.447685 0.009375 0.056481
1 0.535677 0.454167 0.014063 0.069444
1 0.586719 0.462037 0.018229 0.092593
