7 0.50026 0.498611 0.050521 0.100926
1 0.619792 0.610185 0.086458 0.47963
9 0.913021 0.266667 0.175 0.535185
8 0.614323 0.449537 0.017188 0.082407
8 0.690104 0.453704 0.017708 0.109259
9 0.480208 0.447685 0.015625 0.128704
1 0.572396 0.486574 0.021875 0.119444
1 0.575781 0.499537 0.022396 0.102778
2 0.366146 0.493056 0.025 0.084259
2 0.316146 0.508333 0.03125 0.096296
2 0.386979 0.491667 0.029167 0.111111
1 0.494792 0.449074 0.013542 0.066667
1 0.565104 0.456019 0.019792 0.100926
1 0.52526 0.460648 0.018229 0.097222
1 0.615885 0.655093 0.111979 0.560185
1 0.54401 0.629167 0.068229 0.476852
7 0.448437 0.472685 0.027083 0.069444
7 0.428906 0.468519 0.028646 0.055556
1 0.210417 0.481481 0.027083 0.103704
1 0.250521 0.472222 0.017708 0.1
1 0.227604 0.472222 0.015625 0.1
1 0.225781 0.481019 0.022396 0.09537
7 0.204167 0.462037 0.021875 0.096296
1 0.223437 0.464352 0.016667 0.076852
1 0.361979 0.534722 0.066667 0.313889
1 0.269792 0.539352 0.05625 0.273148
1 0.215104 0.572685 0.076042 0.313889
1 0.120573 0.572685 0.106771 0.330556
1 0.591406 0.529167 0.049479 0.252778
1 0.485156 0.488426 0.029687 0.163889
1 0.657552 0.457407 0.018229 0.088889
1 0.509635 0.456481 0.013021 0.072222
1 0.496354 0.451852 0.013542 0.07037
1 0.331771 0.455556 0.014583 0.066667
1 0.378906 0.450926 0.013021 0.064815
7 0.350781 0.461111 0.013021 0.066667
7 0.365885 0.460185 0.009896 0.064815
7 0.378646 0.469444 0.009375 0.053704
1 0.285938 0.453704 0.0125 0.064815
1 0.275 0.456019 0.0125 0.062037
4 0.385156 0.525 0.028646 0.088889
9 0.479687 0.4375 0.013542 0.119444
4 0.36224 0.519444 0.025521 0.068519
4 0.317448 0.544907 0.056771 0.078704
1 0.26224 0.462037 0.013021 0.075926
1 0.28099 0.450463 0.009896 0.049074
1 0.309115 0.449074 0.009896 0.048148
1 0.30026 0.449537 0.008854 0.050926
1 0.315104 0.446759 0.009375 0.049074
1 0.310677 0.444907 0.009896 0.049074
1 0.291667 0.449074 0.009375 0.051852
7 0.51875 0.449074 0.011458 0.05
7 0.530208 0.447685 0.009375 0.056481
1 0.535937 0.453704 0.013542 0.068519
1 0.586719 0.462037 0.018229 0.092593
