7 0.50026 0.498611 0.050521 0.100926
1 0.498177 0.584722 0.067187 0.375
9 0.913021 0.266667 0.175 0.535185
8 0.614323 0.449537 0.017188 0.082407
8 0.690104 0.453704 0.017708 0.109259
9 0.480208 0.447685 0.015625 0.128704
1 0.557552 0.500926 0.020313 0.096296
1 0.575781 0.500463 0.019271 0.10463
2 0.376042 0.494907 0.022917 0.084259
2 0.366406 0.505093 0.025521 0.099074
2 0.391927 0.493981 0.023438 0.100926
1 0.59375 0.4625 0.019792 0.091667
1 0.523698 0.456481 0.018229 0.088889
1 0.581771 0.455093 0.019792 0.100926
1 0.513542 0.462963 0.01875 0.105556
1 0.428906 0.644907 0.103646 0.543519
1 0.586198 0.563889 0.069271 0.305556
1 0.415885 0.59537 0.067187 0.346296
7 0.448437 0.472685 0.027083 0.069444
7 0.428906 0.468519 0.028646 0.055556
1 0.23776 0.481944 0.022396 0.099074
1 0.276823 0.47037 0.018229 0.101852
1 0.258594 0.472685 0.016146 0.09537
1 0.225521 0.482407 0.022917 0.094444
7 0.204167 0.462037 0.021875 0.096296
1 0.252083 0.463426 0.015625 0.076852
1 0.327344 0.500926 0.027604 0.157407
1 0.610417 0.5375 0.069792 0.276852
1 0.641927 0.462037 0.023438 0.092593
1 0.552083 0.471296 0.021875 0.118519
1 0.385677 0.451389 0.009896 0.062037
1 0.39375 0.449537 0.010417 0.065741
7 0.349219 0.462037 0.013021 0.066667
7 0.365104 0.458796 0.010417 0.062037
7 0.375781 0.468056 0.008854 0.052778
4 0.392969 0.517593 0.028646 0.077778
9 0.479167 0.4375 0.013542 0.119444
4 0.372396 0.513426 0.020833 0.063889
4 0.365625 0.525463 0.023958 0.073148
1 0.267708 0.466667 0.010417 0.075926
1 0.315365 0.455093 0.013021 0.058333
1 0.301042 0.456481 0.010417 0.057407
1 0.291667 0.451852 0.0125 0.061111
1 0.321615 0.453241 0.011979 0.052778
1 0.309896 0.450926 0.011458 0.059259
1 0.277604 0.453241 0.014583 0.058333
7 0.518229 0.449537 0.010417 0.049074
7 0.527083 0.447685 0.009375 0.056481
1 0.518229 0.457407 0.016667 0.090741
1 0.310937 0.415278 0.010417 0.039815
1 0.316146 0.412037 0.009375 0.038889
