7 0.50026 0.498611 0.050521 0.100926
1 0.517969 0.585185 0.070312 0.390741
9 0.913021 0.266667 0.175 0.535185
8 0.614323 0.449537 0.017188 0.082407
8 0.690104 0.453704 0.017708 0.109259
9 0.480208 0.447685 0.015625 0.128704
1 0.557552 0.499537 0.020313 0.097222
1 0.575781 0.5 0.020313 0.103704
2 0.375 0.494907 0.022917 0.084259
2 0.366146 0.505093 0.025 0.099074
2 0.390365 0.49537 0.023438 0.103704
1 0.591667 0.4625 0.019792 0.091667
1 0.521094 0.455093 0.017188 0.084259
1 0.581771 0.455093 0.019792 0.100926
1 0.514844 0.464352 0.018229 0.10463
1 0.482812 0.648611 0.117708 0.541667
1 0.63776 0.574074 0.067187 0.335185
1 0.435156 0.606944 0.079687 0.406481
7 0.448437 0.472685 0.027083 0.069444
7 0.428906 0.468519 0.028646 0.055556
1 0.229167 0.481481 0.01875 0.101852
1 0.276042 0.469907 0.016667 0.100926
1 0.255469 0.471759 0.016146 0.09537
1 0.22474 0.482407 0.025521 0.092593
7 0.204167 0.462037 0.021875 0.096296
1 0.247396 0.463889 0.015625 0.075926
1 0.345313 0.501389 0.038542 0.167593
1 0.652865 0.546296 0.070312 0.298148
1 0.658594 0.462037 0.024479 0.094444
1 0.569531 0.465741 0.021354 0.107407
1 0.396094 0.451389 0.009896 0.063889
1 0.403385 0.450463 0.009896 0.067593
1 0.321875 0.450926 0.009375 0.055556
7 0.348698 0.461111 0.013021 0.066667
7 0.364844 0.460185 0.009896 0.064815
7 0.376042 0.468519 0.008333 0.053704
4 0.392969 0.517593 0.028646 0.077778
9 0.479167 0.4375 0.013542 0.119444
4 0.371875 0.513426 0.020833 0.063889
4 0.364583 0.526389 0.023958 0.073148
1 0.266927 0.466667 0.010937 0.075926
1 0.313281 0.45463 0.010937 0.057407
1 0.300781 0.456481 0.009896 0.057407
1 0.292448 0.451389 0.011979 0.060185
1 0.319531 0.452315 0.011979 0.052778
1 0.306771 0.45 0.011458 0.059259
1 0.278646 0.452778 0.014583 0.057407
7 0.51849 0.449537 0.010937 0.049074
7 0.527083 0.447685 0.009375 0.056481
1 0.521875 0.457407 0.016667 0.087037
1 0.311458 0.418981 0.010417 0.039815
1 0.317188 0.415741 0.009375 0.038889
