7 0.50026 0.498611 0.050521 0.100926
1 0.663281 0.615741 0.090104 0.485185
9 0.913021 0.266667 0.175 0.535185
8 0.614323 0.449537 0.017188 0.082407
8 0.690104 0.453704 0.017708 0.109259
9 0.480208 0.447685 0.015625 0.128704
1 0.585938 0.477778 0.022917 0.138889
1 0.575521 0.499537 0.022917 0.102778
2 0.28125 0.509722 0.03125 0.093519
2 0.179948 0.535185 0.044271 0.116667
2 0.326823 0.506944 0.040104 0.141667
1 0.488281 0.446296 0.013021 0.059259
1 0.5 0.773148 0.2 0.909259
1 0.558854 0.456944 0.019792 0.100926
1 0.527344 0.458796 0.018229 0.093519
1 0.652083 0.681019 0.122917 0.619444
1 0.58099 0.635185 0.082812 0.485185
7 0.448437 0.472685 0.027083 0.069444
7 0.428906 0.468519 0.028646 0.055556
1 0.210156 0.481481 0.026562 0.105556
1 0.232813 0.473148 0.017708 0.101852
1 0.227083 0.473148 0.015625 0.1
1 0.226302 0.480556 0.022396 0.094444
7 0.204167 0.462037 0.021875 0.096296
1 0.225521 0.463426 0.016667 0.076852
1 0.43724 0.518981 0.045312 0.280556
1 0.408594 0.528241 0.065104 0.247222
1 0.344531 0.547685 0.049479 0.282407
1 0.278646 0.538889 0.051042 0.277778
1 0.71875 0.547685 0.08125 0.308333
1 0.432292 0.478241 0.027083 0.139815
1 0.639323 0.456944 0.018229 0.084259
1 0.534896 0.456944 0.016667 0.075
1 0.523438 0.452778 0.013542 0.072222
1 0.331771 0.461111 0.015625 0.074074
1 0.384375 0.453704 0.013542 0.07037
7 0.351302 0.461111 0.013021 0.066667
7 0.365885 0.460185 0.009896 0.064815
7 0.38099 0.469444 0.009896 0.053704
1 0.294792 0.455093 0.013542 0.067593
1 0.278646 0.457407 0.0125 0.062963
4 0.334635 0.552315 0.054688 0.102778
9 0.480208 0.4375 0.013542 0.119444
4 0.285938 0.542593 0.045833 0.07963
4 0.180729 0.577315 0.091667 0.099074
1 0.253646 0.461574 0.013542 0.071296
1 0.28151 0.451389 0.009896 0.052778
1 0.310937 0.447685 0.009375 0.04537
1 0.314323 0.443056 0.008854 0.04537
1 0.311719 0.443981 0.009896 0.04537
7 0.51901 0.449074 0.011979 0.05
7 0.53125 0.447685 0.009375 0.056481
1 0.538802 0.454167 0.013021 0.071296
1 0.586719 0.462037 0.018229 0.092593
