7 0.50026 0.498611 0.050521 0.100926
1 0.75625 0.6375 0.107292 0.517593
9 0.913021 0.266667 0.175 0.535185
8 0.614323 0.449537 0.017188 0.082407
8 0.690104 0.453704 0.017708 0.109259
9 0.480208 0.447685 0.015625 0.128704
1 0.588802 0.473148 0.019271 0.144444
1 0.575521 0.4875 0.019792 0.130556
2 0.177344 0.534259 0.042188 0.118519
2 0.003385 0.554167 0.050521 0.115741
2 0.192708 0.537963 0.055208 0.192593
1 0.493229 0.446759 0.014583 0.063889
1 0.548177 0.459259 0.020313 0.1
1 0.521615 0.459259 0.018229 0.090741
1 0.786198 0.705093 0.147396 0.684259
1 0.676823 0.662037 0.098437 0.540741
7 0.448437 0.472685 0.027083 0.069444
7 0.428906 0.468519 0.028646 0.055556
1 0.211719 0.481481 0.026562 0.105556
1 0.229687 0.473611 0.017708 0.100926
1 0.227604 0.473148 0.015625 0.1
1 0.226823 0.480556 0.022396 0.094444
7 0.204167 0.462037 0.021875 0.096296
1 0.227344 0.4625 0.017188 0.076852
1 0.46224 0.517593 0.041146 0.277778
1 0.507292 0.513426 0.057292 0.230556
1 0.453125 0.540741 0.06875 0.266667
1 0.367969 0.524537 0.059896 0.249074
1 0.873437 0.575463 0.08125 0.397222
1 0.394531 0.473611 0.023438 0.121296
1 0.625 0.455556 0.017708 0.075926
1 0.566406 0.458333 0.018229 0.087037
1 0.557552 0.456481 0.018229 0.087037
1 0.336198 0.460648 0.017188 0.078704
1 0.385937 0.456944 0.014583 0.078704
7 0.353385 0.461111 0.013021 0.066667
7 0.366406 0.460648 0.009896 0.065741
7 0.375 0.469444 0.013542 0.051852
1 0.303646 0.456481 0.016667 0.072222
1 0.285417 0.459722 0.013542 0.067593
4 0.205469 0.595833 0.085938 0.141667
9 0.480208 0.4375 0.013542 0.119444
4 0.174219 0.576852 0.084896 0.105556
4 0.015885 0.614815 0.107812 0.105556
1 0.247135 0.461111 0.014063 0.07037
1 0.283594 0.45463 0.008854 0.057407
1 0.311458 0.449537 0.009375 0.04537
1 0.307812 0.443519 0.009375 0.044444
1 0.311719 0.443981 0.009896 0.04537
7 0.51901 0.449074 0.011979 0.05
7 0.531771 0.448611 0.009375 0.056481
1 0.536979 0.451389 0.014583 0.065741
