7 0.50026 0.498611 0.050521 0.100926
1 0.619792 0.610648 0.086458 0.476852
9 0.913021 0.266667 0.175 0.535185
8 0.614323 0.449537 0.017188 0.082407
8 0.690104 0.453704 0.017708 0.109259
9 0.480208 0.447685 0.015625 0.128704
1 0.572917 0.486574 0.021875 0.119444
1 0.575781 0.499537 0.022396 0.102778
2 0.364583 0.493056 0.025 0.084259
2 0.313021 0.508333 0.03125 0.096296
2 0.385937 0.491204 0.029167 0.112037
1 0.494792 0.448611 0.013542 0.065741
1 0.565104 0.456019 0.019792 0.100926
1 0.525521 0.460648 0.01875 0.097222
1 0.615104 0.65463 0.110417 0.559259
1 0.54401 0.629167 0.068229 0.476852
7 0.448437 0.472685 0.027083 0.069444
7 0.428906 0.468519 0.028646 0.055556
1 0.210417 0.481481 0.027083 0.103704
1 0.25 0.471759 0.017708 0.100926
1 0.227604 0.472222 0.015625 0.1
1 0.225781 0.481019 0.022396 0.09537
7 0.204167 0.462037 0.021875 0.096296
1 0.223437 0.464352 0.016667 0.076852
1 0.367188 0.536111 0.069792 0.314815
1 0.275 0.539352 0.054167 0.273148
1 0.218229 0.57037 0.070833 0.311111
1 0.125781 0.573148 0.108854 0.32963
1 0.593229 0.529167 0.05 0.252778
1 0.483594 0.4875 0.029687 0.163889
1 0.657031 0.457407 0.018229 0.088889
1 0.509896 0.456481 0.013542 0.072222
1 0.497396 0.451852 0.013542 0.07037
1 0.33125 0.455556 0.014583 0.066667
1 0.378906 0.450926 0.013021 0.064815
7 0.350781 0.461111 0.013021 0.066667
7 0.365885 0.460185 0.009896 0.064815
7 0.378646 0.469444 0.009375 0.053704
1 0.285938 0.453704 0.0125 0.064815
1 0.275 0.456019 0.0125 0.062037
4 0.384115 0.525 0.028646 0.088889
9 0.479687 0.4375 0.013542 0.119444
4 0.361198 0.519444 0.026562 0.068519
4 0.315104 0.544907 0.057292 0.078704
1 0.26224 0.462037 0.013021 0.075926
1 0.28099 0.450463 0.009896 0.049074
1 0.309115 0.448611 0.009896 0.047222
1 0.30026 0.449537 0.008854 0.050926
1 0.315104 0.446759 0.009375 0.049074
1 0.310677 0.444907 0.009896 0.049074
1 0.291146 0.448148 0.009375 0.051852
7 0.51875 0.449074 0.011458 0.05
7 0.530208 0.447685 0.009375 0.056481
1 0.535937 0.453704 0.013542 0.068519
1 0.586719 0.462037 0.018229 0.092593
