7 0.50026 0.498611 0.050521 0.100926
1 0.991927 0.588426 0.091146 0.462037
1 0.347656 0.537037 0.046354 0.251852
9 0.913021 0.266667 0.175 0.535185
8 0.614323 0.449537 0.017188 0.082407
8 0.690104 0.453704 0.017708 0.109259
9 0.480208 0.447685 0.015625 0.128704
1 0.558594 0.498148 0.019271 0.101852
1 0.576042 0.500926 0.016667 0.105556
2 0.380729 0.49213 0.022917 0.084259
2 0.367188 0.504167 0.027083 0.097222
2 0.395313 0.464815 0.017708 0.075926
1 0.665365 0.460185 0.017188 0.092593
1 0.534896 0.462037 0.020833 0.107407
1 0.58151 0.457407 0.020313 0.1
1 0.494531 0.455556 0.022396 0.105556
1 0.279948 0.554167 0.058854 0.297222
1 0.370052 0.52037 0.039062 0.192593
1 0.79349 0.457407 0.027604 0.118519
1 0.283333 0.544444 0.045833 0.25
7 0.448437 0.472685 0.027083 0.069444
7 0.428906 0.468519 0.028646 0.055556
1 0.29349 0.471296 0.018229 0.087037
1 0.265625 0.469444 0.014583 0.094444
7 0.205729 0.461111 0.021875 0.096296
1 0.228385 0.463889 0.020313 0.077778
1 0.313802 0.483333 0.020313 0.124074
1 0.540625 0.456019 0.016667 0.071296
1 0.347135 0.47963 0.019271 0.114815
7 0.370052 0.458796 0.014063 0.062037
7 0.375781 0.468056 0.009896 0.052778
4 0.396354 0.490278 0.019792 0.056481
9 0.480729 0.4375 0.013542 0.119444
4 0.377344 0.510185 0.020313 0.061111
4 0.365625 0.525463 0.023958 0.073148
1 0.323958 0.461574 0.013542 0.069444
1 0.304688 0.454167 0.0125 0.067593
1 0.327604 0.45787 0.0125 0.071296
7 0.517969 0.449537 0.009896 0.049074
7 0.527083 0.447685 0.009375 0.056481
1 0.30625 0.4125 0.010417 0.039815
1 0.314583 0.411111 0.009375 0.038889
