7 0.50026 0.498611 0.050521 0.100926
1 0.353906 0.544907 0.051562 0.275
9 0.913021 0.266667 0.175 0.535185
8 0.614323 0.449537 0.017188 0.082407
8 0.690104 0.453704 0.017708 0.109259
9 0.480208 0.447685 0.015625 0.128704
1 0.558333 0.498148 0.019792 0.101852
1 0.576042 0.500926 0.017708 0.105556
2 0.379688 0.49213 0.022917 0.084259
2 0.366927 0.504167 0.026562 0.097222
2 0.406771 0.479167 0.021875 0.084259
1 0.665365 0.460185 0.017188 0.092593
1 0.533073 0.459722 0.020313 0.100926
1 0.580208 0.456481 0.019792 0.1
1 0.494531 0.455556 0.022396 0.105556
1 0.314323 0.568981 0.057812 0.317593
1 0.401302 0.525 0.044271 0.209259
1 0.295833 0.552778 0.048958 0.274074
7 0.448437 0.472685 0.027083 0.069444
7 0.428906 0.468519 0.028646 0.055556
1 0.277865 0.474537 0.018229 0.086111
1 0.266406 0.47037 0.015104 0.096296
1 0.250521 0.478241 0.020833 0.093519
7 0.205208 0.461111 0.021875 0.096296
1 0.23151 0.461574 0.018229 0.076852
1 0.316667 0.483796 0.021875 0.125
1 0.394271 0.50787 0.034375 0.187963
1 0.560937 0.456019 0.016667 0.071296
1 0.369792 0.47963 0.019792 0.116667
7 0.369531 0.458796 0.014063 0.062037
7 0.375781 0.468056 0.009896 0.052778
4 0.408594 0.498611 0.020313 0.065741
9 0.480208 0.4375 0.013542 0.119444
4 0.376042 0.510648 0.020833 0.062037
4 0.365625 0.525463 0.023958 0.073148
1 0.322135 0.460185 0.013021 0.066667
1 0.301563 0.455093 0.0125 0.069444
1 0.323698 0.456481 0.011979 0.068519
7 0.517969 0.449537 0.009896 0.049074
7 0.527083 0.447685 0.009375 0.056481
1 0.307812 0.411574 0.010417 0.039815
1 0.314583 0.411111 0.009375 0.038889
