7 0.50026 0.498611 0.050521 0.100926
1 0.691146 0.635648 0.092708 0.49537
9 0.913021 0.266667 0.175 0.535185
8 0.614323 0.449537 0.017188 0.082407
8 0.690104 0.453704 0.017708 0.109259
9 0.480208 0.447685 0.015625 0.128704
1 0.589844 0.475 0.023438 0.144444
1 0.575521 0.499537 0.022917 0.102778
2 0.249479 0.521296 0.035417 0.109259
2 0.12474 0.539352 0.050521 0.115741
2 0.29375 0.512963 0.042708 0.153704
1 0.486719 0.444907 0.013021 0.058333
1 0.249479 0.79213 0.2 0.891667
1 0.556771 0.456944 0.019792 0.100926
1 0.527344 0.458796 0.018229 0.091667
1 0.685417 0.686574 0.158333 0.621296
1 0.614844 0.643981 0.079687 0.506481
7 0.448437 0.472685 0.027083 0.069444
7 0.428906 0.468519 0.028646 0.055556
1 0.210677 0.481481 0.026562 0.105556
1 0.23151 0.473148 0.018229 0.101852
1 0.227344 0.473148 0.015104 0.1
1 0.226823 0.480556 0.022396 0.094444
7 0.204167 0.462037 0.021875 0.096296
1 0.226042 0.463426 0.016667 0.076852
1 0.452865 0.516667 0.042188 0.27963
1 0.45026 0.523148 0.059896 0.240741
1 0.379167 0.543981 0.067708 0.271296
1 0.316146 0.533333 0.06875 0.259259
1 0.769531 0.562037 0.083854 0.333333
1 0.419271 0.475463 0.028125 0.132407
1 0.634635 0.456481 0.018229 0.081481
1 0.544271 0.457407 0.015625 0.075926
1 0.534635 0.45463 0.014063 0.074074
1 0.332813 0.461111 0.017708 0.077778
1 0.385937 0.455093 0.014583 0.073148
7 0.351302 0.461111 0.013021 0.066667
7 0.365885 0.460185 0.009896 0.064815
7 0.379427 0.469907 0.009896 0.052778
1 0.298438 0.454167 0.014583 0.069444
1 0.279948 0.45787 0.013021 0.063889
4 0.299479 0.563889 0.063542 0.112963
9 0.480208 0.4375 0.013542 0.119444
4 0.255208 0.55463 0.054167 0.085185
4 0.127344 0.5875 0.104688 0.10463
1 0.251302 0.462037 0.014063 0.07037
1 0.281771 0.452778 0.009375 0.055556
1 0.310937 0.448611 0.009375 0.04537
1 0.31224 0.443056 0.008854 0.04537
1 0.311719 0.443981 0.009896 0.04537
7 0.51901 0.449074 0.011979 0.05
7 0.53125 0.447685 0.009375 0.056481
1 0.53776 0.453704 0.014063 0.072222
1 0.586719 0.462037 0.018229 0.092593
