7 0.50026 0.498611 0.050521 0.100926
1 0.769531 0.636574 0.104688 0.523148
9 0.913021 0.266667 0.175 0.535185
8 0.614323 0.449537 0.017188 0.082407
8 0.690104 0.453704 0.017708 0.109259
9 0.480208 0.447685 0.015625 0.128704
1 0.589323 0.473148 0.019271 0.144444
1 0.577865 0.483796 0.029687 0.132407
2 0.13776 0.543519 0.042188 0.118519
2 0.147656 0.550463 0.061979 0.210185
1 0.497135 0.448148 0.015104 0.068519
1 0.542708 0.460185 0.019792 0.1
1 0.517969 0.459259 0.018229 0.090741
1 0.823177 0.687963 0.121354 0.687037
1 0.698177 0.663426 0.110937 0.54537
7 0.448437 0.472685 0.027083 0.069444
7 0.428906 0.468519 0.028646 0.055556
1 0.211979 0.481481 0.026042 0.105556
1 0.229687 0.472685 0.017708 0.100926
1 0.227604 0.473148 0.015625 0.1
1 0.227344 0.480093 0.022396 0.093519
7 0.204167 0.462037 0.021875 0.096296
1 0.227604 0.4625 0.017708 0.076852
1 0.469271 0.517593 0.041667 0.277778
1 0.533073 0.514815 0.058854 0.225926
1 0.476562 0.541204 0.070833 0.263889
1 0.38099 0.524537 0.047396 0.249074
1 0.923438 0.59537 0.110417 0.431481
1 0.383854 0.473611 0.021875 0.119444
1 0.622396 0.455556 0.017708 0.075926
1 0.580208 0.459259 0.015625 0.087037
1 0.568229 0.457407 0.017708 0.090741
1 0.339844 0.462963 0.016146 0.083333
1 0.385156 0.456944 0.014063 0.080556
7 0.354427 0.461111 0.013021 0.066667
7 0.366406 0.460648 0.009896 0.065741
7 0.37474 0.469444 0.013021 0.051852
1 0.305208 0.458796 0.016667 0.073148
1 0.286979 0.460185 0.014583 0.068519
4 0.152344 0.608796 0.105729 0.156481
9 0.480208 0.4375 0.013542 0.119444
4 0.132031 0.588426 0.100521 0.108333
1 0.245312 0.460648 0.0125 0.069444
1 0.284375 0.456944 0.009375 0.060185
1 0.310937 0.449537 0.009375 0.04537
1 0.307812 0.441667 0.009375 0.044444
1 0.311719 0.443981 0.009896 0.04537
1 0.296615 0.431481 0.006771 0.02963
1 0.302865 0.428704 0.006771 0.02963
7 0.51901 0.449074 0.011979 0.05
7 0.531771 0.448611 0.009375 0.056481
1 0.571354 0.461111 0.017708 0.088889
