7 0.50026 0.498611 0.050521 0.100926
1 0.623437 0.610648 0.088542 0.475
9 0.913021 0.266667 0.175 0.535185
8 0.614323 0.449537 0.017188 0.082407
8 0.690104 0.453704 0.017708 0.109259
9 0.480208 0.447685 0.015625 0.128704
1 0.561198 0.494907 0.021354 0.102778
1 0.575521 0.499537 0.021875 0.102778
2 0.373958 0.496759 0.022917 0.091667
2 0.361458 0.504167 0.027083 0.097222
2 0.392448 0.49537 0.029687 0.103704
1 0.50026 0.45 0.014063 0.07037
1 0.570312 0.456019 0.019792 0.100926
1 0.523958 0.463889 0.01875 0.1
1 0.611719 0.656019 0.106771 0.562037
1 0.51901 0.630556 0.073438 0.475926
7 0.448437 0.472685 0.027083 0.069444
7 0.428906 0.468519 0.028646 0.055556
1 0.208854 0.481481 0.025 0.103704
1 0.258333 0.471296 0.017708 0.101852
1 0.230208 0.472222 0.015625 0.1
1 0.225521 0.481019 0.022917 0.09537
7 0.204167 0.462037 0.021875 0.096296
1 0.222135 0.464352 0.016146 0.076852
1 0.258854 0.559259 0.101042 0.359259
1 0.122135 0.556019 0.071354 0.300926
1 0.055208 0.605556 0.120833 0.383333
1 0.527865 0.516667 0.045312 0.216667
1 0.55599 0.499074 0.041146 0.196296
1 0.811458 0.455093 0.023958 0.100926
1 0.65599 0.461111 0.022396 0.096296
1 0.489844 0.450926 0.011979 0.064815
1 0.466667 0.449074 0.013542 0.07037
1 0.334115 0.456481 0.014063 0.064815
1 0.369271 0.45 0.011458 0.059259
7 0.35026 0.461111 0.013021 0.066667
7 0.365365 0.460185 0.009896 0.064815
7 0.376302 0.469444 0.008854 0.053704
1 0.277604 0.453704 0.0125 0.059259
4 0.392188 0.518056 0.028125 0.080556
9 0.479687 0.4375 0.013542 0.119444
4 0.371875 0.514815 0.020833 0.066667
4 0.35651 0.528704 0.026562 0.072222
1 0.266927 0.462963 0.013021 0.075926
1 0.28099 0.450463 0.008854 0.047222
1 0.308854 0.451389 0.010417 0.052778
1 0.297917 0.451852 0.009375 0.053704
1 0.297396 0.446759 0.009375 0.05463
1 0.316146 0.447222 0.010417 0.048148
1 0.309375 0.446296 0.010417 0.051852
1 0.289323 0.45 0.009896 0.053704
7 0.51875 0.449074 0.011458 0.05
7 0.529167 0.447685 0.009375 0.056481
1 0.534896 0.45463 0.014583 0.07037
1 0.591406 0.461574 0.019271 0.091667
