7 0.50026 0.498611 0.050521 0.100926
1 0.641146 0.616204 0.090625 0.475
9 0.913021 0.266667 0.175 0.535185
8 0.614323 0.449537 0.017188 0.082407
8 0.690104 0.453704 0.017708 0.109259
9 0.480208 0.447685 0.015625 0.128704
1 0.580729 0.481481 0.022917 0.131481
1 0.575521 0.499537 0.022917 0.102778
2 0.321875 0.496759 0.025 0.084259
2 0.234635 0.526852 0.039062 0.111111
2 0.353906 0.498611 0.034896 0.128704
1 0.490104 0.449074 0.013542 0.064815
1 0.95625 0.776852 0.258333 0.931481
1 0.560937 0.456944 0.019792 0.100926
1 0.527344 0.458796 0.018229 0.09537
1 0.604688 0.681019 0.103125 0.619444
1 0.557552 0.633796 0.074479 0.486111
7 0.448437 0.472685 0.027083 0.069444
7 0.428906 0.468519 0.028646 0.055556
1 0.210156 0.481944 0.026562 0.10463
1 0.239323 0.472685 0.019271 0.102778
1 0.227083 0.473148 0.015625 0.1
1 0.226302 0.481019 0.022396 0.09537
7 0.204167 0.462037 0.021875 0.096296
1 0.22474 0.463426 0.017188 0.076852
1 0.411719 0.527778 0.058854 0.298148
1 0.359635 0.52963 0.064062 0.255556
1 0.309115 0.55463 0.060937 0.294444
1 0.229427 0.550463 0.051562 0.29537
1 0.659115 0.543981 0.059896 0.29537
1 0.447917 0.478704 0.028125 0.148148
1 0.645052 0.457407 0.018229 0.087037
1 0.524219 0.458333 0.017188 0.075926
1 0.513281 0.452315 0.013021 0.071296
1 0.33125 0.458796 0.014583 0.071296
1 0.382292 0.451852 0.0125 0.066667
7 0.351302 0.461111 0.013021 0.066667
7 0.365885 0.460185 0.009896 0.064815
7 0.380208 0.469444 0.009375 0.053704
1 0.290365 0.455556 0.013021 0.066667
1 0.277083 0.456019 0.0125 0.062037
4 0.358333 0.540278 0.038542 0.09537
9 0.480208 0.4375 0.013542 0.119444
4 0.31901 0.532407 0.049479 0.072222
4 0.239583 0.564352 0.079167 0.089815
1 0.25651 0.461111 0.014063 0.074074
1 0.28099 0.45 0.009896 0.05
1 0.310156 0.447685 0.009896 0.04537
1 0.300781 0.449537 0.008854 0.050926
1 0.314323 0.443981 0.008854 0.047222
1 0.311719 0.443519 0.009896 0.046296
7 0.51901 0.449074 0.011979 0.05
7 0.530729 0.447685 0.009375 0.056481
1 0.535677 0.454167 0.014063 0.071296
1 0.586719 0.462037 0.018229 0.092593
