7 0.50026 0.498611 0.050521 0.100926
1 0.64349 0.61713 0.091146 0.476852
9 0.913021 0.266667 0.175 0.535185
8 0.614323 0.449537 0.017188 0.082407
8 0.690104 0.453704 0.017708 0.109259
9 0.480208 0.447685 0.015625 0.128704
1 0.58151 0.481019 0.022396 0.132407
1 0.575521 0.499537 0.022917 0.102778
2 0.317969 0.497222 0.025521 0.085185
2 0.229167 0.528241 0.039583 0.112037
2 0.350521 0.5 0.035417 0.12963
1 0.489583 0.448611 0.013542 0.063889
1 0.90026 0.771759 0.256771 0.937963
1 0.560937 0.456944 0.019792 0.100926
1 0.527344 0.458796 0.018229 0.093519
1 0.608333 0.683796 0.104167 0.625
1 0.559635 0.634259 0.074479 0.487037
7 0.448437 0.472685 0.027083 0.069444
7 0.428906 0.468519 0.028646 0.055556
1 0.210156 0.481944 0.026562 0.10463
1 0.238542 0.473148 0.01875 0.101852
1 0.227083 0.473148 0.015625 0.1
1 0.226302 0.481019 0.022396 0.09537
7 0.204167 0.462037 0.021875 0.096296
1 0.225 0.463426 0.016667 0.076852
1 0.415104 0.528241 0.05625 0.29537
1 0.366667 0.52963 0.052083 0.255556
1 0.317188 0.55463 0.070833 0.294444
1 0.236979 0.549074 0.055208 0.294444
1 0.664583 0.543056 0.059375 0.297222
1 0.446094 0.479167 0.027604 0.147222
1 0.644531 0.45787 0.018229 0.086111
1 0.52526 0.458333 0.017188 0.075926
1 0.514323 0.452315 0.013021 0.071296
1 0.33125 0.459722 0.014583 0.071296
1 0.382812 0.452315 0.0125 0.067593
7 0.351302 0.461111 0.013021 0.066667
7 0.365885 0.460185 0.009896 0.064815
7 0.380208 0.469444 0.009375 0.053704
1 0.290885 0.455556 0.013021 0.066667
1 0.277083 0.456019 0.0125 0.062037
4 0.35599 0.541667 0.040104 0.096296
9 0.480208 0.4375 0.013542 0.119444
4 0.315365 0.533333 0.049479 0.072222
4 0.233073 0.565741 0.080729 0.090741
1 0.25599 0.461111 0.014063 0.072222
1 0.28099 0.45 0.009896 0.05
1 0.310417 0.447685 0.009375 0.04537
1 0.30026 0.449537 0.008854 0.050926
1 0.314323 0.443981 0.008854 0.047222
1 0.311719 0.443519 0.009896 0.046296
7 0.51901 0.449074 0.011979 0.05
7 0.530729 0.447685 0.009375 0.056481
1 0.535937 0.454167 0.013542 0.071296
1 0.586719 0.462037 0.018229 0.092593
