7 0.50026 0.498611 0.050521 0.100926
1 0.621875 0.610185 0.083333 0.47963
9 0.913021 0.266667 0.175 0.535185
8 0.614323 0.449537 0.017188 0.082407
8 0.690104 0.453704 0.017708 0.109259
9 0.480208 0.447685 0.015625 0.128704
1 0.564844 0.49213 0.021354 0.108333
1 0.575521 0.499537 0.021875 0.102778
2 0.373958 0.496759 0.022917 0.091667
2 0.352865 0.504167 0.027604 0.089815
2 0.391406 0.494444 0.029687 0.105556
1 0.498437 0.449537 0.013542 0.069444
1 0.56875 0.456019 0.019792 0.100926
1 0.523438 0.463426 0.01875 0.099074
1 0.614062 0.656019 0.110417 0.562037
1 0.532552 0.628704 0.072396 0.475926
7 0.448437 0.472685 0.027083 0.069444
7 0.428906 0.468519 0.028646 0.055556
1 0.208854 0.481481 0.026042 0.103704
1 0.255729 0.471296 0.01875 0.101852
1 0.229167 0.472222 0.015625 0.1
1 0.225521 0.481019 0.022917 0.09537
7 0.204167 0.462037 0.021875 0.096296
1 0.222656 0.464352 0.016146 0.076852
1 0.289062 0.544907 0.072917 0.341667
1 0.172656 0.555556 0.090104 0.296296
1 0.125781 0.585648 0.088021 0.352778
1 -0.00599 0.577315 0.075521 0.350926
1 0.539062 0.522222 0.046875 0.227778
1 0.526563 0.498148 0.042708 0.187037
1 0.825 0.455093 0.023958 0.100926
1 0.663021 0.45787 0.021875 0.089815
1 0.498177 0.451852 0.011979 0.064815
1 0.477604 0.449074 0.013542 0.07037
1 0.333854 0.456019 0.014583 0.065741
1 0.373437 0.450926 0.0125 0.061111
7 0.35026 0.461111 0.013021 0.066667
7 0.365365 0.460185 0.009896 0.064815
7 0.377344 0.469444 0.008854 0.053704
1 0.280208 0.454167 0.0125 0.060185
4 0.391667 0.518056 0.028125 0.080556
9 0.479687 0.4375 0.013542 0.119444
4 0.371875 0.514815 0.020833 0.066667
4 0.352865 0.531481 0.027604 0.072222
1 0.264323 0.4625 0.011979 0.076852
1 0.28125 0.450926 0.009375 0.048148
1 0.308854 0.450463 0.010417 0.050926
1 0.298958 0.451852 0.009375 0.053704
1 0.315885 0.447222 0.009896 0.048148
1 0.309635 0.445833 0.009896 0.050926
1 0.289844 0.449537 0.009896 0.052778
7 0.51875 0.449074 0.011458 0.05
7 0.529687 0.447685 0.009375 0.056481
1 0.535156 0.45463 0.014063 0.07037
1 0.586719 0.462037 0.018229 0.092593
