7 0.50026 0.498611 0.050521 0.100926
1 0.554948 0.599074 0.081771 0.411111
9 0.913021 0.266667 0.175 0.535185
8 0.614323 0.449537 0.017188 0.082407
8 0.690104 0.453704 0.017708 0.109259
9 0.480208 0.447685 0.015625 0.128704
1 0.557552 0.499074 0.020313 0.098148
1 0.575781 0.5 0.020313 0.103704
2 0.37474 0.49537 0.022396 0.087037
2 0.366146 0.505093 0.025 0.099074
2 0.391927 0.496296 0.026562 0.103704
1 0.591667 0.4625 0.019792 0.091667
1 0.516667 0.452778 0.015625 0.075926
1 0.581771 0.455093 0.019792 0.100926
1 0.516927 0.466204 0.018229 0.10463
1 0.539323 0.672685 0.085938 0.591667
1 0.749219 0.586574 0.086979 0.371296
1 0.46224 0.626389 0.069271 0.452778
7 0.448437 0.472685 0.027083 0.069444
7 0.428906 0.468519 0.028646 0.055556
1 0.216667 0.481481 0.020833 0.103704
1 0.275 0.47037 0.016667 0.1
1 0.248438 0.472222 0.015625 0.096296
1 0.22474 0.481944 0.024479 0.093519
7 0.204167 0.462037 0.021875 0.096296
1 0.224479 0.464815 0.015625 0.075926
1 0.371094 0.503241 0.031771 0.178704
1 0.740365 0.55463 0.066146 0.331481
1 0.905469 0.541204 0.085938 0.310185
1 0.691667 0.460648 0.021875 0.09537
1 0.591667 0.461111 0.025 0.1
1 0.416406 0.452315 0.011979 0.065741
1 0.414062 0.449074 0.013542 0.07037
1 0.323437 0.451389 0.010417 0.05463
1 0.335677 0.451389 0.013021 0.056481
7 0.348698 0.461111 0.013021 0.066667
7 0.364844 0.460185 0.009896 0.064815
7 0.375 0.468519 0.008333 0.053704
4 0.392969 0.51713 0.028646 0.078704
9 0.479167 0.4375 0.013542 0.119444
4 0.371875 0.513889 0.020833 0.064815
4 0.36276 0.526852 0.024479 0.072222
1 0.266927 0.466204 0.011979 0.075
1 0.310677 0.45463 0.010937 0.057407
1 0.298177 0.456481 0.009896 0.057407
1 0.29349 0.450926 0.010937 0.059259
1 0.316927 0.450463 0.011979 0.052778
1 0.30625 0.45 0.011458 0.059259
1 0.282292 0.45 0.0125 0.053704
7 0.51849 0.449537 0.010937 0.049074
7 0.527604 0.447685 0.009375 0.056481
1 0.527604 0.45787 0.015625 0.080556
1 0.314063 0.423611 0.010417 0.039815
1 0.319792 0.42037 0.009375 0.038889
