7 0.50026 0.498611 0.050521 0.100926
1 0.415365 0.561574 0.057812 0.317593
9 0.913021 0.266667 0.175 0.535185
8 0.614323 0.449537 0.017188 0.082407
8 0.690104 0.453704 0.017708 0.109259
9 0.480208 0.447685 0.015625 0.128704
1 0.557552 0.498148 0.020313 0.101852
1 0.576042 0.500463 0.01875 0.10463
2 0.377604 0.493981 0.022917 0.084259
2 0.366667 0.50463 0.026042 0.098148
2 0.398177 0.4875 0.022396 0.093519
1 0.628125 0.460648 0.019792 0.091667
1 0.530208 0.45787 0.01875 0.091667
1 0.578385 0.455556 0.020313 0.1
1 0.510677 0.458796 0.018229 0.10463
1 0.321354 0.607407 0.084375 0.433333
1 0.461979 0.54537 0.04375 0.264815
1 0.35651 0.576852 0.063021 0.324074
7 0.448437 0.472685 0.027083 0.069444
7 0.428906 0.468519 0.028646 0.055556
1 0.253646 0.480556 0.016667 0.1
1 0.271094 0.47037 0.018229 0.098148
1 0.261458 0.471759 0.015625 0.09537
1 0.223437 0.481481 0.032292 0.094444
7 0.204427 0.461111 0.021354 0.096296
1 0.252865 0.4625 0.016146 0.076852
1 0.313542 0.489815 0.022917 0.133333
1 0.496875 0.522685 0.040625 0.232407
1 0.599479 0.461574 0.016667 0.082407
1 0.467448 0.466667 0.020313 0.116667
7 0.350781 0.462037 0.013021 0.066667
7 0.367708 0.458333 0.0125 0.062963
7 0.375781 0.468056 0.008854 0.052778
4 0.394792 0.515741 0.028125 0.074074
9 0.480208 0.4375 0.013542 0.119444
4 0.373958 0.512963 0.020833 0.062963
4 0.365625 0.525463 0.023958 0.073148
1 0.31849 0.456944 0.013021 0.062037
1 0.304427 0.458796 0.010937 0.062037
1 0.294531 0.454167 0.013021 0.067593
1 0.316406 0.453704 0.011979 0.062963
1 0.278125 0.453704 0.015625 0.062963
7 0.518229 0.449537 0.010417 0.049074
7 0.527083 0.447685 0.009375 0.056481
1 0.49375 0.452315 0.015625 0.087963
1 0.309896 0.410648 0.010417 0.039815
1 0.315625 0.411111 0.009375 0.038889
