7 0.50026 0.498611 0.050521 0.100926
1 0.567708 0.593981 0.083333 0.419444
9 0.913021 0.266667 0.175 0.535185
8 0.614323 0.449537 0.017188 0.082407
8 0.690104 0.453704 0.017708 0.109259
9 0.480208 0.447685 0.015625 0.128704
1 0.557552 0.498611 0.020313 0.097222
1 0.575781 0.5 0.020313 0.103704
2 0.374479 0.495833 0.021875 0.089815
2 0.365885 0.505093 0.024479 0.099074
2 0.392188 0.496296 0.027083 0.103704
1 0.592708 0.461574 0.019792 0.091667
1 0.514583 0.451852 0.014583 0.072222
1 0.58125 0.455093 0.019792 0.100926
1 0.518229 0.46713 0.01875 0.10463
1 0.554688 0.669444 0.079167 0.590741
1 0.808073 0.594907 0.079687 0.391667
1 0.477344 0.625 0.083854 0.455556
7 0.448437 0.472685 0.027083 0.069444
7 0.428906 0.468519 0.028646 0.055556
1 0.211979 0.482407 0.020833 0.103704
1 0.273958 0.471296 0.016667 0.1
1 0.242188 0.472222 0.015625 0.096296
1 0.22474 0.481944 0.024479 0.093519
7 0.204167 0.462037 0.021875 0.096296
1 0.219271 0.466204 0.015625 0.076852
1 0.396615 0.504167 0.046354 0.182407
1 0.7875 0.559722 0.067708 0.349074
1 0.814063 0.534259 0.070833 0.290741
1 0.709635 0.459259 0.020313 0.1
1 0.60625 0.463889 0.025 0.1
1 0.427344 0.45 0.013021 0.064815
1 0.419792 0.449074 0.013542 0.07037
1 0.328125 0.453241 0.010417 0.05463
1 0.342969 0.450926 0.011979 0.055556
7 0.349219 0.461111 0.013021 0.066667
7 0.364844 0.460185 0.009896 0.064815
7 0.375 0.468519 0.008333 0.053704
4 0.392969 0.51713 0.028646 0.078704
9 0.479167 0.4375 0.013542 0.119444
4 0.371875 0.513889 0.020833 0.064815
4 0.361719 0.527315 0.024479 0.073148
1 0.267969 0.466667 0.011979 0.074074
1 0.308594 0.454167 0.010937 0.056481
1 0.297917 0.45463 0.014583 0.055556
1 0.294531 0.45 0.009896 0.057407
1 0.316406 0.45 0.011979 0.051852
1 0.307292 0.45 0.011458 0.059259
1 0.283073 0.450463 0.010937 0.05463
7 0.51849 0.449074 0.010937 0.05
7 0.528125 0.447685 0.009375 0.056481
1 0.530729 0.45787 0.015625 0.076852
1 0.315104 0.425463 0.010417 0.039815
