7 0.50026 0.498611 0.050521 0.100926
1 0.622656 0.613889 0.092188 0.462963
9 0.913021 0.266667 0.175 0.535185
8 0.614323 0.449537 0.017188 0.082407
8 0.690104 0.453704 0.017708 0.109259
9 0.480208 0.447685 0.015625 0.128704
1 0.557813 0.497222 0.020833 0.098148
1 0.575781 0.5 0.021354 0.103704
2 0.374219 0.496759 0.022396 0.091667
2 0.364323 0.505093 0.025521 0.099074
2 0.392969 0.49537 0.029687 0.103704
1 0.503906 0.45 0.014063 0.07037
1 0.572917 0.455093 0.019792 0.100926
1 0.524219 0.464815 0.018229 0.101852
1 0.604167 0.656944 0.098958 0.563889
1 0.509375 0.634722 0.076042 0.489815
7 0.448437 0.472685 0.027083 0.069444
7 0.428906 0.468519 0.028646 0.055556
1 0.209115 0.480556 0.023438 0.101852
1 0.261458 0.471296 0.016667 0.103704
1 0.23125 0.472222 0.015625 0.1
1 0.22526 0.481019 0.023438 0.09537
7 0.204167 0.462037 0.021875 0.096296
1 0.221094 0.465278 0.016146 0.076852
1 0.186458 0.566667 0.10625 0.37963
1 0.0375 0.56713 0.084375 0.319444
1 0.486458 0.508333 0.039583 0.2
1 0.603646 0.508796 0.047917 0.223148
1 0.788281 0.457407 0.028646 0.101852
1 0.652865 0.461574 0.024479 0.097222
1 0.477083 0.45 0.011458 0.064815
1 0.453125 0.448148 0.013542 0.07037
1 0.335938 0.455093 0.0125 0.062037
1 0.365104 0.450926 0.011458 0.059259
7 0.34974 0.461111 0.013021 0.066667
7 0.365365 0.460185 0.009896 0.064815
7 0.375521 0.469444 0.008333 0.053704
4 0.392708 0.51713 0.028125 0.080556
9 0.479687 0.4375 0.013542 0.119444
4 0.371875 0.514815 0.020833 0.066667
4 0.357812 0.528704 0.026042 0.072222
1 0.269531 0.462963 0.014063 0.074074
1 0.28099 0.449537 0.008854 0.047222
1 0.307812 0.451852 0.010417 0.053704
1 0.296875 0.451852 0.009375 0.053704
1 0.297135 0.448611 0.009896 0.05463
1 0.316667 0.448148 0.011458 0.048148
1 0.308333 0.447222 0.010417 0.053704
1 0.288021 0.45 0.010417 0.053704
7 0.51875 0.449074 0.011458 0.05
7 0.529167 0.447685 0.009375 0.056481
1 0.534635 0.455556 0.015104 0.072222
1 0.593229 0.461574 0.019792 0.091667
