7 0.50026 0.498611 0.050521 0.100926
1 0.541927 0.59213 0.088021 0.399074
9 0.913021 0.266667 0.175 0.535185
8 0.614323 0.449537 0.017188 0.082407
8 0.690104 0.453704 0.017708 0.109259
9 0.480208 0.447685 0.015625 0.128704
1 0.557552 0.499537 0.020313 0.097222
1 0.575781 0.5 0.020313 0.103704
2 0.37474 0.494907 0.022396 0.086111
2 0.366146 0.505093 0.025 0.099074
2 0.391667 0.496296 0.026042 0.103704
1 0.591667 0.4625 0.019792 0.091667
1 0.51901 0.454167 0.016146 0.080556
1 0.581771 0.455093 0.019792 0.100926
1 0.515885 0.465278 0.018229 0.10463
1 0.522135 0.669444 0.082812 0.585185
1 0.690365 0.577778 0.103646 0.344444
1 0.451562 0.6125 0.069792 0.421296
7 0.448437 0.472685 0.027083 0.069444
7 0.428906 0.468519 0.028646 0.055556
1 0.225 0.480556 0.019792 0.101852
1 0.275521 0.469907 0.016667 0.100926
1 0.252865 0.471759 0.016146 0.09537
1 0.224479 0.481944 0.025 0.093519
7 0.204167 0.462037 0.021875 0.096296
1 0.230729 0.464815 0.015625 0.075926
1 0.355469 0.501389 0.031771 0.173148
1 0.70026 0.546296 0.078646 0.311111
1 0.990625 0.548611 0.089583 0.347222
1 0.673698 0.462963 0.025521 0.096296
1 0.584375 0.465278 0.030208 0.106481
1 0.405729 0.451389 0.0125 0.063889
1 0.407552 0.45 0.014063 0.066667
1 0.319792 0.451389 0.010417 0.05463
1 0.328125 0.450926 0.009375 0.055556
7 0.348698 0.461111 0.013021 0.066667
7 0.364844 0.460185 0.009896 0.064815
7 0.375521 0.468519 0.008333 0.053704
4 0.392969 0.517593 0.028646 0.077778
9 0.479167 0.4375 0.013542 0.119444
4 0.371875 0.513889 0.020833 0.064815
4 0.363802 0.526389 0.024479 0.073148
1 0.266406 0.466667 0.011979 0.075926
1 0.31224 0.45463 0.010937 0.057407
1 0.299219 0.456481 0.009896 0.057407
1 0.292969 0.450926 0.011979 0.059259
1 0.31849 0.451389 0.011979 0.052778
1 0.305729 0.45 0.011458 0.059259
1 0.279167 0.452315 0.014583 0.056481
7 0.51849 0.449537 0.010937 0.049074
7 0.527083 0.447685 0.009375 0.056481
1 0.52474 0.457407 0.016146 0.083333
1 0.3125 0.420833 0.010417 0.039815
1 0.318229 0.417593 0.009375 0.038889
