7 0.50026 0.498611 0.050521 0.100926
1 0.367708 0.548148 0.051042 0.283333
9 0.913021 0.266667 0.175 0.535185
8 0.614323 0.449537 0.017188 0.082407
8 0.690104 0.453704 0.017708 0.109259
9 0.480208 0.447685 0.015625 0.128704
1 0.558073 0.498148 0.019271 0.101852
1 0.576042 0.500926 0.017708 0.105556
2 0.379167 0.493056 0.022917 0.084259
2 0.366927 0.504167 0.026562 0.097222
2 0.404948 0.481019 0.021354 0.086111
1 0.661979 0.459722 0.019792 0.091667
1 0.533333 0.458333 0.019792 0.096296
1 0.579948 0.456481 0.020313 0.1
1 0.496615 0.456481 0.022396 0.105556
1 0.319531 0.575463 0.065104 0.334259
1 0.415625 0.531944 0.042708 0.223148
1 0.300781 0.556944 0.049479 0.280556
7 0.448437 0.472685 0.027083 0.069444
7 0.428906 0.468519 0.028646 0.055556
1 0.272656 0.477315 0.018229 0.087963
1 0.266927 0.47037 0.016146 0.096296
1 0.244271 0.480093 0.021875 0.09537
7 0.205208 0.461111 0.021875 0.096296
1 0.235156 0.462963 0.018229 0.077778
1 0.317969 0.484259 0.022396 0.125926
1 0.413542 0.509722 0.04375 0.191667
1 0.567969 0.456019 0.016146 0.071296
1 0.385156 0.475463 0.019271 0.112037
7 0.369271 0.458796 0.013542 0.062037
7 0.375781 0.468056 0.009896 0.052778
4 0.405729 0.502315 0.021875 0.067593
9 0.480208 0.4375 0.013542 0.119444
4 0.375521 0.511574 0.020833 0.062037
4 0.365625 0.525463 0.023958 0.073148
1 0.321354 0.459722 0.013542 0.065741
1 0.29974 0.453241 0.011979 0.065741
1 0.322135 0.456019 0.011979 0.067593
7 0.517969 0.449537 0.009896 0.049074
7 0.527083 0.447685 0.009375 0.056481
1 0.308333 0.410648 0.010417 0.039815
1 0.315104 0.411111 0.009375 0.038889
