7 0.50026 0.498611 0.050521 0.100926
1 0.428125 0.568519 0.060417 0.327778
9 0.913021 0.266667 0.175 0.535185
8 0.614323 0.449537 0.017188 0.082407
8 0.690104 0.453704 0.017708 0.109259
9 0.480208 0.447685 0.015625 0.128704
1 0.557552 0.498148 0.020313 0.101852
1 0.576042 0.500463 0.01875 0.10463
2 0.377083 0.493981 0.022917 0.084259
2 0.366406 0.50463 0.025521 0.098148
2 0.396615 0.488426 0.022396 0.09537
1 0.619792 0.460648 0.019792 0.091667
1 0.529167 0.45787 0.01875 0.091667
1 0.579427 0.455093 0.020313 0.100926
1 0.51224 0.459722 0.018229 0.10463
1 0.339062 0.612963 0.115625 0.444444
1 0.485677 0.548148 0.063021 0.272222
1 0.367188 0.582407 0.058333 0.337037
7 0.448437 0.472685 0.027083 0.069444
7 0.428906 0.468519 0.028646 0.055556
1 0.252865 0.480556 0.016146 0.1
1 0.273177 0.471759 0.018229 0.097222
1 0.261979 0.471759 0.015625 0.09537
1 0.226042 0.481481 0.027083 0.094444
7 0.204167 0.461111 0.021875 0.096296
1 0.252344 0.4625 0.016146 0.076852
1 0.311458 0.489815 0.023958 0.133333
1 0.511979 0.522685 0.040625 0.243519
1 0.605729 0.4625 0.016667 0.082407
1 0.484115 0.469444 0.019271 0.122222
7 0.350781 0.462037 0.013021 0.066667
7 0.366927 0.458333 0.013021 0.062963
7 0.375781 0.468056 0.008854 0.052778
4 0.392969 0.518519 0.028646 0.075926
9 0.479687 0.4375 0.013542 0.119444
4 0.373437 0.512963 0.020833 0.062963
4 0.365625 0.525463 0.023958 0.073148
1 0.317708 0.456944 0.013542 0.062037
1 0.303385 0.458796 0.010937 0.062037
1 0.292708 0.453241 0.013542 0.067593
1 0.315104 0.453241 0.011458 0.062037
1 0.276823 0.454167 0.015104 0.062037
7 0.518229 0.449537 0.010417 0.049074
7 0.527083 0.447685 0.009375 0.056481
1 0.498698 0.453704 0.016146 0.088889
1 0.309896 0.411574 0.010417 0.039815
1 0.315625 0.411111 0.009375 0.038889
