7 0.50026 0.498611 0.050521 0.100926
1 0.568229 0.603241 0.083333 0.426852
9 0.913021 0.266667 0.175 0.535185
8 0.614323 0.449537 0.017188 0.082407
8 0.690104 0.453704 0.017708 0.109259
9 0.480208 0.447685 0.015625 0.128704
1 0.557813 0.498148 0.020833 0.098148
1 0.575521 0.5 0.020833 0.103704
2 0.374479 0.496759 0.021875 0.091667
2 0.365885 0.505093 0.024479 0.099074
2 0.392708 0.496296 0.028125 0.103704
1 0.593229 0.461574 0.019792 0.091667
1 0.511719 0.450926 0.014063 0.07037
1 0.578646 0.455093 0.019792 0.100926
1 0.521875 0.466204 0.01875 0.10463
1 0.565365 0.662963 0.078646 0.585185
1 0.88125 0.612037 0.0875 0.435185
1 0.50026 0.628241 0.074479 0.476852
7 0.448437 0.472685 0.027083 0.069444
7 0.428906 0.468519 0.028646 0.055556
1 0.209896 0.481019 0.021875 0.102778
1 0.273438 0.471296 0.016667 0.1
1 0.2375 0.472685 0.015625 0.099074
1 0.225 0.481481 0.023958 0.094444
7 0.204167 0.462037 0.021875 0.096296
1 0.219271 0.465278 0.015625 0.076852
1 0.418229 0.506481 0.036458 0.192593
1 0.85 0.564352 0.084375 0.371296
1 0.740625 0.519907 0.052083 0.265741
1 0.733333 0.459722 0.026042 0.099074
1 0.621615 0.462037 0.024479 0.098148
1 0.444271 0.448148 0.011458 0.064815
1 0.426563 0.448148 0.013542 0.07037
1 0.332031 0.452315 0.009896 0.05463
1 0.351823 0.450926 0.011979 0.055556
7 0.349219 0.461111 0.013021 0.066667
7 0.364844 0.460185 0.009896 0.064815
7 0.374479 0.468519 0.008333 0.053704
4 0.392969 0.516667 0.028646 0.07963
9 0.479167 0.4375 0.013542 0.119444
4 0.371875 0.514352 0.020833 0.065741
4 0.360677 0.527778 0.025521 0.072222
1 0.26901 0.466667 0.011979 0.074074
1 0.307292 0.453704 0.011458 0.055556
1 0.298177 0.453704 0.014063 0.053704
1 0.296094 0.449074 0.009896 0.055556
1 0.316406 0.449537 0.011979 0.050926
1 0.307552 0.449074 0.010937 0.057407
1 0.285156 0.451389 0.010937 0.056481
7 0.51849 0.449074 0.010937 0.05
7 0.528125 0.447685 0.009375 0.056481
1 0.534115 0.45787 0.015104 0.073148
1 0.315625 0.428241 0.010417 0.039815
