7 0.50026 0.498611 0.050521 0.100926
1 0.550521 0.598148 0.084375 0.407407
9 0.913021 0.266667 0.175 0.535185
8 0.614323 0.449537 0.017188 0.082407
8 0.690104 0.453704 0.017708 0.109259
9 0.480208 0.447685 0.015625 0.128704
1 0.557552 0.499074 0.020313 0.098148
1 0.575781 0.5 0.020313 0.103704
2 0.37474 0.49537 0.022396 0.087037
2 0.366146 0.505093 0.025 0.099074
2 0.391927 0.496296 0.026562 0.103704
1 0.591667 0.4625 0.019792 0.091667
1 0.517708 0.453704 0.015625 0.077778
1 0.581771 0.455093 0.019792 0.100926
1 0.516667 0.465741 0.01875 0.105556
1 0.536719 0.672685 0.085938 0.591667
1 0.722396 0.584259 0.067708 0.368519
1 0.460938 0.626389 0.066667 0.449074
7 0.448437 0.472685 0.027083 0.069444
7 0.428906 0.468519 0.028646 0.055556
1 0.220312 0.480556 0.021875 0.101852
1 0.275 0.47037 0.016667 0.1
1 0.250521 0.472222 0.015625 0.096296
1 0.224479 0.481944 0.025 0.093519
7 0.204167 0.462037 0.021875 0.096296
1 0.227083 0.464815 0.015625 0.075926
1 0.364844 0.503704 0.033854 0.174074
1 0.720573 0.552778 0.068229 0.324074
1 0.929167 0.546759 0.110417 0.330556
1 0.684896 0.4625 0.022917 0.09537
1 0.590625 0.462037 0.027083 0.101852
1 0.411719 0.452778 0.010937 0.066667
1 0.411979 0.449074 0.013542 0.07037
1 0.322396 0.452315 0.010417 0.05463
1 0.332813 0.450926 0.010417 0.055556
7 0.348698 0.461111 0.013021 0.066667
7 0.364844 0.460185 0.009896 0.064815
7 0.375521 0.468519 0.008333 0.053704
4 0.392969 0.51713 0.028646 0.078704
9 0.479167 0.4375 0.013542 0.119444
4 0.371875 0.513889 0.020833 0.064815
4 0.363281 0.526389 0.024479 0.073148
1 0.266406 0.466204 0.011979 0.075
1 0.311719 0.45463 0.010937 0.057407
1 0.298698 0.456481 0.009896 0.057407
1 0.293229 0.450926 0.011458 0.059259
1 0.317448 0.450463 0.011979 0.052778
1 0.30625 0.45 0.011458 0.059259
1 0.280208 0.450926 0.013542 0.055556
7 0.51849 0.449537 0.010937 0.049074
7 0.527604 0.447685 0.009375 0.056481
1 0.526823 0.457407 0.016146 0.081481
1 0.313542 0.422685 0.010417 0.039815
1 0.319271 0.419444 0.009375 0.038889
