7 0.50026 0.498611 0.050521 0.100926
1 0.879948 0.65463 0.110937 0.55
9 0.913021 0.266667 0.175 0.535185
8 0.614323 0.449537 0.017188 0.082407
8 0.690104 0.453704 0.017708 0.109259
9 0.480208 0.447685 0.015625 0.128704
1 0.590104 0.471296 0.01875 0.144444
1 0.578385 0.478241 0.024479 0.121296
1 0.510417 0.452315 0.016667 0.080556
1 0.535417 0.463889 0.019792 0.1
1 0.508073 0.460185 0.018229 0.090741
1 0.963021 0.7 0.130208 0.705556
1 0.819531 0.684722 0.116146 0.602778
7 0.448437 0.472685 0.027083 0.069444
7 0.428906 0.468519 0.028646 0.055556
1 0.211719 0.481019 0.025521 0.10463
1 0.229427 0.472685 0.016146 0.099074
1 0.227865 0.473148 0.015104 0.1
1 0.227865 0.480093 0.022396 0.093519
7 0.204167 0.462037 0.021875 0.096296
1 0.229167 0.4625 0.017708 0.076852
1 0.510938 0.51713 0.061458 0.273148
1 0.596094 0.514352 0.042188 0.223148
1 0.561458 0.541204 0.060417 0.256481
1 0.453125 0.518981 0.064583 0.236111
1 0.354167 0.471759 0.020833 0.108333
1 0.623437 0.453241 0.016667 0.080556
1 0.615104 0.462037 0.019792 0.090741
1 0.602604 0.456944 0.01875 0.09537
1 0.347135 0.464352 0.016146 0.087963
1 0.380729 0.458796 0.016667 0.086111
7 0.354427 0.461111 0.013021 0.066667
7 0.366406 0.460648 0.009896 0.065741
7 0.37474 0.469444 0.010937 0.051852
1 0.308333 0.459722 0.017708 0.075
1 0.290365 0.462037 0.014063 0.07037
9 0.480208 0.4375 0.013542 0.119444
1 0.242448 0.461574 0.013021 0.067593
1 0.286198 0.456944 0.009896 0.062037
1 0.308854 0.434722 0.009375 0.043519
1 0.311719 0.443981 0.009896 0.04537
1 0.296094 0.425926 0.006771 0.02963
1 0.302344 0.424074 0.006771 0.02963
7 0.519271 0.449074 0.0125 0.05
7 0.531771 0.448611 0.009375 0.056481
1 0.557031 0.458333 0.017188 0.087037
