7 0.50026 0.498611 0.050521 0.100926
1 0.56901 0.604167 0.083854 0.430556
9 0.913021 0.266667 0.175 0.535185
8 0.614323 0.449537 0.017188 0.082407
8 0.690104 0.453704 0.017708 0.109259
9 0.480208 0.447685 0.015625 0.128704
1 0.557813 0.498148 0.020833 0.098148
1 0.575521 0.5 0.020833 0.103704
2 0.374479 0.496759 0.021875 0.091667
2 0.365885 0.505093 0.024479 0.099074
2 0.392708 0.496296 0.028125 0.103704
1 0.593229 0.461574 0.019792 0.091667
1 0.510677 0.450926 0.014063 0.07037
1 0.578125 0.455093 0.019792 0.100926
1 0.523438 0.466204 0.01875 0.10463
1 0.577344 0.65787 0.097396 0.575
1 0.9125 0.619444 0.089583 0.451852
1 0.501563 0.633796 0.072917 0.487963
7 0.448437 0.472685 0.027083 0.069444
7 0.428906 0.468519 0.028646 0.055556
1 0.209896 0.481019 0.021875 0.102778
1 0.271615 0.471296 0.020313 0.1
1 0.235937 0.472222 0.015625 0.1
1 0.225 0.481481 0.023958 0.094444
7 0.204167 0.462037 0.021875 0.096296
1 0.219792 0.465278 0.015625 0.076852
1 -0.001823 0.581944 0.127604 0.423148
1 0.424479 0.507407 0.035417 0.196296
1 0.877604 0.569444 0.080208 0.37963
1 0.71849 0.525926 0.064062 0.255556
1 0.738542 0.459722 0.029167 0.099074
1 0.626823 0.460648 0.024479 0.097222
1 0.447917 0.448148 0.011458 0.064815
1 0.429167 0.448148 0.013542 0.07037
1 0.332813 0.451852 0.009375 0.055556
1 0.353906 0.45 0.011979 0.055556
7 0.349219 0.461111 0.013021 0.066667
7 0.364844 0.460185 0.009896 0.064815
7 0.374479 0.468519 0.008333 0.053704
4 0.392969 0.516667 0.028646 0.07963
9 0.479687 0.4375 0.013542 0.119444
4 0.371875 0.514352 0.020833 0.065741
4 0.360156 0.527778 0.025521 0.072222
1 0.269531 0.465741 0.013021 0.074074
1 0.307292 0.453241 0.011458 0.05463
1 0.296875 0.453704 0.011458 0.053704
1 0.296094 0.449074 0.009896 0.055556
1 0.316406 0.449537 0.011979 0.050926
1 0.307552 0.448611 0.010937 0.056481
1 0.285156 0.451389 0.010937 0.056481
7 0.51849 0.449074 0.010937 0.05
7 0.528125 0.447685 0.009375 0.056481
1 0.535156 0.458333 0.015104 0.072222
1 0.315625 0.429167 0.010417 0.039815
