7 0.50026 0.498611 0.050521 0.100926
1 0.735677 0.637037 0.098437 0.512963
9 0.913021 0.266667 0.175 0.535185
8 0.614323 0.449537 0.017188 0.082407
8 0.690104 0.453704 0.017708 0.109259
9 0.480208 0.447685 0.015625 0.128704
1 0.588802 0.474074 0.019271 0.144444
1 0.575521 0.491667 0.019792 0.12037
2 0.20026 0.532407 0.042188 0.118519
2 0.03776 0.549537 0.050521 0.115741
2 0.225781 0.528241 0.050521 0.178704
1 0.490365 0.445833 0.014063 0.062037
1 -0.005208 0.794444 0.216667 0.881481
1 0.550781 0.459259 0.020313 0.1
1 0.523698 0.459259 0.018229 0.090741
1 0.778385 0.706481 0.140104 0.685185
1 0.65651 0.662037 0.086979 0.540741
7 0.448437 0.472685 0.027083 0.069444
7 0.428906 0.468519 0.028646 0.055556
1 0.211458 0.481481 0.026042 0.105556
1 0.230469 0.473611 0.018229 0.100926
1 0.227604 0.473148 0.015625 0.1
1 0.226823 0.480556 0.022396 0.094444
7 0.204167 0.462037 0.021875 0.096296
1 0.226823 0.4625 0.017188 0.076852
1 0.460156 0.518056 0.041146 0.278704
1 0.489844 0.514352 0.066146 0.232407
1 0.429948 0.540741 0.049479 0.272222
1 0.353385 0.525463 0.043229 0.250926
1 0.850781 0.572222 0.108854 0.374074
1 0.4 0.474074 0.021875 0.127778
1 0.627604 0.456019 0.017708 0.076852
1 0.558333 0.460648 0.016667 0.086111
1 0.550781 0.456944 0.018229 0.082407
1 0.332292 0.461111 0.017708 0.077778
1 0.386979 0.457407 0.014583 0.077778
7 0.352865 0.461111 0.013021 0.066667
7 0.366406 0.460648 0.009896 0.065741
7 0.375781 0.469444 0.014063 0.051852
1 0.302865 0.456481 0.017188 0.072222
1 0.283854 0.459259 0.013542 0.066667
4 0.236198 0.584259 0.077604 0.133333
9 0.480208 0.4375 0.013542 0.119444
4 0.199219 0.571296 0.074479 0.101852
4 0.052865 0.598148 0.103646 0.105556
1 0.248177 0.461111 0.014063 0.07037
1 0.282552 0.454167 0.008854 0.058333
1 0.311458 0.449537 0.009375 0.04537
1 0.308854 0.443519 0.009375 0.044444
1 0.311719 0.443981 0.009896 0.04537
7 0.51901 0.449074 0.011979 0.05
7 0.531771 0.448611 0.009375 0.056481
1 0.535937 0.452778 0.014583 0.068519
1 0.58151 0.460185 0.017188 0.092593
