7 0.50026 0.498611 0.050521 0.100926
1 0.507292 0.5875 0.064583 0.382407
9 0.913021 0.266667 0.175 0.535185
8 0.614323 0.449537 0.017188 0.082407
8 0.690104 0.453704 0.017708 0.109259
9 0.480208 0.447685 0.015625 0.128704
1 0.557552 0.500463 0.020313 0.097222
1 0.575781 0.500463 0.019271 0.10463
2 0.375521 0.494907 0.022917 0.084259
2 0.366146 0.505093 0.025 0.099074
2 0.391406 0.494444 0.023438 0.101852
1 0.592187 0.4625 0.019792 0.091667
1 0.522917 0.456481 0.017708 0.087037
1 0.581771 0.455093 0.019792 0.100926
1 0.514062 0.463426 0.01875 0.10463
1 0.45599 0.647222 0.133854 0.542593
1 0.60599 0.571296 0.054688 0.32037
1 0.420312 0.600463 0.066667 0.382407
7 0.448437 0.472685 0.027083 0.069444
7 0.428906 0.468519 0.028646 0.055556
1 0.233854 0.481019 0.023958 0.100926
1 0.276302 0.469907 0.017188 0.100926
1 0.257552 0.471759 0.016146 0.09537
1 0.225521 0.482407 0.023958 0.092593
7 0.204167 0.462037 0.021875 0.096296
1 0.252083 0.463426 0.015625 0.076852
1 0.331771 0.5 0.027083 0.164815
1 0.623698 0.539815 0.055729 0.285185
1 0.646615 0.462037 0.023438 0.092593
1 0.559375 0.468981 0.023958 0.113889
1 0.389323 0.451389 0.009896 0.062037
1 0.397656 0.450463 0.009896 0.067593
7 0.348698 0.462037 0.013021 0.066667
7 0.364844 0.459722 0.009896 0.063889
7 0.375781 0.468056 0.008854 0.052778
4 0.392969 0.517593 0.028646 0.077778
9 0.479167 0.4375 0.013542 0.119444
4 0.371875 0.513426 0.020833 0.063889
4 0.365625 0.525463 0.023958 0.073148
1 0.267448 0.466667 0.010937 0.075926
1 0.314583 0.45463 0.011458 0.057407
1 0.300781 0.456481 0.009896 0.057407
1 0.291927 0.451389 0.011979 0.060185
1 0.320573 0.453241 0.011979 0.052778
1 0.308333 0.450926 0.011458 0.059259
1 0.278125 0.453241 0.014583 0.058333
7 0.51849 0.449537 0.010937 0.049074
7 0.527083 0.447685 0.009375 0.056481
1 0.519531 0.457407 0.017188 0.088889
1 0.310937 0.416204 0.010417 0.039815
1 0.316667 0.412963 0.009375 0.038889
