7 0.50026 0.498611 0.050521 0.100926
1 0.48099 0.577315 0.075521 0.35463
9 0.913021 0.266667 0.175 0.535185
8 0.614323 0.449537 0.017188 0.082407
8 0.690104 0.453704 0.017708 0.109259
9 0.480208 0.447685 0.015625 0.128704
1 0.557292 0.499074 0.019792 0.1
1 0.575781 0.500463 0.019271 0.10463
2 0.376042 0.493981 0.022917 0.084259
2 0.366406 0.50463 0.025521 0.098148
2 0.392969 0.492593 0.023438 0.1
1 0.597396 0.4625 0.019792 0.091667
1 0.525521 0.45787 0.01875 0.091667
1 0.581771 0.455093 0.019792 0.100926
1 0.51276 0.462037 0.018229 0.105556
1 0.404427 0.648148 0.079687 0.531481
1 0.570052 0.558796 0.079687 0.293519
1 0.408333 0.596296 0.066667 0.348148
7 0.448437 0.472685 0.027083 0.069444
7 0.428906 0.468519 0.028646 0.055556
1 0.241667 0.481944 0.019792 0.100926
1 0.275781 0.472222 0.016146 0.098148
1 0.259635 0.472685 0.016146 0.09537
1 0.22474 0.481944 0.024479 0.09537
7 0.204167 0.462037 0.021875 0.096296
1 0.25026 0.4625 0.016146 0.076852
1 0.320833 0.498148 0.028125 0.155556
1 0.584896 0.529167 0.044792 0.263889
1 0.63125 0.460648 0.017708 0.089815
1 0.538802 0.465278 0.022396 0.106481
1 0.38151 0.451852 0.009896 0.061111
1 0.388802 0.449074 0.009896 0.064815
7 0.34974 0.462963 0.013021 0.066667
7 0.365104 0.458333 0.011458 0.062963
7 0.375781 0.468056 0.008854 0.052778
4 0.392969 0.518056 0.028646 0.076852
9 0.479167 0.4375 0.013542 0.119444
4 0.372396 0.513426 0.020833 0.063889
4 0.365625 0.525463 0.023958 0.073148
1 0.268229 0.46713 0.010417 0.075
1 0.315885 0.455093 0.013021 0.058333
1 0.301042 0.456481 0.010417 0.057407
1 0.291146 0.452315 0.0125 0.062037
1 0.322135 0.454167 0.011979 0.052778
1 0.311458 0.451852 0.011458 0.059259
1 0.277344 0.453704 0.015104 0.059259
7 0.518229 0.449537 0.010417 0.049074
7 0.527083 0.447685 0.009375 0.056481
1 0.515365 0.45787 0.017188 0.091667
1 0.310417 0.413426 0.010417 0.039815
1 0.315625 0.411111 0.009375 0.038889
