7 0.50026 0.498611 0.050521 0.100926
1 0.384635 0.55463 0.051562 0.3
9 0.913021 0.266667 0.175 0.535185
8 0.614323 0.449537 0.017188 0.082407
8 0.690104 0.453704 0.017708 0.109259
9 0.480208 0.447685 0.015625 0.128704
1 0.557813 0.498148 0.019792 0.101852
1 0.575781 0.500463 0.018229 0.10463
2 0.378125 0.493056 0.022917 0.084259
2 0.366667 0.50463 0.026042 0.098148
2 0.401302 0.484259 0.022396 0.090741
1 0.645312 0.458796 0.019792 0.091667
1 0.532292 0.45787 0.01875 0.091667
1 0.578906 0.455556 0.020313 0.1
1 0.50625 0.456481 0.020833 0.105556
1 0.335677 0.591204 0.073438 0.378704
1 0.441146 0.536574 0.045833 0.241667
1 0.328906 0.57037 0.057812 0.312963
7 0.448437 0.472685 0.027083 0.069444
7 0.428906 0.468519 0.028646 0.055556
1 0.264062 0.481019 0.01875 0.097222
1 0.268229 0.47037 0.017708 0.096296
1 0.229687 0.480093 0.03125 0.09537
7 0.204687 0.461111 0.021875 0.096296
1 0.244271 0.461574 0.017708 0.076852
1 0.320312 0.484722 0.022917 0.126852
1 0.454687 0.510648 0.038542 0.217593
1 0.586458 0.459259 0.016667 0.07963
1 0.424219 0.471296 0.024479 0.116667
7 0.351302 0.461111 0.013021 0.066667
7 0.36849 0.458796 0.013021 0.062037
7 0.375781 0.468056 0.008854 0.052778
4 0.4 0.509722 0.025 0.071296
9 0.480208 0.4375 0.013542 0.119444
4 0.37474 0.512037 0.020313 0.062963
4 0.365625 0.525463 0.023958 0.073148
1 0.319792 0.458796 0.013542 0.063889
1 0.297917 0.45463 0.0125 0.068519
1 0.31901 0.45463 0.011979 0.064815
1 0.282813 0.454167 0.015625 0.063889
7 0.518229 0.449537 0.010417 0.049074
7 0.527083 0.447685 0.009375 0.056481
1 0.309896 0.410648 0.010417 0.039815
1 0.315104 0.411111 0.009375 0.038889
