7 0.50026 0.498611 0.050521 0.100926
1 0.619531 0.612963 0.088021 0.462963
9 0.913021 0.266667 0.175 0.535185
8 0.614323 0.449537 0.017188 0.082407
8 0.690104 0.453704 0.017708 0.109259
9 0.480208 0.447685 0.015625 0.128704
1 0.576302 0.484722 0.022396 0.125
1 0.575521 0.499537 0.022917 0.102778
2 0.346354 0.494907 0.025 0.084259
2 0.279427 0.516204 0.034896 0.102778
2 0.374479 0.493056 0.03125 0.117593
1 0.492708 0.449074 0.013542 0.064815
1 0.563542 0.456944 0.019792 0.100926
1 0.527344 0.458796 0.018229 0.09537
1 0.60599 0.653704 0.099479 0.561111
1 0.548438 0.62963 0.067708 0.477778
7 0.448437 0.472685 0.027083 0.069444
7 0.428906 0.468519 0.028646 0.055556
1 0.210938 0.482407 0.027083 0.103704
1 0.246094 0.472222 0.019271 0.101852
1 0.227083 0.473148 0.015625 0.1
1 0.225781 0.481019 0.022396 0.09537
7 0.204167 0.462037 0.021875 0.096296
1 0.223958 0.464352 0.016667 0.076852
1 0.380208 0.530556 0.072917 0.307407
1 0.311458 0.535185 0.059375 0.264815
1 0.26849 0.560648 0.081771 0.302778
1 0.174219 0.555556 0.054688 0.314815
1 0.622135 0.532407 0.051562 0.257407
1 0.470052 0.484259 0.030729 0.161111
1 0.651302 0.457407 0.018229 0.088889
1 0.515885 0.455556 0.014063 0.072222
1 0.504948 0.451852 0.013021 0.072222
1 0.33125 0.458796 0.014583 0.071296
1 0.380469 0.451389 0.013021 0.065741
7 0.350781 0.461111 0.013021 0.066667
7 0.365885 0.460185 0.009896 0.064815
7 0.379167 0.469444 0.009375 0.053704
1 0.28776 0.454167 0.013021 0.065741
1 0.276562 0.456019 0.0125 0.062037
4 0.375521 0.531019 0.03125 0.091667
9 0.479687 0.4375 0.013542 0.119444
4 0.348698 0.524074 0.039062 0.07037
4 0.285677 0.553241 0.065104 0.084259
1 0.259635 0.462037 0.013021 0.075926
1 0.28099 0.45 0.009896 0.05
1 0.309375 0.448611 0.009375 0.047222
1 0.300781 0.449537 0.008854 0.050926
1 0.314583 0.445833 0.009375 0.049074
1 0.310937 0.444444 0.010417 0.048148
1 0.289583 0.448148 0.009375 0.051852
7 0.51875 0.449074 0.011458 0.05
7 0.530208 0.447685 0.009375 0.056481
1 0.536198 0.453241 0.013021 0.067593
1 0.586719 0.462037 0.018229 0.092593
