7 0.50026 0.498611 0.050521 0.100926
1 0.434635 0.570833 0.053646 0.334259
9 0.913021 0.266667 0.175 0.535185
8 0.614323 0.449537 0.017188 0.082407
8 0.690104 0.453704 0.017708 0.109259
9 0.480208 0.447685 0.015625 0.128704
1 0.557292 0.498148 0.019792 0.101852
1 0.575781 0.500463 0.019271 0.10463
2 0.377083 0.493981 0.022917 0.084259
2 0.366406 0.50463 0.025521 0.098148
2 0.395833 0.489815 0.022917 0.096296
1 0.613021 0.461574 0.019792 0.091667
1 0.528646 0.45787 0.01875 0.091667
1 0.580469 0.455093 0.020313 0.100926
1 0.513802 0.460648 0.018229 0.10463
1 0.352865 0.618981 0.101562 0.45463
1 0.497656 0.552315 0.053646 0.282407
1 0.371615 0.580093 0.067187 0.332407
7 0.448437 0.472685 0.027083 0.069444
7 0.428906 0.468519 0.028646 0.055556
1 0.250781 0.480556 0.018229 0.1
1 0.273698 0.471759 0.018229 0.097222
1 0.261979 0.471759 0.015625 0.09537
1 0.225521 0.481944 0.026042 0.09537
7 0.204167 0.461111 0.021875 0.096296
1 0.251823 0.4625 0.016146 0.076852
1 0.310937 0.491667 0.027083 0.137037
1 0.530469 0.525926 0.055729 0.25
1 0.610677 0.462037 0.016146 0.083333
1 0.497656 0.468981 0.019271 0.121296
7 0.35026 0.462963 0.013021 0.066667
7 0.366667 0.458333 0.0125 0.062963
7 0.375781 0.468056 0.008854 0.052778
4 0.392969 0.518519 0.028646 0.075926
9 0.479687 0.4375 0.013542 0.119444
4 0.373437 0.512963 0.020833 0.062963
4 0.365625 0.525463 0.023958 0.073148
1 0.317448 0.456481 0.013021 0.061111
1 0.302344 0.458333 0.010937 0.061111
1 0.291667 0.453241 0.013542 0.067593
1 0.314323 0.452778 0.011979 0.061111
1 0.276302 0.45463 0.015104 0.061111
7 0.518229 0.449537 0.010417 0.049074
7 0.527083 0.447685 0.009375 0.056481
1 0.502604 0.454167 0.016667 0.089815
1 0.309896 0.411574 0.010417 0.039815
1 0.315625 0.411111 0.009375 0.038889
