7 0.50026 0.498611 0.050521 0.100926
1 0.792708 0.636111 0.0875 0.525926
9 0.913021 0.266667 0.175 0.535185
8 0.614323 0.449537 0.017188 0.082407
8 0.690104 0.453704 0.017708 0.109259
9 0.480208 0.447685 0.015625 0.128704
1 0.589323 0.472222 0.019271 0.144444
1 0.583073 0.484722 0.028646 0.130556
2 0.10026 0.544444 0.043229 0.124074
2 0.109635 0.560648 0.065104 0.225
1 0.49974 0.449074 0.015104 0.07037
1 0.539062 0.461111 0.019792 0.1
1 0.515885 0.459259 0.018229 0.090741
1 0.860156 0.694444 0.141146 0.7
1 0.729688 0.674537 0.088542 0.571296
7 0.448437 0.472685 0.027083 0.069444
7 0.428906 0.468519 0.028646 0.055556
1 0.211979 0.481019 0.026042 0.10463
1 0.229948 0.472222 0.017188 0.1
1 0.227865 0.473148 0.015104 0.1
1 0.227344 0.480093 0.022396 0.093519
7 0.204167 0.462037 0.021875 0.096296
1 0.227865 0.4625 0.017188 0.076852
1 0.475781 0.516667 0.045312 0.277778
1 0.548177 0.515278 0.042188 0.225
1 0.49974 0.54213 0.072396 0.263889
1 0.395833 0.524537 0.044792 0.249074
1 0.952083 0.60463 0.096875 0.468519
1 0.376563 0.473611 0.021875 0.119444
1 0.622396 0.45463 0.017708 0.077778
1 0.58776 0.461111 0.018229 0.087037
1 0.573438 0.457407 0.017708 0.090741
1 0.340625 0.463889 0.016667 0.083333
1 0.384635 0.457407 0.014063 0.081481
7 0.354427 0.461111 0.013021 0.066667
7 0.366406 0.460648 0.009896 0.065741
7 0.37474 0.469444 0.013021 0.051852
1 0.305729 0.459722 0.016667 0.073148
1 0.28776 0.460648 0.014063 0.069444
4 0.113802 0.625926 0.118229 0.166667
9 0.480208 0.4375 0.013542 0.119444
4 0.100521 0.594907 0.110417 0.112037
1 0.244531 0.460185 0.013021 0.068519
1 0.284635 0.457407 0.009896 0.061111
1 0.308854 0.449537 0.009375 0.04537
1 0.307812 0.440278 0.009375 0.043519
1 0.311719 0.443981 0.009896 0.04537
1 0.296615 0.430556 0.006771 0.02963
1 0.302865 0.427778 0.006771 0.02963
7 0.51901 0.449074 0.011979 0.05
7 0.531771 0.448611 0.009375 0.056481
1 0.565625 0.461111 0.017708 0.088889
