7 0.50026 0.498611 0.050521 0.100926
1 0.689063 0.633796 0.092708 0.493519
9 0.913021 0.266667 0.175 0.535185
8 0.614323 0.449537 0.017188 0.082407
8 0.690104 0.453704 0.017708 0.109259
9 0.480208 0.447685 0.015625 0.128704
1 0.589323 0.475 0.023438 0.144444
1 0.575781 0.5 0.023438 0.101852
2 0.251563 0.52037 0.035417 0.107407
2 0.128646 0.538426 0.05 0.115741
2 0.296354 0.5125 0.042708 0.152778
1 0.486719 0.444907 0.013021 0.058333
1 0.265104 0.796296 0.2 0.892593
1 0.556771 0.456944 0.019792 0.100926
1 0.527344 0.458796 0.018229 0.091667
1 0.683073 0.685648 0.155729 0.621296
1 0.61224 0.642593 0.079687 0.503704
7 0.448437 0.472685 0.027083 0.069444
7 0.428906 0.468519 0.028646 0.055556
1 0.210156 0.481481 0.026562 0.105556
1 0.232031 0.473148 0.018229 0.101852
1 0.227344 0.473148 0.015104 0.1
1 0.226823 0.480556 0.022396 0.094444
7 0.204167 0.462037 0.021875 0.096296
1 0.226042 0.463426 0.016667 0.076852
1 0.452344 0.51713 0.041146 0.280556
1 0.447396 0.522685 0.057292 0.241667
1 0.376042 0.544444 0.071875 0.27037
1 0.313542 0.533333 0.067708 0.261111
1 0.765625 0.560185 0.08125 0.331481
1 0.420312 0.475463 0.028125 0.132407
1 0.634896 0.456481 0.017708 0.081481
1 0.54375 0.45787 0.015625 0.075
1 0.533594 0.454167 0.014063 0.075
1 0.332552 0.460648 0.017188 0.076852
1 0.385677 0.45463 0.014063 0.072222
7 0.351302 0.461111 0.013021 0.066667
7 0.365885 0.460185 0.009896 0.064815
7 0.379688 0.469907 0.010417 0.052778
1 0.298177 0.45463 0.015104 0.068519
1 0.279948 0.45787 0.013021 0.063889
4 0.302344 0.562963 0.063021 0.112963
9 0.480208 0.4375 0.013542 0.119444
4 0.258073 0.553704 0.053646 0.085185
4 0.13151 0.586574 0.104688 0.10463
1 0.251302 0.462037 0.014063 0.07037
1 0.281771 0.452778 0.009375 0.055556
1 0.310937 0.448611 0.009375 0.04537
1 0.31224 0.443056 0.008854 0.04537
1 0.311719 0.443981 0.009896 0.04537
7 0.51901 0.449074 0.011979 0.05
7 0.53125 0.447685 0.009375 0.056481
1 0.53776 0.453704 0.014063 0.072222
1 0.586719 0.462037 0.018229 0.092593
