7 0.50026 0.498611 0.050521 0.100926
1 0.620313 0.609259 0.085417 0.488889
9 0.913021 0.266667 0.175 0.535185
8 0.614323 0.449537 0.017188 0.082407
8 0.690104 0.453704 0.017708 0.109259
9 0.480208 0.447685 0.015625 0.128704
1 0.570312 0.488426 0.021875 0.115741
1 0.575781 0.499537 0.022396 0.102778
2 0.370052 0.49537 0.023438 0.088889
2 0.326562 0.506481 0.030208 0.094444
2 0.388021 0.49213 0.029167 0.110185
1 0.495833 0.449074 0.013542 0.066667
1 0.566146 0.456019 0.019792 0.100926
1 0.523958 0.462037 0.01875 0.098148
1 0.618229 0.655093 0.116667 0.560185
1 0.542448 0.629167 0.068229 0.476852
7 0.448437 0.472685 0.027083 0.069444
7 0.428906 0.468519 0.028646 0.055556
1 0.209896 0.481481 0.027083 0.103704
1 0.252604 0.470833 0.017708 0.100926
1 0.228125 0.472222 0.015625 0.1
1 0.225781 0.481019 0.022396 0.09537
7 0.204167 0.462037 0.021875 0.096296
1 0.223437 0.464352 0.016667 0.076852
1 0.335938 0.538426 0.0625 0.323148
1 0.240625 0.543519 0.089583 0.275926
1 0.197917 0.577315 0.078125 0.319444
1 0.0875 0.571296 0.091667 0.333333
1 0.576823 0.525926 0.043229 0.25
1 0.495833 0.489352 0.03125 0.169444
1 0.659896 0.457407 0.01875 0.088889
1 0.506771 0.456481 0.011458 0.072222
1 0.491146 0.450926 0.013542 0.07037
1 0.332292 0.455556 0.014583 0.066667
1 0.376563 0.450926 0.013542 0.062963
7 0.350781 0.461111 0.013021 0.066667
7 0.365885 0.460185 0.009896 0.064815
7 0.378125 0.469444 0.009375 0.053704
1 0.284115 0.453704 0.013021 0.062963
1 0.274479 0.456019 0.0125 0.062037
4 0.389323 0.521759 0.027604 0.086111
9 0.479687 0.4375 0.013542 0.119444
4 0.367448 0.51713 0.021354 0.067593
4 0.329948 0.542593 0.046354 0.074074
1 0.263281 0.462037 0.013021 0.075926
1 0.28125 0.450463 0.009375 0.049074
1 0.308854 0.449537 0.010417 0.049074
1 0.3 0.450926 0.009375 0.051852
1 0.315365 0.446759 0.009896 0.049074
1 0.310417 0.44537 0.010417 0.05
1 0.291667 0.449074 0.009375 0.051852
7 0.51875 0.449074 0.011458 0.05
7 0.530208 0.447685 0.009375 0.056481
1 0.535677 0.453704 0.014063 0.068519
1 0.586719 0.462037 0.018229 0.092593
