7 0.50026 0.498611 0.050521 0.100926
1 0.938542 0.652778 0.115625 0.564815
9 0.913021 0.266667 0.175 0.535185
8 0.614323 0.449537 0.017188 0.082407
8 0.690104 0.453704 0.017708 0.109259
9 0.480208 0.447685 0.015625 0.128704
1 0.590625 0.469444 0.01875 0.144444
1 0.573958 0.472685 0.021875 0.115741
1 0.517188 0.45463 0.017708 0.085185
1 0.53151 0.464815 0.020313 0.1
1 0.496094 0.457407 0.018229 0.090741
1 0.877083 0.694907 0.129167 0.641667
7 0.448437 0.472685 0.027083 0.069444
7 0.428906 0.468519 0.028646 0.055556
1 0.211458 0.481019 0.025 0.10463
1 0.229427 0.472685 0.016146 0.097222
1 0.228385 0.473148 0.015104 0.1
1 0.227865 0.480093 0.022396 0.093519
7 0.204167 0.462037 0.021875 0.096296
1 0.229948 0.461574 0.018229 0.076852
1 0.541406 0.515741 0.045312 0.268519
1 0.613021 0.514815 0.045833 0.224074
1 0.596615 0.540741 0.057812 0.259259
1 0.490885 0.516204 0.051562 0.232407
1 0.347135 0.471296 0.019271 0.101852
1 0.635938 0.45787 0.021875 0.100926
1 0.622135 0.459259 0.019271 0.096296
1 0.353385 0.465741 0.021354 0.090741
1 0.382812 0.460648 0.01875 0.091667
7 0.354427 0.461111 0.013021 0.066667
7 0.366406 0.460648 0.009896 0.065741
7 0.375 0.469907 0.010417 0.052778
1 0.31224 0.460648 0.018229 0.075
1 0.292708 0.462037 0.013542 0.074074
9 0.480729 0.4375 0.013542 0.119444
1 0.241406 0.461111 0.011979 0.066667
1 0.272656 0.449537 0.011979 0.052778
1 0.288542 0.458333 0.011458 0.064815
1 0.309375 0.432407 0.009375 0.042593
1 0.311719 0.443981 0.009896 0.04537
1 0.297917 0.425 0.00625 0.02963
1 0.302865 0.421296 0.006771 0.02963
7 0.519271 0.449074 0.0125 0.05
7 0.531771 0.448611 0.009375 0.056481
1 0.554167 0.460185 0.016667 0.081481
