7 0.50026 0.498611 0.050521 0.100926
1 0.744531 0.637037 0.100521 0.514815
9 0.913021 0.266667 0.175 0.535185
8 0.614323 0.449537 0.017188 0.082407
8 0.690104 0.453704 0.017708 0.109259
9 0.480208 0.447685 0.015625 0.128704
1 0.588802 0.474074 0.019271 0.144444
1 0.575521 0.489815 0.019792 0.124074
2 0.191406 0.532407 0.042188 0.118519
2 0.02526 0.551389 0.050521 0.115741
2 0.213281 0.531944 0.052604 0.184259
1 0.491406 0.446296 0.014063 0.062963
1 -0.040365 0.794444 0.217188 0.881481
1 0.54974 0.459259 0.020313 0.1
1 0.523177 0.459259 0.018229 0.090741
1 0.78125 0.705556 0.142708 0.685185
1 0.664062 0.662037 0.086458 0.540741
7 0.448437 0.472685 0.027083 0.069444
7 0.428906 0.468519 0.028646 0.055556
1 0.211458 0.481481 0.026042 0.105556
1 0.230208 0.473611 0.017708 0.100926
1 0.227604 0.473148 0.015625 0.1
1 0.226823 0.480556 0.022396 0.094444
7 0.204167 0.462037 0.021875 0.096296
1 0.226823 0.4625 0.017188 0.076852
1 0.461198 0.517593 0.041146 0.277778
1 0.492188 0.514815 0.064583 0.231481
1 0.439844 0.541204 0.050521 0.269444
1 0.359896 0.525 0.051042 0.25
1 0.860156 0.57963 0.105729 0.383333
1 0.398177 0.474537 0.022396 0.125
1 0.626563 0.456019 0.017708 0.076852
1 0.561198 0.459259 0.018229 0.087037
1 0.553385 0.456019 0.018229 0.084259
1 0.333594 0.460648 0.017188 0.078704
1 0.386458 0.456944 0.014583 0.078704
7 0.352865 0.461111 0.013021 0.066667
7 0.366406 0.460648 0.009896 0.065741
7 0.375521 0.469444 0.013542 0.051852
1 0.303125 0.456481 0.016667 0.072222
1 0.284896 0.459722 0.013542 0.067593
4 0.22526 0.588426 0.080729 0.136111
9 0.480208 0.4375 0.013542 0.119444
4 0.190104 0.573148 0.078125 0.103704
4 0.038802 0.604167 0.105729 0.106481
1 0.247656 0.461111 0.014063 0.07037
1 0.283073 0.45463 0.008854 0.057407
1 0.311458 0.449537 0.009375 0.04537
1 0.308333 0.443519 0.009375 0.044444
1 0.311719 0.443981 0.009896 0.04537
7 0.51901 0.449074 0.011979 0.05
7 0.531771 0.448611 0.009375 0.056481
1 0.536198 0.452315 0.014063 0.065741
