7 0.50026 0.498611 0.050521 0.100926
1 0.530729 0.586574 0.080208 0.393519
9 0.913021 0.266667 0.175 0.535185
8 0.614323 0.449537 0.017188 0.082407
8 0.690104 0.453704 0.017708 0.109259
9 0.480208 0.447685 0.015625 0.128704
1 0.557552 0.499537 0.020313 0.097222
1 0.575781 0.5 0.020313 0.103704
2 0.37474 0.494444 0.022396 0.085185
2 0.366146 0.505093 0.025 0.099074
2 0.391146 0.496296 0.025 0.103704
1 0.591667 0.4625 0.019792 0.091667
1 0.519792 0.45463 0.016667 0.081481
1 0.581771 0.455093 0.019792 0.100926
1 0.515365 0.464815 0.018229 0.105556
1 0.503646 0.659722 0.094792 0.565741
1 0.660417 0.573611 0.060417 0.336111
1 0.44375 0.60787 0.075 0.410185
7 0.448437 0.472685 0.027083 0.069444
7 0.428906 0.468519 0.028646 0.055556
1 0.227344 0.481019 0.018229 0.102778
1 0.275521 0.469907 0.016667 0.100926
1 0.254427 0.471759 0.016146 0.09537
1 0.224479 0.481944 0.025 0.093519
7 0.204167 0.462037 0.021875 0.096296
1 0.2375 0.463889 0.015625 0.075926
1 0.349219 0.501389 0.038021 0.169444
1 0.671875 0.544907 0.054167 0.30463
1 0.666146 0.4625 0.025 0.09537
1 0.577083 0.465278 0.022917 0.106481
1 0.401042 0.451389 0.011458 0.063889
1 0.405729 0.45 0.010417 0.066667
1 0.325 0.450926 0.009375 0.055556
7 0.348698 0.461111 0.013021 0.066667
7 0.364844 0.460185 0.009896 0.064815
7 0.375521 0.468519 0.008333 0.053704
4 0.392969 0.517593 0.028646 0.077778
9 0.479167 0.4375 0.013542 0.119444
4 0.371875 0.513889 0.020833 0.064815
4 0.364323 0.526389 0.024479 0.073148
1 0.266667 0.466667 0.011458 0.075926
1 0.31276 0.45463 0.010937 0.057407
1 0.29974 0.456481 0.009896 0.057407
1 0.292448 0.451389 0.011979 0.060185
1 0.31901 0.452315 0.011979 0.052778
1 0.30625 0.45 0.011458 0.059259
1 0.278646 0.452778 0.014583 0.057407
7 0.51849 0.449537 0.010937 0.049074
7 0.527083 0.447685 0.009375 0.056481
1 0.523438 0.457407 0.016667 0.085185
1 0.311979 0.419907 0.010417 0.039815
1 0.317708 0.416667 0.009375 0.038889
