1 0.844792 0.65463 0.048958 0.214815
1 0.266146 0.013889 0.03125 0.174074
1 0.309635 0.609722 0.040104 0.223148
1 0.914323 0.518981 0.048438 0.193519
1 0.521875 0.984259 0.039583 0.225926
1 0.351042 0.816667 0.036458 0.231481
11 0.361979 0.891204 0.075 0.113889
10 0.360417 0.697222 0.021875 0.603704
11 0.815625 0.150463 0.052083 0.067593
11 0.816927 0.058796 0.013021 0.119444
10 0.811979 0.218981 0.014583 0.075
11 0.81276 0.283333 0.049479 0.074074
10 0.808073 0.40787 0.015104 0.182407
10 0.82474 0.480093 0.048438 0.137963
10 0.696354 0.111111 0.039583 0.085185
11 0.695312 0.034722 0.025 0.069444
11 0.828385 0.402778 0.027604 0.101852
11 0.980208 0.574074 0.041667 0.072222
10 0.951302 0.896759 0.009896 0.093519
10 0.973698 0.95463 0.009896 0.098148
10 0.960677 0.630556 0.008854 0.048148
11 0.975781 0.789815 0.018229 0.238889
11 0.961979 0.769444 0.021875 0.248148
11 0.347656 0.29537 0.047396 0.083333
11 0.347135 0.152315 0.052604 0.065741
11 0.346094 0.0625 0.015104 0.123148
11 0.347396 0.218519 0.013542 0.077778
11 0.348438 0.374074 0.015625 0.075926
10 0.33724 0.518056 0.030729 0.225
10 0.33125 0.0625 0.020833 0.126852
10 0.746094 0.715741 0.020313 0.092593
10 0.775781 0.847222 0.022396 0.094444
10 0.377083 0.589352 0.01875 0.086111
11 0.077865 0.101389 0.059896 0.202778
11 0.111458 0.089352 0.016667 0.117593
11 0.122656 0.068981 0.011979 0.060185
10 0.98125 0.269907 0.013542 0.063889
10 0.833854 0.742593 0.017708 0.046296
10 0.872917 0.873148 0.01875 0.051852
10 0.705208 0.283333 0.014583 0.033333
10 0.657552 0.117593 0.014063 0.02963
10 0.381771 0.753704 0.015625 0.044444
10 0.373958 0.485648 0.015625 0.039815
10 0.371875 0.415741 0.015625 0.038889
7 0.377865 0.242593 0.040104 0.103704
7 0.367969 0.325463 0.029687 0.112037
4 0.849479 0.635185 0.091667 0.107407
3 0.691667 0.414352 0.140625 0.236111
4 0.971875 0.135648 0.079167 0.097222
5 0.838021 0.581944 0.13125 0.167593
4 0.69974 0.208333 0.067187 0.096296
4 0.708854 0.186111 0.084375 0.088889
4 0.692187 0.184722 0.083333 0.091667
4 0.657031 0.0375 0.079687 0.087963
4 0.335938 0.193519 0.086458 0.088889
4 0.33125 0.118519 0.089583 0.081481
4 0.313542 0.09213 0.088542 0.082407
4 0.335156 0.063426 0.072396 0.099074
4 0.949479 0.878704 0.102083 0.124074
1 0.433594 0.213426 0.033854 0.156481
1 0.513802 -0.01713 0.025521 0.130556
10 0.718229 0.60787 0.021875 0.082407
1 0.486458 -0.020833 0.027083 0.136111
1 0.333854 0.126852 0.019792 0.131481
1 0.144271 0.31713 0.03125 0.171296
1 0.111979 0.311574 0.039583 0.184259
1 0.605469 0.96713 0.053646 0.239815
1 0.641667 0.971296 0.05 0.224074
1 0.403125 0.14537 0.021875 0.140741
1 0.415104 0.124537 0.027083 0.160185
1 0.297656 0.021296 0.022396 0.122222
7 0.327344 0.029167 0.031771 0.071296
1 0.270573 0.150926 0.023438 0.144444
7 0.651563 0.082407 0.03125 0.109259
1 0.15 1.031019 0.04375 0.137963
1 0.19375 1.003704 0.052083 0.192593
1 0.302083 0.183796 0.028125 0.163889
1 0.158333 0.075463 0.030208 0.14537
1 0.200521 0.183333 0.026042 0.159259
1 0.163021 0.193056 0.025 0.156481
1 0.199219 0.166204 0.024479 0.158333
1 0.132031 0.198611 0.026562 0.147222
1 0.11901 0.181019 0.026562 0.167593
1 0.152083 0.166204 0.029167 0.162037
1 0.157812 0.143519 0.027083 0.151852
1 0.118229 0.174074 0.020833 0.159259
1 0.467969 0.004167 0.025521 0.149074
1 0.199219 0.366667 0.032813 0.187037
1 0.266927 0.102778 0.031771 0.161111
1 0.824479 1.011111 0.044792 0.166667
1 0.779427 1.022222 0.040104 0.146296
1 0.865365 0.281019 0.041146 0.175
1 0.814323 0.264352 0.028646 0.165741
1 0.786458 0.07037 0.030208 0.131481
1 0.84349 0.015741 0.027604 0.140741
1 0.80026 0.00787 0.026562 0.14537
1 0.245312 0.155093 0.023958 0.156481
1 0.226302 0.165278 0.024479 0.139815
1 0.192969 0.025926 0.024479 0.127778
1 0.233854 0.04537 0.030208 0.144444
1 0.197135 0.038426 0.026562 0.141667
1 0.240365 0.024074 0.023438 0.133333
7 0.647396 0.05787 0.034375 0.110185
11 0.05026 0.340278 0.059896 0.108333
