1 0.826302 0.679167 0.038021 0.226852
1 0.250521 0.124074 0.035417 0.172222
1 0.439062 0.65 0.04375 0.227778
1 0.913542 0.519444 0.044792 0.192593
1 0.554948 0.973611 0.046354 0.243519
1 0.351042 0.816667 0.036458 0.231481
11 0.361979 0.891204 0.075 0.113889
10 0.360417 0.697222 0.021875 0.603704
11 0.815625 0.150463 0.052083 0.067593
11 0.816927 0.058796 0.013021 0.119444
10 0.811979 0.218981 0.014583 0.075
11 0.81276 0.283333 0.049479 0.074074
10 0.808073 0.40787 0.015104 0.182407
10 0.82474 0.472222 0.048438 0.153704
10 0.696354 0.111111 0.039583 0.085185
11 0.695312 0.034722 0.025 0.069444
11 0.828385 0.402778 0.027604 0.101852
11 0.980208 0.574074 0.041667 0.072222
10 0.951302 0.896759 0.009896 0.093519
10 0.973698 0.95463 0.009896 0.098148
10 0.960938 0.630556 0.008333 0.048148
11 0.975781 0.789815 0.018229 0.238889
11 0.961979 0.769444 0.021875 0.248148
11 0.347656 0.29537 0.047396 0.083333
11 0.347135 0.152315 0.052604 0.065741
11 0.346094 0.0625 0.015104 0.123148
11 0.347396 0.218519 0.013542 0.077778
11 0.348438 0.374074 0.015625 0.075926
10 0.336979 0.518056 0.030208 0.226852
10 0.33125 0.0625 0.020833 0.126852
10 0.746094 0.715741 0.020313 0.092593
10 0.775781 0.847222 0.022396 0.094444
10 0.377083 0.589352 0.01875 0.086111
11 0.077865 0.101389 0.059896 0.202778
11 0.111458 0.089352 0.016667 0.117593
11 0.122656 0.068981 0.011979 0.060185
10 0.98125 0.269907 0.013542 0.063889
10 0.833854 0.742593 0.017708 0.046296
10 0.872917 0.873148 0.01875 0.051852
10 0.705208 0.283333 0.014583 0.033333
10 0.657552 0.117593 0.014063 0.02963
10 0.381771 0.753704 0.015625 0.044444
10 0.373958 0.485648 0.015625 0.039815
10 0.371875 0.415741 0.015625 0.038889
7 0.377865 0.242593 0.040104 0.103704
7 0.367969 0.325463 0.029687 0.112037
4 0.849479 0.635185 0.091667 0.107407
3 0.691667 0.414352 0.140625 0.236111
4 0.971875 0.135648 0.079167 0.097222
5 0.838021 0.581944 0.13125 0.167593
4 0.69974 0.208333 0.067187 0.096296
4 0.708854 0.186111 0.084375 0.088889
4 0.692187 0.184722 0.083333 0.091667
4 0.657031 0.0375 0.079687 0.087963
4 0.335938 0.193519 0.086458 0.088889
4 0.33125 0.118519 0.089583 0.081481
4 0.313542 0.09213 0.088542 0.082407
4 0.335156 0.063426 0.072396 0.099074
4 0.949479 0.878704 0.102083 0.124074
1 0.429688 0.217593 0.023958 0.157407
1 0.778385 -0.0375 0.026562 0.117593
1 0.538281 0.077778 0.026562 0.144444
10 0.718229 0.60787 0.021875 0.082407
1 0.502083 0.064352 0.030208 0.149074
1 0.281771 0.123611 0.020833 0.150926
1 0.474479 -0.008796 0.027083 0.139815
1 0.073438 0.410185 0.028125 0.172222
1 0.059896 0.387963 0.028125 0.187037
1 0.49349 0.671759 0.059896 0.225
1 0.530208 0.676389 0.044792 0.202778
1 0.40599 0.151852 0.026562 0.131481
1 0.384375 0.160185 0.025 0.155556
1 0.395313 0.008796 0.025 0.134259
1 0.297135 0.022222 0.021354 0.122222
7 0.327344 0.029167 0.031771 0.071296
1 0.15026 0.28287 0.025521 0.162037
7 0.651563 0.082407 0.03125 0.109259
1 0.196875 0.755556 0.0375 0.22963
1 0.153646 0.732407 0.05 0.235185
1 0.286198 0.149537 0.027604 0.158333
1 0.183854 0.127778 0.029167 0.15
1 0.200521 0.182407 0.027083 0.162963
1 0.7625 0.605093 0.048958 0.189815
1 0.163021 0.194444 0.027083 0.157407
1 0.195052 0.164815 0.025521 0.161111
1 0.129427 0.200926 0.030729 0.146296
1 0.136719 0.178704 0.031771 0.161111
1 0.152083 0.160648 0.030208 0.160185
1 0.15 0.143519 0.027083 0.151852
1 0.117708 0.174074 0.020833 0.159259
1 0.465625 0.048611 0.027083 0.150926
1 0.238281 0.199074 0.029687 0.159259
1 0.25 0.274537 0.035417 0.178704
1 0.974219 0.451389 0.041146 0.193519
1 0.88099 0.423611 0.031771 0.184259
1 0.799219 0.029167 0.028646 0.136111
1 0.921354 0.226389 0.029167 0.15463
1 0.925 0.136111 0.030208 0.155556
1 0.901042 0.135185 0.035417 0.159259
1 0.913281 0.187963 0.036979 0.157407
1 0.229427 0.066667 0.021354 0.140741
1 0.202604 0.069444 0.033333 0.125926
1 0.720833 -0.035185 0.028125 0.124074
7 0.646875 0.073148 0.033333 0.087037
11 0.05026 0.340278 0.059896 0.108333
1 0.651563 0.076389 0.034375 0.084259
