1 0.823698 0.677778 0.038021 0.227778
1 0.250781 0.121296 0.035937 0.172222
1 0.442969 0.655556 0.043229 0.22963
1 0.911719 0.519444 0.048438 0.192593
1 0.55625 0.973611 0.046875 0.243519
1 0.351042 0.816667 0.036458 0.231481
11 0.361979 0.891204 0.075 0.113889
10 0.360417 0.697222 0.021875 0.603704
11 0.815625 0.150463 0.052083 0.067593
11 0.816927 0.058796 0.013021 0.119444
10 0.811979 0.218981 0.014583 0.075
11 0.81276 0.283333 0.049479 0.074074
10 0.808073 0.40787 0.015104 0.182407
10 0.82474 0.472222 0.048438 0.153704
10 0.696354 0.111111 0.039583 0.085185
11 0.695312 0.034722 0.025 0.069444
11 0.828385 0.402778 0.027604 0.101852
11 0.980208 0.574074 0.041667 0.072222
10 0.951302 0.896759 0.009896 0.093519
10 0.973698 0.95463 0.009896 0.098148
10 0.960938 0.630556 0.008333 0.048148
11 0.975781 0.789815 0.018229 0.238889
11 0.961979 0.769444 0.021875 0.248148
11 0.347656 0.29537 0.047396 0.083333
11 0.347135 0.152315 0.052604 0.065741
11 0.346094 0.0625 0.015104 0.123148
11 0.347396 0.218519 0.013542 0.077778
11 0.348438 0.374074 0.015625 0.075926
10 0.336979 0.518056 0.030208 0.226852
10 0.33125 0.0625 0.020833 0.126852
10 0.746094 0.715741 0.020313 0.092593
10 0.775781 0.847222 0.022396 0.094444
10 0.377083 0.589352 0.01875 0.086111
11 0.077865 0.101389 0.059896 0.202778
11 0.111458 0.089352 0.016667 0.117593
11 0.122656 0.068981 0.011979 0.060185
10 0.98125 0.269907 0.013542 0.063889
10 0.833854 0.742593 0.017708 0.046296
10 0.872917 0.873148 0.01875 0.051852
10 0.705208 0.283333 0.014583 0.033333
10 0.657552 0.117593 0.014063 0.02963
10 0.381771 0.753704 0.015625 0.044444
10 0.373958 0.485648 0.015625 0.039815
10 0.371875 0.415741 0.015625 0.038889
7 0.377865 0.242593 0.040104 0.103704
7 0.367969 0.325463 0.029687 0.112037
4 0.849479 0.635185 0.091667 0.107407
3 0.691667 0.414352 0.140625 0.236111
4 0.971875 0.135648 0.079167 0.097222
5 0.838021 0.581944 0.13125 0.167593
4 0.69974 0.208333 0.067187 0.096296
4 0.708854 0.186111 0.084375 0.088889
4 0.692187 0.184722 0.083333 0.091667
4 0.657031 0.0375 0.079687 0.087963
4 0.335938 0.193519 0.086458 0.088889
4 0.33125 0.118519 0.089583 0.081481
4 0.313542 0.09213 0.088542 0.082407
4 0.335156 0.063426 0.072396 0.099074
4 0.949479 0.878704 0.102083 0.124074
1 0.430729 0.217593 0.022917 0.157407
1 0.777865 -0.041667 0.026562 0.112963
1 0.538802 0.073148 0.026562 0.144444
10 0.718229 0.60787 0.021875 0.082407
1 0.502083 0.0625 0.030208 0.149074
1 0.283333 0.124537 0.020833 0.149074
1 0.472396 -0.010648 0.027083 0.139815
1 0.074219 0.411574 0.027604 0.173148
1 0.060156 0.387963 0.028646 0.187037
1 0.494271 0.678704 0.057292 0.227778
1 0.533594 0.684722 0.048438 0.20463
1 0.40599 0.152778 0.027604 0.12963
1 0.384635 0.161111 0.023438 0.155556
1 0.396354 0.003241 0.025 0.134259
1 0.297135 0.022222 0.021354 0.122222
7 0.327344 0.029167 0.031771 0.071296
1 0.154948 0.276852 0.026562 0.159259
7 0.651563 0.082407 0.03125 0.109259
1 0.194271 0.766667 0.0375 0.22963
1 0.153125 0.745833 0.052083 0.241667
1 0.286458 0.151389 0.028125 0.156481
1 0.184375 0.127778 0.029167 0.15
1 0.200521 0.182407 0.027083 0.162963
1 0.778646 0.608796 0.042708 0.191667
1 0.163021 0.194444 0.027083 0.157407
1 0.196615 0.166667 0.025521 0.161111
1 0.129948 0.200463 0.032813 0.147222
1 0.136979 0.180093 0.032292 0.160185
1 0.151042 0.160648 0.030208 0.160185
1 0.15026 0.143056 0.027604 0.150926
1 0.117708 0.174074 0.020833 0.159259
1 0.46875 0.047685 0.028125 0.150926
1 0.238281 0.20463 0.029687 0.159259
1 0.251042 0.268981 0.034375 0.176852
1 0.969792 0.448611 0.039583 0.19537
1 0.877865 0.419907 0.031771 0.184259
1 0.799219 0.03287 0.029687 0.136111
1 0.919271 0.23287 0.029167 0.15463
1 0.919792 0.134722 0.028125 0.15463
1 0.891667 0.133796 0.0375 0.162037
1 0.921094 0.194444 0.038021 0.157407
1 0.228385 0.068981 0.021354 0.143519
1 0.201563 0.069444 0.03125 0.125926
1 0.720573 -0.035648 0.027604 0.123148
7 0.646875 0.073148 0.033333 0.087037
11 0.05026 0.340278 0.059896 0.108333
1 0.651563 0.076389 0.034375 0.084259
