1 0.823958 0.664815 0.044792 0.224074
1 0.252344 0.100926 0.038021 0.168519
1 0.441927 0.680556 0.045312 0.240741
1 0.911719 0.518981 0.049479 0.191667
1 0.552344 0.984259 0.046354 0.231481
1 0.351042 0.816667 0.036458 0.231481
11 0.361979 0.891204 0.075 0.113889
10 0.360417 0.697222 0.021875 0.603704
11 0.815625 0.150463 0.052083 0.067593
11 0.816927 0.058796 0.013021 0.119444
10 0.811979 0.218981 0.014583 0.075
11 0.81276 0.283333 0.049479 0.074074
10 0.808073 0.40787 0.015104 0.182407
10 0.82474 0.474074 0.048438 0.15
10 0.696354 0.111111 0.039583 0.085185
11 0.695312 0.034722 0.025 0.069444
11 0.828385 0.402778 0.027604 0.101852
11 0.980208 0.574074 0.041667 0.072222
10 0.951302 0.896759 0.009896 0.093519
10 0.973698 0.95463 0.009896 0.098148
10 0.960938 0.630556 0.008333 0.048148
11 0.975781 0.789815 0.018229 0.238889
11 0.961979 0.769444 0.021875 0.248148
11 0.347656 0.29537 0.047396 0.083333
11 0.347135 0.152315 0.052604 0.065741
11 0.346094 0.0625 0.015104 0.123148
11 0.347396 0.218519 0.013542 0.077778
11 0.348438 0.374074 0.015625 0.075926
10 0.336979 0.518056 0.030208 0.226852
10 0.33125 0.0625 0.020833 0.126852
10 0.746094 0.715741 0.020313 0.092593
10 0.775781 0.847222 0.022396 0.094444
10 0.377083 0.589352 0.01875 0.086111
11 0.077865 0.101389 0.059896 0.202778
11 0.111458 0.089352 0.016667 0.117593
11 0.122656 0.068981 0.011979 0.060185
10 0.98125 0.269907 0.013542 0.063889
10 0.833854 0.742593 0.017708 0.046296
10 0.872917 0.873148 0.01875 0.051852
10 0.705208 0.283333 0.014583 0.033333
10 0.657552 0.117593 0.014063 0.02963
10 0.381771 0.753704 0.015625 0.044444
10 0.373958 0.485648 0.015625 0.039815
10 0.371875 0.415741 0.015625 0.038889
7 0.377865 0.242593 0.040104 0.103704
7 0.367969 0.325463 0.029687 0.112037
4 0.849479 0.635185 0.091667 0.107407
3 0.691667 0.414352 0.140625 0.236111
4 0.971875 0.135648 0.079167 0.097222
5 0.838021 0.581944 0.13125 0.167593
4 0.69974 0.208333 0.067187 0.096296
4 0.708854 0.186111 0.084375 0.088889
4 0.692187 0.184722 0.083333 0.091667
4 0.657031 0.0375 0.079687 0.087963
4 0.335938 0.193519 0.086458 0.088889
4 0.33125 0.118519 0.089583 0.081481
4 0.313542 0.09213 0.088542 0.082407
4 0.335156 0.063426 0.072396 0.099074
4 0.949479 0.878704 0.102083 0.124074
1 0.429948 0.212963 0.028646 0.161111
1 0.534375 0.056944 0.027083 0.137963
10 0.718229 0.60787 0.021875 0.082407
1 0.499219 0.049074 0.027604 0.148148
1 0.29375 0.125 0.020833 0.144444
1 0.469792 -0.035648 0.027083 0.126852
1 0.089844 0.396759 0.035937 0.176852
1 0.059896 0.381944 0.022917 0.197222
1 0.508333 0.728704 0.059375 0.22963
1 0.544792 0.738889 0.038542 0.212963
1 0.40599 0.155556 0.025521 0.122222
1 0.38724 0.1625 0.031771 0.15463
1 0.394271 -0.026852 0.025 0.133333
1 0.297135 0.022222 0.021354 0.122222
7 0.327344 0.029167 0.031771 0.071296
1 0.172656 0.249074 0.025521 0.155556
7 0.651563 0.082407 0.03125 0.109259
1 0.176042 0.824074 0.038542 0.238889
1 0.13724 0.799074 0.054688 0.248148
1 0.277865 0.164352 0.030729 0.158333
1 0.180208 0.127315 0.028125 0.152778
1 0.200521 0.18287 0.027083 0.162037
1 0.8625 0.646759 0.0375 0.19537
1 0.163542 0.194444 0.027083 0.157407
1 0.202604 0.163889 0.026042 0.162963
1 0.129167 0.2 0.032292 0.146296
1 0.134896 0.18287 0.029167 0.162037
1 0.157031 0.161574 0.029687 0.163889
1 0.150781 0.141667 0.026562 0.15
1 0.117708 0.174074 0.020833 0.159259
1 0.470052 0.043519 0.025521 0.15
1 0.228125 0.234722 0.030208 0.169444
1 0.257812 0.235185 0.03125 0.175926
1 0.934896 0.418519 0.038542 0.198148
1 0.863281 0.388426 0.031771 0.182407
1 0.79401 0.047685 0.029687 0.136111
1 0.920833 0.252315 0.035417 0.156481
1 0.895052 0.113426 0.026562 0.150926
1 0.864583 0.106481 0.029167 0.161111
1 0.963021 0.246759 0.038542 0.171296
1 0.223437 0.084259 0.022917 0.146296
1 0.195573 0.090741 0.027604 0.133333
1 0.709896 -0.0375 0.026042 0.121296
7 0.647135 0.072222 0.033854 0.087037
11 0.05026 0.340278 0.059896 0.108333
1 0.652344 0.076389 0.033854 0.084259
