1 0.832292 0.682407 0.038542 0.224074
1 0.25 0.132407 0.034375 0.174074
1 0.422656 0.643056 0.039062 0.230556
1 0.915365 0.519907 0.041146 0.193519
1 0.549479 0.974537 0.046875 0.243519
1 0.351042 0.816667 0.036458 0.231481
11 0.361979 0.891204 0.075 0.113889
10 0.360417 0.697222 0.021875 0.603704
11 0.815625 0.150463 0.052083 0.067593
11 0.816927 0.058796 0.013021 0.119444
10 0.811979 0.218981 0.014583 0.075
11 0.81276 0.283333 0.049479 0.074074
10 0.808073 0.40787 0.015104 0.182407
10 0.82474 0.471759 0.048438 0.15463
10 0.696354 0.111111 0.039583 0.085185
11 0.695312 0.034722 0.025 0.069444
11 0.828385 0.402778 0.027604 0.101852
11 0.980208 0.574074 0.041667 0.072222
10 0.951302 0.896759 0.009896 0.093519
10 0.973698 0.95463 0.009896 0.098148
10 0.960938 0.630556 0.008333 0.048148
11 0.975781 0.789815 0.018229 0.238889
11 0.961979 0.769444 0.021875 0.248148
11 0.347656 0.29537 0.047396 0.083333
11 0.347135 0.152315 0.052604 0.065741
11 0.346094 0.0625 0.015104 0.123148
11 0.347396 0.218519 0.013542 0.077778
11 0.348438 0.374074 0.015625 0.075926
10 0.336979 0.518056 0.030208 0.226852
10 0.33125 0.0625 0.020833 0.126852
10 0.746094 0.715741 0.020313 0.092593
10 0.775781 0.847222 0.022396 0.094444
10 0.377083 0.589352 0.01875 0.086111
11 0.077865 0.101389 0.059896 0.202778
11 0.111458 0.089352 0.016667 0.117593
11 0.122656 0.068981 0.011979 0.060185
10 0.98125 0.269907 0.013542 0.063889
10 0.833854 0.742593 0.017708 0.046296
10 0.872917 0.873148 0.01875 0.051852
10 0.705208 0.283333 0.014583 0.033333
10 0.657552 0.117593 0.014063 0.02963
10 0.381771 0.753704 0.015625 0.044444
10 0.373958 0.485648 0.015625 0.039815
10 0.371875 0.415741 0.015625 0.038889
7 0.377865 0.242593 0.040104 0.103704
7 0.367969 0.325463 0.029687 0.112037
4 0.849479 0.635185 0.091667 0.107407
3 0.691667 0.414352 0.140625 0.236111
4 0.971875 0.135648 0.079167 0.097222
5 0.838021 0.581944 0.13125 0.167593
4 0.69974 0.208333 0.067187 0.096296
4 0.708854 0.186111 0.084375 0.088889
4 0.692187 0.184722 0.083333 0.091667
4 0.657031 0.0375 0.079687 0.087963
4 0.335938 0.193519 0.086458 0.088889
4 0.33125 0.118519 0.089583 0.081481
4 0.313542 0.09213 0.088542 0.082407
4 0.335156 0.063426 0.072396 0.099074
4 0.949479 0.878704 0.102083 0.124074
1 0.428385 0.218056 0.025521 0.158333
1 0.776823 -0.025463 0.026562 0.121296
1 0.538281 0.084259 0.026562 0.140741
10 0.718229 0.60787 0.021875 0.082407
1 0.502604 0.070833 0.030208 0.149074
1 0.276562 0.126852 0.021875 0.155556
1 0.480208 0.004167 0.027083 0.139815
1 0.071875 0.410648 0.027083 0.173148
1 0.059635 0.388889 0.027604 0.185185
1 0.488021 0.647222 0.061458 0.22037
1 0.522135 0.658796 0.042188 0.20463
1 0.40625 0.150463 0.021875 0.137963
1 0.385937 0.161574 0.030208 0.156481
1 0.391146 0.021759 0.025 0.134259
1 0.297135 0.022222 0.021354 0.122222
7 0.327344 0.029167 0.031771 0.071296
1 0.138802 0.3 0.025521 0.166667
7 0.651563 0.082407 0.03125 0.109259
1 0.207292 0.731019 0.036458 0.226852
1 0.161198 0.713889 0.046354 0.240741
1 0.289844 0.144907 0.027604 0.158333
1 0.182552 0.127778 0.030729 0.15
1 0.200521 0.182407 0.027083 0.162963
1 0.726042 0.5875 0.0375 0.189815
1 0.163021 0.194444 0.027083 0.157407
1 0.192448 0.163889 0.025521 0.161111
1 0.128906 0.200926 0.028646 0.144444
1 0.134115 0.177778 0.026562 0.162963
1 0.155729 0.156944 0.030208 0.160185
1 0.148958 0.140741 0.026042 0.151852
1 0.117708 0.174074 0.020833 0.159259
1 0.458333 0.052778 0.025 0.151852
1 0.238802 0.187963 0.029687 0.159259
1 0.252604 0.293981 0.039583 0.184259
1 0.982292 0.461111 0.045833 0.181481
1 0.890625 0.435648 0.035417 0.186111
1 0.800521 0.020833 0.027083 0.136111
1 0.928385 0.218981 0.035937 0.158333
1 0.936458 0.139815 0.029167 0.153704
1 0.921875 0.140741 0.033333 0.159259
1 0.902604 0.173611 0.034375 0.162037
1 0.230469 0.060648 0.021354 0.136111
1 0.203646 0.0625 0.03125 0.126852
1 0.720833 -0.035648 0.029167 0.125
7 0.646875 0.073611 0.033333 0.086111
11 0.05026 0.340278 0.059896 0.108333
1 0.651563 0.076389 0.034375 0.084259
