1 0.846615 0.65463 0.052604 0.214815
1 0.357292 0.651389 0.040625 0.226852
1 0.916146 0.51713 0.039583 0.19537
1 0.496875 0.981481 0.041667 0.225926
1 0.351042 0.816667 0.036458 0.231481
11 0.361979 0.891204 0.075 0.113889
10 0.360417 0.697222 0.021875 0.603704
11 0.815625 0.150463 0.052083 0.067593
11 0.816927 0.058796 0.013021 0.119444
10 0.811979 0.218981 0.014583 0.075
11 0.81276 0.283333 0.049479 0.074074
10 0.808073 0.40787 0.015104 0.182407
10 0.82474 0.492593 0.048438 0.112963
10 0.696354 0.111111 0.039583 0.085185
11 0.695312 0.034259 0.025 0.07037
11 0.828385 0.402778 0.027604 0.101852
11 0.980208 0.574074 0.041667 0.072222
10 0.951302 0.896759 0.009896 0.093519
10 0.973698 0.95463 0.009896 0.098148
10 0.960677 0.630556 0.008854 0.048148
11 0.975781 0.789815 0.018229 0.238889
11 0.961979 0.769444 0.021875 0.248148
11 0.347656 0.29537 0.047396 0.083333
11 0.347135 0.152315 0.052604 0.065741
11 0.346094 0.0625 0.015104 0.123148
11 0.347396 0.218519 0.013542 0.077778
11 0.348438 0.374074 0.015625 0.075926
10 0.33724 0.518056 0.030729 0.225
10 0.33125 0.0625 0.020833 0.126852
10 0.746094 0.715741 0.020313 0.092593
10 0.775781 0.847222 0.022396 0.094444
10 0.377083 0.589352 0.01875 0.086111
11 0.077865 0.101389 0.059896 0.202778
11 0.111458 0.089352 0.016667 0.117593
11 0.122656 0.068981 0.011979 0.060185
10 0.98125 0.269907 0.013542 0.063889
10 0.833854 0.742593 0.017708 0.046296
10 0.872917 0.873148 0.01875 0.051852
10 0.705208 0.283333 0.014583 0.033333
10 0.657552 0.117593 0.014063 0.02963
10 0.381771 0.753704 0.015625 0.044444
10 0.373958 0.485648 0.015625 0.039815
10 0.371875 0.415741 0.015625 0.038889
7 0.377865 0.242593 0.040104 0.103704
7 0.367969 0.325463 0.029687 0.112037
4 0.849479 0.635185 0.091667 0.107407
3 0.691667 0.414352 0.140625 0.236111
4 0.971875 0.135648 0.079167 0.097222
5 0.838021 0.581944 0.13125 0.167593
4 0.69974 0.208333 0.067187 0.096296
4 0.708854 0.186111 0.084375 0.088889
4 0.692187 0.184722 0.083333 0.091667
4 0.657031 0.0375 0.079687 0.087963
4 0.335938 0.193981 0.086458 0.089815
4 0.33125 0.118519 0.089583 0.081481
4 0.313542 0.09213 0.088542 0.082407
4 0.335156 0.063426 0.072396 0.099074
4 0.949479 0.878704 0.102083 0.124074
1 0.432552 0.208333 0.039062 0.157407
10 0.718229 0.60787 0.021875 0.082407
1 0.33724 0.125463 0.020313 0.128704
1 0.195052 0.236111 0.025521 0.155556
1 0.175 0.239352 0.034375 0.176852
1 0.406771 0.14213 0.027083 0.147222
1 0.4 0.116204 0.026042 0.15463
1 0.301563 0.01713 0.028125 0.121296
7 0.327344 0.029167 0.031771 0.071296
7 0.651563 0.081481 0.03125 0.109259
1 0.30599 0.187963 0.029687 0.157407
1 0.17474 0.05 0.023438 0.138889
1 0.204167 0.177315 0.026042 0.158333
1 0.163542 0.194907 0.026042 0.15463
1 0.196615 0.163889 0.024479 0.161111
1 0.138542 0.200926 0.026042 0.153704
1 0.122917 0.181481 0.023958 0.172222
1 0.139323 0.166204 0.025521 0.160185
1 0.182812 0.150926 0.026042 0.15
1 0.11875 0.168519 0.020833 0.159259
1 0.467187 -0.025463 0.026042 0.147222
1 0.17474 0.73287 0.041146 0.232407
1 0.52526 0.515278 0.041146 0.212037
1 0.479167 0.52963 0.034375 0.209259
1 0.72474 0.969444 0.050521 0.231481
1 0.934635 0.739352 0.044271 0.219444
1 0.964323 0.701389 0.041146 0.232407
1 0.79401 0.066204 0.033854 0.137963
1 0.755729 0.074537 0.025 0.137963
1 0.901823 0.135648 0.026562 0.15463
1 0.840885 0.110185 0.025521 0.144444
1 0.786719 0.156019 0.029687 0.14537
1 0.588281 0.078704 0.027604 0.142593
1 0.432812 -0.031944 0.020833 0.125
1 0.393229 0.004167 0.023958 0.125
1 0.258333 0.064352 0.025 0.130556
1 0.234375 0.399074 0.028125 0.188889
1 0.194792 0.399074 0.040625 0.168519
1 0.227604 0.135648 0.029167 0.160185
1 0.229167 0.016204 0.033333 0.128704
1 0.210156 -0.003704 0.022396 0.116667
1 0.145833 0.047222 0.027083 0.127778
1 0.265104 0.253704 0.03125 0.174074
1 0.223177 0.246759 0.028646 0.169444
1 0.258333 0.22963 0.03125 0.159259
11 0.05026 0.340278 0.059896 0.108333
1 0.402865 -0.010648 0.023438 0.128704
