1 0.229688 0.55 0.253125 0.920833
1 0.288281 0.486458 0.157813 0.697917
1 0.647656 0.483333 0.035938 0.15
1 0.703125 0.473958 0.0375 0.177083
1 0.725781 0.453125 0.035938 0.202083
1 0.442969 0.472917 0.048438 0.166667
1 0.74375 0.478125 0.04375 0.185417
3 0.082813 0.4875 0.33125 0.229167
3 0.109375 0.476042 0.428125 0.20625
2 0.028125 0.45 0.121875 0.454167
1 0.83125 0.471875 0.028125 0.085417
3 0.976562 0.501042 0.440625 0.25625
1 0.58125 0.567708 0.296875 0.885417
4 0.039844 0.616667 0.129688 0.404167
