1 0.510156 0.542708 0.317188 0.96875
1 0.715625 0.448958 0.065625 0.23125
1 0.692188 0.4875 0.140625 0.433333
1 0.938281 0.45 0.164062 0.458333
1 0.764844 0.461458 0.154688 0.547917
1 0.132812 0.451042 0.15 0.664583
1 0.955469 0.520833 0.142187 0.4
1 0.132812 0.440625 0.11875 0.38125
1 0.751563 0.44375 0.034375 0.125
1 0.81875 0.445833 0.096875 0.366667
1 0.007812 0.434375 0.11875 0.35625
1 0.842188 0.459375 0.084375 0.335417
2 0.310156 0.452083 0.048438 0.095833
4 0.304688 0.490625 0.0625 0.072917
