1 0.194531 0.53125 0.167188 0.625
1 0.223438 0.478125 0.14375 0.54375
1 0.532031 0.472917 0.039062 0.158333
1 0.573438 0.476042 0.0375 0.164583
1 0.598438 0.457292 0.0375 0.177083
1 0.342188 0.483333 0.04375 0.179167
1 0.099219 0.475 0.045313 0.15
1 0.621875 0.477083 0.040625 0.154167
3 0.721875 0.545833 0.678125 0.354167
3 0.591406 0.469792 0.510938 0.21875
2 0.001563 0.471875 0.11875 0.397917
1 0.7 0.464583 0.021875 0.075
1 0.436719 0.532292 0.176563 0.56875
4 0.039062 0.605208 0.10625 0.314583
