1 0.613281 0.509375 0.148438 0.58125
1 0.56875 0.46875 0.05625 0.241667
1 0.072656 0.45 0.035938 0.195833
1 0.130469 0.445833 0.070312 0.241667
1 0.1 0.466667 0.071875 0.283333
1 0.255469 0.464583 0.092188 0.370833
1 0.5125 0.451042 0.0375 0.135417
1 0.78125 0.494792 0.325 0.885417
1 0.85625 0.461458 0.25 0.80625
1 0.378906 0.4625 0.089063 0.3875
1 0.135938 0.448958 0.046875 0.20625
1 0.176563 0.452083 0.05625 0.204167
1 1.001563 0.502083 0.484375 1.5
1 0.404688 0.495833 0.1875 0.575
1 0.303906 0.446875 0.032813 0.097917
