1 0.166406 0.605208 0.395313 1.297917
1 0.3 0.473958 0.278125 0.847917
1 0.888281 0.460417 0.035938 0.104167
1 0.486719 0.459375 0.042188 0.185417
1 0.435156 0.459375 0.032813 0.13125
1 0.536719 0.457292 0.042188 0.189583
1 0.803906 0.469792 0.054688 0.202083
1 0.46875 0.459375 0.0375 0.172917
2 0.007031 0.423958 0.110938 0.51875
2 0.885938 0.452083 0.115625 0.191667
4 0.864844 0.529167 0.204688 0.15
1 0.699219 0.585417 0.423438 1.233333
4 0.025781 0.594792 0.132812 0.422917
1 0.861719 0.4625 0.026563 0.0875
