1 0.19375 0.522917 0.1625 0.608333
1 0.222656 0.476042 0.142187 0.535417
1 0.525781 0.475 0.039062 0.158333
1 0.567188 0.475 0.0375 0.166667
1 0.592969 0.459375 0.035938 0.177083
1 0.336719 0.479167 0.042188 0.170833
1 0.096875 0.471875 0.04375 0.147917
1 0.615625 0.478125 0.040625 0.152083
3 0.761719 0.551042 0.657813 0.360417
3 0.621875 0.469792 0.515625 0.21875
2 0.0 0.472917 0.11875 0.395833
1 0.695312 0.464583 0.021875 0.075
1 0.433594 0.532292 0.173438 0.552083
4 0.039062 0.603125 0.103125 0.30625
