1 0.621094 0.504167 0.145313 0.570833
1 0.56875 0.46875 0.05625 0.241667
1 0.071094 0.451042 0.039062 0.197917
1 0.135938 0.448958 0.06875 0.24375
1 0.094531 0.469792 0.076563 0.285417
1 0.251563 0.463542 0.09375 0.385417
1 0.515625 0.453125 0.034375 0.135417
1 0.761719 0.498958 0.307813 0.902083
1 0.851562 0.470833 0.25625 0.825
1 0.377344 0.46875 0.089063 0.395833
1 0.132812 0.45 0.05 0.208333
1 0.188281 0.452083 0.060938 0.208333
1 1.005469 0.502083 0.485938 1.5
1 0.426563 0.505208 0.18125 0.572917
1 0.310156 0.451042 0.032813 0.097917
