1 0.628125 0.498958 0.140625 0.560417
1 0.567188 0.469792 0.05625 0.239583
1 0.069531 0.453125 0.042188 0.197917
1 0.141406 0.453125 0.067187 0.24375
1 0.086719 0.476042 0.079688 0.285417
1 0.25 0.463542 0.096875 0.397917
1 0.521094 0.454167 0.032813 0.1375
1 0.741406 0.50625 0.292187 0.916667
1 0.845313 0.478125 0.2625 0.84375
1 0.375 0.475 0.0875 0.404167
1 0.130469 0.454167 0.051563 0.208333
1 0.197656 0.451042 0.064063 0.210417
1 1.005469 0.502083 0.485938 1.5
1 0.428125 0.504167 0.175 0.566667
1 0.316406 0.455208 0.032813 0.097917
