1 0.608594 0.498958 0.154688 0.589583
1 0.574219 0.465625 0.057813 0.24375
1 0.099219 0.448958 0.039062 0.189583
1 0.108594 0.432292 0.073438 0.239583
1 0.140625 0.458333 0.08125 0.291667
1 0.272656 0.451042 0.085938 0.322917
1 0.514062 0.44375 0.03125 0.125
1 0.860938 0.504167 0.2625 0.920833
1 0.916406 0.497917 0.273438 0.875
1 0.154688 0.445833 0.04375 0.195833
1 0.166406 0.448958 0.048438 0.202083
1 0.988281 0.501042 0.479688 1.497917
1 0.409375 0.490625 0.171875 0.60625
1 0.294531 0.432292 0.032813 0.097917
