1 0.605469 0.5125 0.151563 0.591667
1 0.570312 0.46875 0.05625 0.241667
1 0.074219 0.447917 0.032813 0.195833
1 0.125781 0.44375 0.070312 0.241667
1 0.107813 0.461458 0.06875 0.28125
1 0.257031 0.464583 0.089063 0.358333
1 0.508594 0.45 0.039062 0.133333
1 0.803125 0.4875 0.340625 0.870833
1 0.8625 0.454167 0.24375 0.7875
1 0.38125 0.45625 0.090625 0.379167
1 0.139063 0.445833 0.04375 0.204167
1 0.167969 0.451042 0.051563 0.202083
1 0.998438 0.502083 0.48125 1.5
1 0.405469 0.49375 0.182813 0.583333
1 0.297656 0.444792 0.032813 0.097917
