1 0.867708 0.502315 0.035417 0.178704
1 0.39974 0.52963 0.096354 0.455556
1 0.321094 0.550926 0.159896 0.598148
1 0.828906 0.504167 0.050521 0.267593
1 0.726823 0.510185 0.039062 0.181481
1 0.975521 0.486111 0.040625 0.190741
1 0.721094 0.510648 0.041146 0.208333
1 0.75625 0.506944 0.05 0.219444
1 0.828125 0.510185 0.039583 0.175926
1 1.015104 0.491667 0.052083 0.281481
9 0.574479 0.407407 0.070833 0.492593
8 0.085417 0.590278 0.04375 0.20463
9 0.127344 0.569444 0.010937 0.407407
8 0.8875 0.489815 0.029167 0.107407
8 0.041927 0.581019 0.044271 0.234259
12 0.519792 0.536574 0.03125 0.112037
12 0.467187 0.54537 0.033333 0.122222
