1 0.276042 0.531944 0.071875 0.350926
1 0.200521 0.537963 0.071875 0.327778
1 0.207812 0.547222 0.098958 0.559259
1 0.152083 0.5875 0.15625 0.458333
1 0.698438 0.5 0.053125 0.218519
1 0.499479 0.62037 0.178125 0.866667
1 0.680729 0.543056 0.189583 0.971296
1 0.70599 0.558796 0.034896 0.134259
1 0.735938 0.517593 0.047917 0.212963
1 0.80625 0.485648 0.070833 0.291667
9 0.574479 0.407407 0.070833 0.492593
8 0.080729 0.586574 0.04375 0.212037
9 0.127344 0.569444 0.010937 0.407407
8 0.892708 0.490278 0.026042 0.108333
8 0.045573 0.580093 0.044271 0.234259
12 0.48125 0.532407 0.025 0.107407
12 0.063021 0.59537 0.060417 0.366667
