1 0.208854 0.535185 0.059375 0.255556
1 0.975781 0.489815 0.031771 0.168519
1 0.882552 0.52963 0.092188 0.390741
1 0.976562 0.50463 0.090625 0.444444
1 0.697135 0.554167 0.026562 0.119444
1 0.716146 0.519907 0.039583 0.193519
1 0.165365 0.529167 0.204687 0.59537
9 0.574479 0.407407 0.070833 0.492593
8 0.08125 0.587963 0.04375 0.212963
9 0.127344 0.569444 0.010937 0.407407
8 0.892708 0.491204 0.03125 0.112037
8 0.04401 0.581481 0.044271 0.235185
12 0.474219 0.531481 0.026562 0.1
12 0.070052 0.555093 0.126562 0.45463
