1 0.270833 0.525 0.066667 0.290741
1 0.204427 0.541667 0.048438 0.253704
1 0.732552 0.559259 0.127604 0.577778
1 0.86224 0.52963 0.121354 0.659259
1 0.698438 0.556481 0.029167 0.124074
1 0.71849 0.526389 0.044271 0.206481
1 0.649219 0.491667 0.088021 0.372222
9 0.574479 0.407407 0.070833 0.492593
8 0.079687 0.586111 0.04375 0.212963
9 0.127344 0.569444 0.010937 0.407407
8 0.892969 0.490741 0.026562 0.109259
8 0.045052 0.580556 0.044271 0.235185
12 0.481771 0.531944 0.023958 0.10463
12 0.436458 0.546759 0.035417 0.132407
12 0.454167 0.521296 0.065625 0.301852
