1 0.898177 0.494907 0.042188 0.223148
1 0.560937 0.536574 0.10625 0.452778
1 0.625 0.511111 0.032292 0.17963
1 0.299219 0.552778 0.131771 0.546296
1 0.956771 0.505556 0.032292 0.174074
1 0.8125 0.5 0.05625 0.251852
1 0.891146 0.508333 0.064583 0.259259
1 0.82526 0.510648 0.058854 0.247222
1 1.0125 0.50787 0.061458 0.336111
9 0.574479 0.407407 0.070833 0.492593
8 0.085417 0.590278 0.04375 0.20463
9 0.127344 0.569444 0.010937 0.407407
8 0.8875 0.489815 0.027083 0.107407
1 0.903906 0.493981 0.060937 0.260185
8 0.042188 0.577778 0.039583 0.233333
12 0.473698 0.537963 0.028646 0.114815
12 0.440625 0.529167 0.026042 0.086111
