1 0.26875 0.523148 0.058333 0.290741
1 0.204948 0.540278 0.048438 0.262037
1 0.723698 0.560648 0.131771 0.587963
1 0.853646 0.535185 0.120833 0.67037
1 0.698177 0.556481 0.029687 0.124074
1 0.717708 0.523611 0.044792 0.206481
1 0.660417 0.49213 0.0875 0.367593
9 0.574479 0.407407 0.070833 0.492593
8 0.079687 0.585648 0.04375 0.212037
9 0.127344 0.569444 0.010937 0.407407
8 0.892969 0.490741 0.026562 0.109259
8 0.045052 0.580556 0.044271 0.235185
12 0.481771 0.531944 0.023958 0.10463
12 0.43125 0.547222 0.035417 0.133333
12 0.467187 0.519907 0.064583 0.297222
