1 0.797917 0.503704 0.053125 0.251852
1 0.63125 0.521759 0.073958 0.317593
1 0.852604 0.509722 0.051042 0.252778
1 0.929167 0.49213 0.051042 0.236111
1 0.869271 0.511111 0.038542 0.207407
1 0.73724 0.50463 0.056771 0.301852
1 0.790885 0.52037 0.075521 0.333333
1 0.713542 0.521296 0.069792 0.307407
1 0.898177 0.580093 0.043229 0.193519
1 0.88151 0.515278 0.076563 0.275
9 0.574479 0.407407 0.070833 0.492593
8 0.085417 0.590278 0.04375 0.20463
9 0.127344 0.569444 0.010937 0.407407
8 0.889323 0.489815 0.027604 0.107407
1 0.795052 0.502315 0.071354 0.306481
8 0.046094 0.577778 0.043229 0.233333
12 0.497135 0.531944 0.025521 0.112037
