1 0.827604 0.505556 0.039583 0.177778
1 0.30026 0.538889 0.100521 0.496296
1 0.051302 0.572685 0.180729 0.725
1 0.771615 0.510185 0.056771 0.288889
1 0.658333 0.512963 0.045833 0.174074
1 0.958333 0.489815 0.041667 0.194444
1 0.80599 0.505556 0.053646 0.238889
1 0.84349 0.504167 0.055729 0.239815
1 0.755208 0.512963 0.0375 0.17037
9 0.574479 0.407407 0.070833 0.492593
8 0.085417 0.590278 0.04375 0.20463
9 0.127344 0.569444 0.010937 0.407407
8 0.88724 0.489815 0.028646 0.107407
8 0.040885 0.579167 0.044271 0.234259
12 0.479427 0.54537 0.031771 0.114815
12 0.429427 0.547222 0.036979 0.124074
