1 0.948177 0.493981 0.033854 0.19537
1 0.31224 0.5625 0.149479 0.700926
1 0.722396 0.508333 0.032292 0.17963
1 -0.00599 0.567593 0.121354 0.624074
1 0.58776 0.522222 0.077604 0.362963
1 0.903385 0.493981 0.050521 0.219444
1 0.969792 0.499537 0.057292 0.219444
1 0.923698 0.498611 0.047396 0.215741
1 0.641146 0.514815 0.033333 0.159259
9 0.574479 0.407407 0.070833 0.492593
8 0.085417 0.590278 0.04375 0.20463
9 0.127344 0.569444 0.010937 0.407407
8 0.885677 0.489815 0.025521 0.107407
1 0.995573 0.485185 0.054688 0.225926
8 0.040365 0.577778 0.042188 0.233333
12 0.430729 0.53287 0.03125 0.115741
12 0.495052 0.52963 0.023438 0.083333
12 0.407031 0.533333 0.086979 0.3
