1 0.928125 0.491667 0.038542 0.209259
1 0.464844 0.549537 0.125521 0.552778
1 0.671354 0.510185 0.032292 0.17963
1 0.460156 0.533333 0.081771 0.448148
1 0.980208 0.501852 0.03125 0.166667
1 0.860417 0.497222 0.054167 0.240741
1 0.927083 0.505556 0.0625 0.240741
1 0.871354 0.505093 0.053125 0.228704
9 0.574479 0.407407 0.070833 0.492593
8 0.085417 0.590278 0.04375 0.20463
9 0.127344 0.569444 0.010937 0.407407
8 0.886719 0.489815 0.026562 0.107407
1 0.954427 0.486111 0.065104 0.240741
8 0.040625 0.577778 0.039583 0.233333
12 0.453646 0.535648 0.030208 0.115741
12 0.466927 0.530093 0.024479 0.084259
