1 0.267448 0.525 0.069271 0.32037
1 0.200521 0.541204 0.0625 0.293519
1 -0.019531 0.564352 0.133854 0.639815
1 0.627344 0.580556 0.152604 0.690741
1 0.778385 0.526852 0.153646 0.783333
1 0.696875 0.558333 0.03125 0.127778
1 0.72526 0.510185 0.046354 0.209259
1 0.740104 0.488426 0.070833 0.334259
9 0.574479 0.407407 0.070833 0.492593
8 0.079167 0.585648 0.04375 0.212037
9 0.127344 0.569444 0.010937 0.407407
8 0.892969 0.490741 0.025521 0.109259
8 0.045052 0.580093 0.044271 0.234259
12 0.48125 0.532407 0.025 0.105556
