1 0.811458 0.503241 0.052083 0.247222
1 0.629167 0.522222 0.077083 0.327778
1 0.860938 0.509259 0.051042 0.246296
1 0.936719 0.490741 0.047396 0.233333
1 0.88125 0.510648 0.0375 0.20463
1 0.742969 0.504167 0.059896 0.299074
1 0.796354 0.524074 0.071875 0.322222
1 0.727865 0.519444 0.069271 0.296296
1 0.896875 0.581481 0.044792 0.190741
1 0.897135 0.514352 0.069271 0.282407
9 0.574479 0.407407 0.070833 0.492593
8 0.085417 0.590278 0.04375 0.20463
9 0.127344 0.569444 0.010937 0.407407
8 0.889062 0.489815 0.028125 0.107407
1 0.809115 0.501389 0.068229 0.297222
8 0.045833 0.577778 0.042708 0.233333
12 0.496615 0.531481 0.025521 0.112963
