1 0.944531 0.494907 0.034896 0.197222
1 0.340885 0.558796 0.146354 0.671296
1 0.714583 0.508333 0.032292 0.17963
1 0.574219 0.52037 0.071354 0.374074
1 0.896354 0.494444 0.051042 0.222222
1 0.965885 0.500463 0.057812 0.221296
1 0.915365 0.499537 0.048438 0.217593
1 0.632031 0.514815 0.032813 0.159259
9 0.574479 0.407407 0.070833 0.492593
8 0.085417 0.590278 0.04375 0.20463
9 0.127344 0.569444 0.010937 0.407407
8 0.886198 0.489815 0.025521 0.107407
1 0.98724 0.486111 0.054688 0.225926
8 0.040365 0.577778 0.042188 0.233333
12 0.433333 0.53287 0.03125 0.115741
12 0.490885 0.530556 0.023438 0.083333
