1 0.908594 0.493056 0.041146 0.219444
1 0.533854 0.537037 0.113542 0.481481
1 0.639062 0.510185 0.032292 0.17963
1 0.365625 0.540741 0.119792 0.503704
1 0.963542 0.503704 0.03125 0.17037
1 0.825 0.497222 0.047917 0.246296
1 0.899479 0.509259 0.063542 0.251852
1 0.839323 0.50787 0.057812 0.241667
9 0.574479 0.407407 0.070833 0.492593
8 0.085417 0.590278 0.04375 0.20463
9 0.127344 0.569444 0.010937 0.407407
8 0.88724 0.489815 0.026562 0.107407
1 0.91849 0.493056 0.059896 0.25463
8 0.041406 0.577778 0.039062 0.233333
12 0.46901 0.538426 0.029687 0.115741
12 0.448698 0.529167 0.025521 0.086111
