1 0.19401 0.535648 0.048438 0.24537
1 0.973437 0.489815 0.032292 0.168519
1 0.885677 0.528704 0.090104 0.385185
1 0.979948 0.502778 0.090104 0.438889
1 0.697135 0.554167 0.026562 0.119444
1 0.715104 0.519444 0.039583 0.192593
1 0.133594 0.530556 0.238021 0.605556
9 0.574479 0.407407 0.070833 0.492593
8 0.08125 0.587963 0.04375 0.212963
9 0.127344 0.569444 0.010937 0.407407
8 0.892708 0.491204 0.03125 0.112037
8 0.04401 0.581481 0.044271 0.235185
12 0.473698 0.531019 0.025521 0.099074
12 0.065625 0.555556 0.135417 0.455556
