1 0.271354 0.524537 0.067708 0.280556
1 0.195833 0.541204 0.051042 0.249074
1 0.758854 0.555556 0.116667 0.548148
1 0.888542 0.516204 0.125 0.625
1 0.698698 0.555556 0.028646 0.122222
1 0.71849 0.523148 0.043229 0.198148
1 0.616667 0.496759 0.095833 0.400926
9 0.574479 0.407407 0.070833 0.492593
8 0.079687 0.586574 0.04375 0.212037
9 0.127344 0.569444 0.010937 0.407407
8 0.892969 0.490741 0.027604 0.109259
8 0.045052 0.580556 0.044271 0.235185
12 0.482031 0.531944 0.024479 0.10463
12 0.452604 0.544907 0.034375 0.130556
12 0.413802 0.524074 0.077604 0.314815
