1 0.935156 0.493981 0.036979 0.20463
1 0.420573 0.553241 0.138021 0.597222
1 0.690104 0.509259 0.032292 0.17963
1 0.516146 0.526389 0.076042 0.412037
1 0.990365 0.502778 0.031771 0.168519
1 0.876042 0.496296 0.052083 0.233333
1 0.943229 0.503241 0.060417 0.232407
1 0.889583 0.503241 0.051042 0.225
9 0.574479 0.407407 0.070833 0.492593
8 0.085417 0.590278 0.04375 0.20463
9 0.127344 0.569444 0.010937 0.407407
8 0.886458 0.489815 0.026042 0.107407
1 0.967708 0.486111 0.059375 0.233333
8 0.040625 0.577778 0.040625 0.233333
12 0.444531 0.533796 0.030729 0.115741
12 0.477083 0.530556 0.023958 0.083333
