1 0.823177 0.502315 0.050521 0.24537
1 0.62474 0.524537 0.079687 0.341667
1 0.863542 0.508333 0.051042 0.235185
1 0.944271 0.489815 0.047917 0.22963
1 0.890625 0.510185 0.0375 0.201852
1 0.746875 0.502778 0.060417 0.294444
1 0.800781 0.515741 0.079687 0.303704
1 0.740365 0.518981 0.068229 0.287963
1 0.895573 0.582407 0.046354 0.188889
1 0.909896 0.5125 0.059375 0.289815
9 0.574479 0.407407 0.070833 0.492593
8 0.085417 0.590278 0.04375 0.20463
9 0.127344 0.569444 0.010937 0.407407
8 0.888802 0.489815 0.027604 0.107407
1 0.820833 0.500463 0.065625 0.289815
8 0.045312 0.577778 0.042708 0.233333
12 0.496615 0.531481 0.025521 0.112963
