1 0.273438 0.522685 0.067708 0.275
1 0.19401 0.541204 0.052604 0.249074
1 0.764844 0.555093 0.114062 0.541667
1 0.894271 0.519444 0.128125 0.616667
1 0.698438 0.555556 0.028125 0.122222
1 0.718229 0.522222 0.042708 0.196296
1 0.606771 0.496759 0.096875 0.408333
9 0.574479 0.407407 0.070833 0.492593
8 0.079687 0.586574 0.04375 0.212037
9 0.127344 0.569444 0.010937 0.407407
8 0.892969 0.490741 0.027604 0.109259
8 0.045052 0.580556 0.044271 0.235185
12 0.482292 0.531944 0.025 0.10463
12 0.45625 0.544444 0.034375 0.12963
12 0.404948 0.524537 0.079687 0.317593
