1 0.899479 0.494444 0.041667 0.222222
1 0.556771 0.536111 0.107292 0.457407
1 0.626563 0.510185 0.032292 0.17963
1 0.308073 0.55 0.119271 0.540741
1 0.957552 0.505093 0.031771 0.173148
1 0.814583 0.5 0.05625 0.251852
1 0.891667 0.508796 0.064583 0.258333
1 0.827083 0.510185 0.058333 0.246296
1 1.014583 0.50787 0.061458 0.336111
9 0.574479 0.407407 0.070833 0.492593
8 0.085417 0.590278 0.04375 0.20463
9 0.127344 0.569444 0.010937 0.407407
8 0.8875 0.489815 0.027083 0.107407
1 0.90599 0.493981 0.060937 0.260185
8 0.041927 0.577778 0.039062 0.233333
12 0.472917 0.537963 0.029167 0.114815
12 0.441667 0.529167 0.026042 0.086111
