1 0.390104 0.532407 0.08125 0.375926
1 0.366406 0.55 0.071354 0.387037
1 0.570833 0.518981 0.094792 0.421296
1 0.508594 0.549537 0.095312 0.349074
1 0.211458 0.547222 0.116667 0.57963
1 0.013021 0.602315 0.155208 0.723148
1 0.826302 0.501852 0.057812 0.214815
1 0.229687 0.538426 0.3625 1.352778
1 0.754427 0.569907 0.034896 0.149074
1 0.772135 0.518981 0.053646 0.243519
1 0.890104 0.48287 0.060417 0.228704
9 0.574479 0.407407 0.070833 0.492593
8 0.085417 0.590278 0.04375 0.20463
9 0.127344 0.569444 0.010937 0.407407
8 0.892448 0.489815 0.027604 0.107407
1 0.297396 0.543519 0.148958 0.633333
8 0.046094 0.579167 0.044271 0.234259
12 0.482031 0.532407 0.021354 0.107407
