1 0.681771 0.504167 0.061458 0.308333
1 0.65651 0.518056 0.064062 0.275
1 0.720573 0.51713 0.066146 0.289815
1 0.83151 0.501389 0.065104 0.284259
1 0.779427 0.519444 0.047396 0.233333
1 0.669531 0.5125 0.073438 0.371296
1 0.726042 0.536111 0.09375 0.412963
1 0.602344 0.528704 0.078646 0.387037
1 0.995833 0.481481 0.030208 0.181481
1 0.910156 0.581019 0.058854 0.191667
1 0.857031 0.556481 0.059896 0.188889
9 0.574479 0.407407 0.070833 0.492593
8 0.085417 0.590278 0.04375 0.20463
9 0.127344 0.569444 0.010937 0.407407
8 0.890885 0.489815 0.028646 0.107407
1 0.742448 0.503704 0.086979 0.37963
8 0.047135 0.578241 0.044271 0.234259
12 0.497135 0.531481 0.025521 0.111111
12 0.519792 0.540278 0.045833 0.241667
