1 0.501042 0.530093 0.070833 0.380556
1 0.642188 0.507407 0.051042 0.218519
1 0.524479 0.541204 0.084375 0.349074
1 0.707552 0.511111 0.083854 0.366667
1 0.639583 0.537037 0.058333 0.296296
1 0.441146 0.525463 0.123958 0.475
1 0.358854 0.563889 0.109375 0.561111
1 0.298958 0.558796 0.117708 0.526852
1 0.924479 0.493519 0.044792 0.205556
1 0.819531 0.573148 0.053646 0.162963
1 0.821354 0.519444 0.045833 0.257407
1 0.939063 0.481019 0.054167 0.212037
9 0.574479 0.407407 0.070833 0.492593
8 0.085417 0.590278 0.04375 0.20463
9 0.127344 0.569444 0.010937 0.407407
8 0.891927 0.489815 0.028646 0.107407
1 0.544792 0.524074 0.126042 0.514815
8 0.046615 0.579167 0.044271 0.234259
12 0.485417 0.531944 0.025 0.110185
12 0.105729 0.575926 0.058333 0.327778
12 0.071875 0.584259 0.05 0.305556
