1 0.320573 0.535648 0.086979 0.376852
1 0.26224 0.552778 0.073438 0.368519
1 0.433073 0.529167 0.099479 0.482407
1 0.360677 0.566204 0.106771 0.393519
1 0.003646 0.554167 0.142708 0.676852
1 0.766146 0.499074 0.046875 0.216667
1 0.258333 0.638426 0.260417 1.082407
1 0.520052 0.531019 0.224479 1.175
1 0.721875 0.566667 0.034375 0.138889
1 0.752604 0.519444 0.05 0.227778
1 0.855208 0.486111 0.064583 0.248148
9 0.574479 0.407407 0.070833 0.492593
8 0.085417 0.590278 0.04375 0.20463
9 0.127344 0.569444 0.010937 0.407407
8 0.892448 0.490278 0.026562 0.108333
1 0.080729 0.568981 0.205208 0.769444
8 0.045573 0.57963 0.044271 0.235185
12 0.481771 0.532407 0.022917 0.107407
