1 0.93125 0.492593 0.038542 0.207407
1 0.446875 0.54537 0.129167 0.568519
1 0.679688 0.510185 0.032292 0.17963
1 0.482292 0.529167 0.08125 0.437963
1 0.984375 0.501852 0.03125 0.166667
1 0.867448 0.497222 0.052604 0.237037
1 0.933854 0.50463 0.061458 0.235185
1 0.879427 0.504167 0.052604 0.226852
9 0.574479 0.407407 0.070833 0.492593
8 0.085417 0.590278 0.04375 0.20463
9 0.127344 0.569444 0.010937 0.407407
8 0.886458 0.489815 0.026042 0.107407
1 0.960156 0.485648 0.063021 0.237963
8 0.040885 0.577778 0.040104 0.233333
12 0.44974 0.535648 0.030729 0.115741
12 0.471615 0.530093 0.024479 0.084259
