1 0.230469 0.527778 0.054688 0.25
1 0.133594 0.54537 0.049479 0.216667
1 0.998177 0.488889 0.035937 0.168519
1 0.839844 0.534722 0.107812 0.430556
1 0.957292 0.510185 0.103125 0.501852
1 0.696875 0.553704 0.026042 0.118519
1 0.71875 0.521296 0.041667 0.194444
1 0.378646 0.513889 0.144792 0.52037
9 0.574479 0.407407 0.070833 0.492593
8 0.080729 0.5875 0.04375 0.212037
9 0.127344 0.569444 0.010937 0.407407
8 0.892969 0.490741 0.029687 0.111111
8 0.044531 0.581481 0.044271 0.235185
12 0.477604 0.531481 0.028125 0.101852
12 0.514062 0.536111 0.030208 0.114815
