1 0.961719 0.489352 0.031771 0.186111
1 0.18125 0.574074 0.185417 0.811111
1 0.753385 0.507407 0.032813 0.17963
1 0.108854 0.554167 0.130208 0.59537
1 0.655729 0.519907 0.083333 0.332407
1 0.922396 0.493519 0.046875 0.211111
1 0.994792 0.496296 0.051042 0.211111
1 0.952344 0.494444 0.044271 0.207407
1 0.945312 0.499074 0.065625 0.262963
1 0.976823 0.491204 0.059896 0.269444
1 0.675 0.512963 0.034375 0.162963
9 0.574479 0.407407 0.070833 0.492593
8 0.085417 0.590278 0.04375 0.20463
9 0.127344 0.569444 0.010937 0.407407
8 0.885417 0.489815 0.025 0.107407
8 0.040104 0.577778 0.04375 0.233333
12 0.420052 0.535185 0.031771 0.116667
12 0.511198 0.527315 0.023438 0.082407
12 0.459115 0.528241 0.054688 0.263889
