1 0.26901 0.523148 0.059896 0.294444
1 0.204167 0.541204 0.048958 0.265741
1 0.711198 0.562037 0.138021 0.6
1 0.845052 0.532407 0.127604 0.687037
1 0.698177 0.556944 0.029687 0.125
1 0.716667 0.521296 0.044792 0.207407
1 0.671875 0.493056 0.086458 0.363889
9 0.574479 0.407407 0.070833 0.492593
8 0.079167 0.585648 0.04375 0.212037
9 0.127344 0.569444 0.010937 0.407407
8 0.892969 0.490741 0.026562 0.109259
8 0.045052 0.580556 0.044271 0.235185
12 0.481771 0.531944 0.023958 0.10463
12 0.425781 0.547685 0.035937 0.134259
12 0.480208 0.519444 0.063542 0.292593
