1 0.917187 0.491667 0.039583 0.216667
1 0.511979 0.540741 0.119792 0.5
1 0.651563 0.510185 0.032292 0.17963
1 0.395052 0.544907 0.116146 0.475
1 0.969792 0.503241 0.03125 0.169444
1 0.840104 0.498148 0.055208 0.244444
1 0.91276 0.50463 0.063021 0.248148
1 0.851302 0.507407 0.055729 0.237037
9 0.574479 0.407407 0.070833 0.492593
8 0.085417 0.590278 0.04375 0.20463
9 0.127344 0.569444 0.010937 0.407407
8 0.88724 0.489815 0.026562 0.107407
1 0.93125 0.490278 0.059375 0.250926
8 0.041146 0.577778 0.038542 0.233333
12 0.464062 0.538426 0.030208 0.115741
12 0.455469 0.52963 0.025521 0.085185
