1 0.825521 0.501852 0.05 0.244444
1 0.624479 0.524074 0.080208 0.344444
1 0.866927 0.507407 0.051562 0.237037
1 0.945052 0.489815 0.046354 0.22963
1 0.892708 0.509722 0.0375 0.200926
1 0.751042 0.501852 0.064583 0.292593
1 0.802344 0.517593 0.076563 0.305556
1 0.742708 0.518519 0.067708 0.287037
1 0.895573 0.582407 0.046354 0.188889
1 0.911458 0.512037 0.058333 0.290741
9 0.574479 0.407407 0.070833 0.492593
8 0.085417 0.590278 0.04375 0.20463
9 0.127344 0.569444 0.010937 0.407407
8 0.888802 0.489815 0.027604 0.107407
1 0.822656 0.5 0.065104 0.288889
8 0.045052 0.577778 0.042188 0.233333
12 0.496094 0.531481 0.025521 0.112963
