1 0.271354 0.528704 0.076042 0.346296
1 0.19375 0.539815 0.069792 0.324074
1 0.161719 0.551852 0.172396 0.572222
1 0.102344 0.58287 0.096354 0.467593
1 0.686458 0.499537 0.055208 0.219444
1 0.530729 0.613426 0.18125 0.825
1 0.702344 0.550926 0.177604 0.933333
1 0.704427 0.557407 0.033854 0.133333
1 0.735677 0.514815 0.047396 0.212963
1 0.793229 0.489352 0.076042 0.299074
9 0.574479 0.407407 0.070833 0.492593
8 0.080208 0.586574 0.04375 0.212037
9 0.127344 0.569444 0.010937 0.407407
8 0.892969 0.490278 0.025521 0.108333
8 0.045573 0.580093 0.044271 0.234259
12 0.48125 0.532407 0.025 0.107407
12 0.035156 0.598148 0.060937 0.390741
