1 0.224219 0.531019 0.061979 0.256481
1 0.992969 0.487963 0.034896 0.166667
1 0.853385 0.534259 0.105729 0.422222
1 0.964583 0.508796 0.101042 0.489815
1 0.696875 0.553704 0.026042 0.118519
1 0.71901 0.521296 0.041146 0.194444
1 0.330469 0.509722 0.128646 0.537963
9 0.574479 0.407407 0.070833 0.492593
8 0.080729 0.5875 0.04375 0.212037
9 0.127344 0.569444 0.010937 0.407407
8 0.892708 0.490741 0.030208 0.111111
8 0.044531 0.581481 0.044271 0.235185
12 0.476823 0.531481 0.028646 0.101852
12 0.520833 0.536574 0.030208 0.113889
