1 0.672135 0.505556 0.061979 0.311111
1 0.65651 0.51713 0.063021 0.271296
1 0.710938 0.518519 0.065625 0.292593
1 0.81875 0.498148 0.055208 0.285185
1 0.771615 0.52037 0.043229 0.235185
1 0.658073 0.510185 0.068229 0.377778
1 0.713021 0.531481 0.09375 0.42037
1 0.604427 0.532407 0.089063 0.390741
1 0.999479 0.484259 0.036458 0.183333
1 0.91224 0.581019 0.058854 0.191667
1 0.85599 0.553704 0.057812 0.194444
9 0.574479 0.407407 0.070833 0.492593
8 0.085417 0.590278 0.04375 0.20463
9 0.127344 0.569444 0.010937 0.407407
8 0.891146 0.489815 0.029167 0.107407
1 0.733073 0.500463 0.091146 0.387963
8 0.047135 0.578241 0.044271 0.234259
12 0.497135 0.531481 0.025521 0.111111
12 0.511458 0.539815 0.046875 0.242593
