1 0.848437 0.500463 0.048958 0.237963
1 0.614323 0.524074 0.084896 0.37037
1 -0.013802 0.589352 0.216146 0.743519
1 0.886719 0.50787 0.052604 0.223148
1 0.961458 0.489352 0.041667 0.225
1 0.911979 0.508796 0.036458 0.197222
1 0.757552 0.499074 0.057812 0.287037
1 0.817187 0.517593 0.067708 0.294444
1 0.766667 0.516204 0.066667 0.269444
1 0.911458 0.583333 0.052083 0.196296
1 0.93125 0.512963 0.05625 0.301852
9 0.574479 0.407407 0.070833 0.492593
8 0.085417 0.590278 0.04375 0.20463
9 0.127344 0.569444 0.010937 0.407407
8 0.888542 0.489815 0.027083 0.107407
1 0.84349 0.498148 0.064062 0.281481
8 0.044271 0.577778 0.041667 0.233333
12 0.491406 0.533333 0.025521 0.112963
