1 0.539062 0.521296 0.066667 0.361111
1 0.65 0.50787 0.051042 0.223148
1 0.572917 0.534259 0.077083 0.327778
1 0.726042 0.509259 0.066667 0.351852
1 0.678125 0.533796 0.060417 0.278704
1 0.500521 0.519907 0.080208 0.450926
1 0.453385 0.560185 0.122396 0.531481
1 0.388542 0.549537 0.127083 0.489815
1 0.95651 0.490741 0.060937 0.198148
1 0.853646 0.574074 0.038542 0.166667
1 0.825 0.519444 0.044792 0.261111
1 0.95625 0.481019 0.052083 0.206481
9 0.574479 0.407407 0.070833 0.492593
8 0.085417 0.590278 0.04375 0.20463
9 0.127344 0.569444 0.010937 0.407407
8 0.891927 0.489815 0.028646 0.107407
1 0.607031 0.515741 0.115104 0.477778
8 0.046615 0.578704 0.044271 0.235185
12 0.48776 0.531944 0.025521 0.110185
