1 0.558854 0.518519 0.065625 0.355556
1 0.653125 0.508796 0.052083 0.228704
1 0.599219 0.531944 0.071354 0.319444
1 0.740365 0.508796 0.065104 0.34537
1 0.688281 0.528704 0.054688 0.274074
1 0.527604 0.519444 0.082292 0.438889
1 0.503646 0.557407 0.110417 0.511111
1 0.426823 0.547222 0.084896 0.472222
1 0.964844 0.490741 0.047396 0.201852
1 0.878125 0.575926 0.053125 0.172222
1 0.826823 0.518981 0.045312 0.263889
1 0.963021 0.481019 0.051042 0.200926
9 0.574479 0.407407 0.070833 0.492593
8 0.085417 0.590278 0.04375 0.20463
9 0.127344 0.569444 0.010937 0.407407
8 0.891667 0.489815 0.029167 0.107407
1 0.635156 0.51713 0.108854 0.465741
8 0.046615 0.578704 0.044271 0.235185
12 0.489063 0.531481 0.025 0.111111
