1 0.246875 0.528704 0.060417 0.253704
1 0.155729 0.546296 0.048958 0.225926
1 1.001823 0.488426 0.030729 0.167593
1 0.825781 0.5375 0.109896 0.449074
1 0.9375 0.511111 0.107292 0.535185
1 0.696875 0.553704 0.026042 0.118519
1 0.71849 0.521296 0.042188 0.194444
1 0.461198 0.504167 0.103646 0.489815
9 0.574479 0.407407 0.070833 0.492593
8 0.080208 0.587037 0.04375 0.212963
9 0.127344 0.569444 0.010937 0.407407
8 0.892708 0.491204 0.029167 0.110185
8 0.044531 0.581019 0.044271 0.234259
12 0.479687 0.531944 0.027083 0.102778
12 0.496615 0.538889 0.031771 0.12037
