1 0.203906 0.535185 0.055729 0.251852
1 0.975 0.489815 0.032292 0.168519
1 0.883854 0.52963 0.091667 0.388889
1 0.977604 0.503704 0.090625 0.442593
1 0.697135 0.554167 0.026562 0.119444
1 0.715625 0.519444 0.039583 0.192593
1 0.152604 0.530093 0.219792 0.599074
9 0.574479 0.407407 0.070833 0.492593
8 0.08125 0.587963 0.04375 0.212963
9 0.127344 0.569444 0.010937 0.407407
8 0.892708 0.491204 0.03125 0.112037
8 0.04401 0.581481 0.044271 0.235185
12 0.473958 0.531019 0.026042 0.099074
12 0.06849 0.555093 0.129688 0.45463
