1 0.26875 0.524074 0.070833 0.314815
1 0.20026 0.539815 0.060937 0.283333
1 0.658594 0.577778 0.144271 0.653704
1 0.81224 0.525 0.149479 0.748148
1 0.697135 0.55787 0.030729 0.126852
1 0.713542 0.5125 0.045833 0.208333
1 0.714323 0.496759 0.082812 0.347222
9 0.574479 0.407407 0.070833 0.492593
8 0.079167 0.585648 0.04375 0.212037
9 0.127344 0.569444 0.010937 0.407407
8 0.892969 0.490741 0.025521 0.109259
8 0.045052 0.580556 0.044271 0.235185
12 0.48151 0.531944 0.023438 0.10463
12 0.527344 0.514815 0.060937 0.275926
