1 0.813802 0.503241 0.051562 0.247222
1 0.627865 0.524074 0.077604 0.331481
1 0.865104 0.508333 0.051042 0.25
1 0.936458 0.490741 0.04375 0.233333
1 0.883333 0.511111 0.0375 0.203704
1 0.741406 0.50463 0.057812 0.298148
1 0.797135 0.522222 0.073438 0.318519
1 0.730469 0.519444 0.069271 0.294444
1 0.896615 0.581481 0.045312 0.190741
1 0.899479 0.513426 0.067708 0.284259
9 0.574479 0.407407 0.070833 0.492593
8 0.085417 0.590278 0.04375 0.20463
9 0.127344 0.569444 0.010937 0.407407
8 0.889062 0.489815 0.028125 0.107407
1 0.811458 0.500926 0.067708 0.296296
8 0.045833 0.577778 0.042708 0.233333
12 0.496615 0.531481 0.025521 0.112963
