1 0.252083 0.526852 0.057292 0.261111
1 0.16901 0.546296 0.055729 0.225926
1 0.810417 0.535185 0.123958 0.464815
1 0.928906 0.512037 0.107812 0.553704
1 0.697135 0.553704 0.025521 0.118519
1 0.71849 0.521296 0.042188 0.194444
1 0.503906 0.50787 0.132812 0.463889
9 0.574479 0.407407 0.070833 0.492593
8 0.080208 0.587037 0.04375 0.212963
9 0.127344 0.569444 0.010937 0.407407
8 0.892969 0.491204 0.028646 0.110185
8 0.044531 0.581019 0.044271 0.234259
12 0.480729 0.532407 0.026042 0.103704
12 0.4875 0.540278 0.032292 0.123148
