1 0.265104 0.522222 0.059375 0.314815
1 0.195312 0.538426 0.061458 0.280556
1 0.652344 0.581944 0.141146 0.663889
1 0.802344 0.525463 0.150521 0.758333
1 0.697135 0.55787 0.030729 0.126852
1 0.716667 0.511574 0.045833 0.208333
1 0.721354 0.493981 0.079167 0.343519
9 0.574479 0.407407 0.070833 0.492593
8 0.079167 0.585648 0.04375 0.212037
9 0.127344 0.569444 0.010937 0.407407
8 0.892969 0.490741 0.025521 0.109259
8 0.045052 0.580093 0.044271 0.234259
12 0.48151 0.531944 0.023438 0.10463
12 0.535937 0.514352 0.060417 0.273148
