1 0.888021 0.496296 0.04375 0.225926
1 0.577865 0.531944 0.095312 0.437963
1 0.614583 0.5125 0.033333 0.180556
1 0.243229 0.555093 0.117708 0.593519
1 0.919271 0.503241 0.041667 0.208333
1 0.947396 0.505093 0.034375 0.180556
1 0.798958 0.5 0.058333 0.259259
1 0.874479 0.511111 0.065625 0.264815
1 0.811198 0.511111 0.060937 0.251852
1 0.992708 0.507407 0.061458 0.327778
9 0.574479 0.407407 0.070833 0.492593
8 0.085417 0.590278 0.04375 0.20463
9 0.127344 0.569444 0.010937 0.407407
8 0.88776 0.489815 0.026562 0.107407
1 0.889323 0.494907 0.061979 0.265741
8 0.042448 0.577778 0.040104 0.233333
12 0.478385 0.536574 0.027604 0.113889
12 0.432552 0.528704 0.026562 0.087037
