1 0.950781 0.493056 0.032813 0.193519
1 0.290365 0.562037 0.152604 0.72037
1 0.728646 0.508333 0.032292 0.17963
1 0.032552 0.564352 0.156771 0.623148
1 0.598698 0.522685 0.078646 0.356481
1 0.908333 0.494444 0.048958 0.216667
1 0.970313 0.502778 0.059375 0.22037
1 0.929688 0.497685 0.046875 0.213889
1 0.989062 0.493056 0.047917 0.267593
1 0.647917 0.514352 0.033333 0.160185
9 0.574479 0.407407 0.070833 0.492593
8 0.085417 0.590278 0.04375 0.20463
9 0.127344 0.569444 0.010937 0.407407
8 0.885677 0.489815 0.025521 0.107407
1 1.001823 0.485185 0.054688 0.225926
8 0.040104 0.577778 0.042708 0.233333
12 0.428646 0.533333 0.03125 0.116667
12 0.498177 0.529167 0.023438 0.082407
12 0.417448 0.531481 0.077604 0.292593
