1 0.853385 0.50463 0.039062 0.177778
1 0.349479 0.535185 0.092708 0.464815
1 0.191927 0.560648 0.201563 0.660185
1 0.803385 0.509722 0.053646 0.278704
1 0.692187 0.50787 0.045833 0.176852
1 0.966667 0.487963 0.041667 0.194444
1 0.759635 0.508796 0.048438 0.223148
1 0.803125 0.506944 0.052083 0.230556
1 0.791146 0.511111 0.038542 0.174074
9 0.574479 0.407407 0.070833 0.492593
8 0.085417 0.590278 0.04375 0.20463
9 0.127344 0.569444 0.010937 0.407407
8 0.8875 0.489815 0.029167 0.107407
8 0.041406 0.580093 0.044271 0.234259
12 0.49974 0.540741 0.031771 0.112963
12 0.448958 0.547222 0.035417 0.124074
