1 0.504427 0.528241 0.070312 0.376852
1 0.642708 0.506944 0.051042 0.219444
1 0.528906 0.540278 0.083854 0.347222
1 0.710156 0.510185 0.083854 0.364815
1 0.643229 0.538426 0.058333 0.29537
1 0.447656 0.525 0.115104 0.474074
1 0.370833 0.562037 0.096875 0.551852
1 0.30625 0.55787 0.109375 0.523148
1 0.927604 0.493519 0.044792 0.205556
1 0.822917 0.573148 0.052083 0.162963
1 0.822656 0.519907 0.044271 0.258333
1 0.940625 0.480556 0.054167 0.211111
9 0.574479 0.407407 0.070833 0.492593
8 0.085417 0.590278 0.04375 0.20463
9 0.127344 0.569444 0.010937 0.407407
8 0.891927 0.489815 0.028646 0.107407
1 0.548177 0.526389 0.122396 0.512037
8 0.046615 0.579167 0.044271 0.234259
12 0.485417 0.531944 0.025 0.110185
12 0.111198 0.575 0.058854 0.325926
12 0.076563 0.585185 0.05 0.303704
