1 0.707812 0.502315 0.061458 0.297222
1 0.653385 0.518519 0.066146 0.283333
1 0.746615 0.513889 0.065104 0.283333
1 0.85026 0.493519 0.057812 0.268519
1 0.795833 0.51713 0.046875 0.228704
1 0.686198 0.50787 0.071354 0.362037
1 0.755729 0.52963 0.090625 0.396296
1 0.630469 0.526852 0.074479 0.372222
1 0.995052 0.486574 0.031771 0.184259
1 0.910417 0.581019 0.051042 0.191667
1 0.859375 0.561111 0.065625 0.17963
9 0.574479 0.407407 0.070833 0.492593
8 0.085417 0.590278 0.04375 0.20463
9 0.127344 0.569444 0.010937 0.407407
8 0.890625 0.489815 0.029167 0.107407
1 0.766146 0.506944 0.078125 0.365741
8 0.047135 0.578241 0.044271 0.234259
12 0.498177 0.53287 0.025521 0.112037
12 0.541667 0.542593 0.04375 0.237037
12 0.435417 0.532407 0.066667 0.264815
