1 0.954427 0.491204 0.032813 0.189815
1 0.254948 0.563889 0.170313 0.75
1 0.736979 0.508333 0.032292 0.17963
1 0.068229 0.568056 0.155208 0.617593
1 0.61901 0.51713 0.065104 0.352778
1 0.913542 0.494444 0.047917 0.214815
1 0.989583 0.493981 0.04375 0.213889
1 0.938542 0.496759 0.045833 0.212037
1 0.976562 0.497222 0.046875 0.266667
1 0.65651 0.513889 0.033854 0.161111
9 0.574479 0.407407 0.070833 0.492593
8 0.085417 0.590278 0.04375 0.20463
9 0.127344 0.569444 0.010937 0.407407
8 0.885677 0.489815 0.025521 0.107407
8 0.040365 0.577778 0.043229 0.233333
12 0.425781 0.533333 0.031771 0.116667
12 0.502865 0.529167 0.023438 0.082407
12 0.431771 0.52963 0.064583 0.281481
