1 0.714583 0.501852 0.060417 0.292593
1 0.651563 0.518056 0.066667 0.286111
1 0.75625 0.512963 0.064583 0.281481
1 0.853646 0.491667 0.051042 0.268519
1 0.801042 0.515741 0.04375 0.227778
1 0.689063 0.510185 0.067708 0.357407
1 0.761719 0.528704 0.089063 0.392593
1 0.639323 0.525463 0.074479 0.367593
1 0.995833 0.486111 0.032292 0.181481
1 0.910677 0.581019 0.048438 0.191667
1 0.858333 0.557407 0.063542 0.188889
9 0.574479 0.407407 0.070833 0.492593
8 0.085417 0.590278 0.04375 0.20463
9 0.127344 0.569444 0.010937 0.407407
8 0.890365 0.489815 0.028646 0.107407
1 0.76849 0.505556 0.077604 0.361111
8 0.047135 0.578241 0.044271 0.234259
12 0.498698 0.533333 0.025521 0.111111
12 0.55 0.543519 0.042708 0.235185
12 0.44375 0.530556 0.063542 0.262963
