1 0.839062 0.500463 0.048958 0.241667
1 0.616927 0.522685 0.083854 0.362037
1 0.880729 0.510648 0.053125 0.223148
1 0.951562 0.487963 0.039583 0.227778
1 0.904687 0.508333 0.036458 0.198148
1 0.752604 0.50463 0.063542 0.283333
1 0.810417 0.519444 0.06875 0.301852
1 0.757031 0.51713 0.067187 0.275
1 0.898438 0.584259 0.046875 0.190741
1 0.922396 0.5125 0.055208 0.297222
9 0.574479 0.407407 0.070833 0.492593
8 0.085417 0.590278 0.04375 0.20463
9 0.127344 0.569444 0.010937 0.407407
8 0.888802 0.489815 0.027604 0.107407
1 0.835156 0.499074 0.065104 0.285185
8 0.044792 0.577778 0.041667 0.233333
12 0.492969 0.532407 0.025521 0.112963
