1 0.888021 0.500926 0.032292 0.17963
1 0.435937 0.525 0.071875 0.431481
1 0.43099 0.54537 0.144271 0.533333
1 0.857812 0.5 0.046875 0.255556
1 0.772656 0.513426 0.048438 0.184259
1 0.98125 0.487963 0.0375 0.172222
1 0.683333 0.5125 0.034375 0.200926
1 0.720313 0.511111 0.055208 0.209259
1 0.868229 0.510185 0.040625 0.17963
1 0.980469 0.493519 0.065104 0.290741
9 0.574479 0.407407 0.070833 0.492593
8 0.085417 0.590278 0.04375 0.20463
9 0.127344 0.569444 0.010937 0.407407
8 0.8875 0.489815 0.029167 0.107407
8 0.042448 0.581944 0.044271 0.234259
12 0.486458 0.543519 0.03125 0.12037
