1 0.731771 0.503241 0.058333 0.282407
1 0.647917 0.518519 0.06875 0.292593
1 0.777344 0.510648 0.063021 0.276852
1 0.868229 0.493519 0.051042 0.261111
1 0.814323 0.514352 0.041146 0.221296
1 0.705208 0.510185 0.058333 0.344444
1 0.777604 0.524537 0.086458 0.380556
1 0.647135 0.524537 0.073438 0.356481
1 0.998958 0.486574 0.033333 0.176852
1 0.907031 0.581944 0.049479 0.191667
1 0.855469 0.547685 0.059896 0.212037
9 0.574479 0.407407 0.070833 0.492593
8 0.085417 0.590278 0.04375 0.20463
9 0.127344 0.569444 0.010937 0.407407
8 0.890365 0.489815 0.028646 0.107407
1 0.77526 0.50463 0.076563 0.35
8 0.047135 0.578241 0.044271 0.234259
12 0.499219 0.533796 0.025521 0.112037
12 0.461198 0.531944 0.066146 0.260185
