1 0.595313 0.513889 0.064583 0.340741
1 0.654687 0.512037 0.055208 0.242593
1 0.636458 0.527315 0.06875 0.310185
1 0.771354 0.50787 0.06875 0.325
1 0.71901 0.525 0.050521 0.261111
1 0.58125 0.517593 0.077083 0.424074
1 0.583073 0.543519 0.106771 0.472222
1 0.498177 0.543519 0.090104 0.438889
1 0.980208 0.489815 0.04375 0.196296
1 0.907031 0.576389 0.046354 0.180556
1 0.829688 0.518519 0.045833 0.266667
1 0.975521 0.481481 0.048958 0.190741
9 0.574479 0.407407 0.070833 0.492593
8 0.085417 0.590278 0.04375 0.20463
9 0.127344 0.569444 0.010937 0.407407
8 0.891667 0.489815 0.029167 0.107407
1 0.670052 0.513426 0.092188 0.441667
8 0.046615 0.578241 0.044271 0.234259
12 0.491667 0.531481 0.025 0.111111
12 0.453385 0.54537 0.064062 0.253704
