1 0.615625 0.5125 0.064583 0.332407
1 0.654948 0.512963 0.057812 0.25
1 0.65599 0.524537 0.068229 0.30463
1 0.778646 0.506481 0.055208 0.311111
1 0.735417 0.523148 0.053125 0.251852
1 0.60651 0.515741 0.076563 0.414815
1 0.617708 0.541667 0.1 0.457407
1 0.535937 0.539815 0.0875 0.424074
1 0.985938 0.488426 0.04375 0.189815
1 0.921615 0.578704 0.051562 0.183333
1 0.835156 0.521759 0.050521 0.260185
1 0.981771 0.479167 0.047917 0.184259
9 0.574479 0.407407 0.070833 0.492593
8 0.085417 0.590278 0.04375 0.20463
9 0.127344 0.569444 0.010937 0.407407
8 0.891406 0.489815 0.029687 0.107407
1 0.692708 0.50787 0.091667 0.425
8 0.046615 0.578241 0.044271 0.234259
12 0.492969 0.531481 0.025521 0.111111
12 0.470312 0.537037 0.060417 0.25
