1 0.228385 0.528241 0.056771 0.250926
1 0.130729 0.544444 0.05 0.216667
1 0.997656 0.489352 0.035937 0.169444
1 0.840625 0.534259 0.109375 0.42963
1 0.959115 0.510648 0.102604 0.499074
1 0.696875 0.553704 0.026042 0.118519
1 0.71901 0.521296 0.041146 0.194444
1 0.36875 0.512963 0.141667 0.524074
9 0.574479 0.407407 0.070833 0.492593
8 0.080729 0.5875 0.04375 0.212037
9 0.127344 0.569444 0.010937 0.407407
8 0.892708 0.490741 0.030208 0.111111
8 0.044531 0.581481 0.044271 0.235185
12 0.477604 0.531481 0.028125 0.101852
12 0.515625 0.536111 0.030208 0.114815
