1 0.860156 0.506019 0.038021 0.178704
1 0.35599 0.531944 0.091146 0.458333
1 0.21849 0.551852 0.159896 0.65
1 0.807812 0.508796 0.053125 0.276852
1 0.696615 0.510185 0.047396 0.177778
1 0.96849 0.4875 0.039062 0.191667
1 0.753906 0.510648 0.049479 0.221296
1 0.796615 0.506944 0.051562 0.228704
1 0.797396 0.511111 0.038542 0.174074
9 0.574479 0.407407 0.070833 0.492593
8 0.085417 0.590278 0.04375 0.20463
9 0.127344 0.569444 0.010937 0.407407
8 0.8875 0.489815 0.029167 0.107407
8 0.041406 0.580093 0.044271 0.234259
12 0.503125 0.540278 0.03125 0.113889
12 0.452344 0.547222 0.034896 0.124074
