1 0.841667 0.500926 0.048958 0.240741
1 0.615365 0.520833 0.083854 0.363889
1 0.882031 0.509722 0.052604 0.223148
1 0.953125 0.487963 0.039583 0.227778
1 0.906771 0.508333 0.036458 0.198148
1 0.754427 0.502778 0.063021 0.285185
1 0.811979 0.518519 0.06875 0.3
1 0.759635 0.51713 0.067187 0.273148
1 0.9 0.584722 0.046875 0.191667
1 0.924219 0.512963 0.054688 0.298148
9 0.574479 0.407407 0.070833 0.492593
8 0.085417 0.590278 0.04375 0.20463
9 0.127344 0.569444 0.010937 0.407407
8 0.888802 0.489815 0.027604 0.107407
1 0.83724 0.498611 0.065104 0.284259
8 0.044792 0.577778 0.041667 0.233333
12 0.492448 0.53287 0.025521 0.112037
