1 0.61901 0.512037 0.064062 0.331481
1 0.654948 0.5125 0.057812 0.250926
1 0.659375 0.524074 0.06875 0.303704
1 0.78125 0.506481 0.053125 0.305556
1 0.738281 0.523611 0.053646 0.250926
1 0.610677 0.514815 0.076563 0.412963
1 0.624219 0.540278 0.097396 0.45463
1 0.542448 0.541204 0.091146 0.421296
1 0.986979 0.488889 0.04375 0.188889
1 0.922396 0.57963 0.051042 0.185185
1 0.836979 0.523148 0.052083 0.257407
1 0.982812 0.479167 0.047917 0.182407
9 0.574479 0.407407 0.070833 0.492593
8 0.085417 0.590278 0.04375 0.20463
9 0.127344 0.569444 0.010937 0.407407
8 0.891406 0.489815 0.029687 0.107407
1 0.697656 0.506481 0.093229 0.422222
8 0.046615 0.578241 0.044271 0.234259
12 0.493229 0.531481 0.025 0.111111
12 0.473177 0.535648 0.059896 0.249074
