1 0.947135 0.493981 0.033854 0.19537
1 0.319531 0.562037 0.148438 0.694444
1 0.720313 0.508333 0.032292 0.17963
1 -0.01875 0.569444 0.109375 0.624074
1 0.584896 0.521759 0.075 0.365741
1 0.901823 0.494444 0.050521 0.22037
1 0.969792 0.498611 0.05625 0.219444
1 0.921615 0.498611 0.047396 0.215741
1 0.639062 0.514815 0.033333 0.159259
9 0.574479 0.407407 0.070833 0.492593
8 0.085417 0.590278 0.04375 0.20463
9 0.127344 0.569444 0.010937 0.407407
8 0.885937 0.489815 0.026042 0.107407
1 0.99349 0.485185 0.054688 0.225926
8 0.040365 0.577778 0.042188 0.233333
12 0.43125 0.53287 0.03125 0.115741
12 0.49401 0.530093 0.023438 0.082407
