1 0.934115 0.493519 0.036979 0.205556
1 0.426302 0.550463 0.135937 0.589815
1 0.688021 0.509259 0.032292 0.17963
1 0.511979 0.525463 0.071875 0.415741
1 0.988802 0.502315 0.031771 0.167593
1 0.874479 0.496759 0.052083 0.234259
1 0.941667 0.503704 0.060417 0.233333
1 0.88724 0.503241 0.051562 0.225
9 0.574479 0.407407 0.070833 0.492593
8 0.085417 0.590278 0.04375 0.20463
9 0.127344 0.569444 0.010937 0.407407
8 0.886458 0.489815 0.026042 0.107407
1 0.966146 0.485648 0.061458 0.234259
8 0.040625 0.577778 0.040625 0.233333
12 0.445573 0.534722 0.030729 0.115741
12 0.476042 0.530556 0.023958 0.083333
