1 0.542188 0.520833 0.066667 0.360185
1 0.650521 0.508333 0.051042 0.224074
1 0.577083 0.533796 0.076042 0.326852
1 0.728385 0.508796 0.066146 0.350926
1 0.683073 0.535185 0.063021 0.275926
1 0.504427 0.520833 0.081771 0.449074
1 0.463021 0.559722 0.111458 0.528704
1 0.39375 0.549537 0.125 0.486111
1 0.957552 0.490278 0.058854 0.199074
1 0.856771 0.574537 0.0375 0.167593
1 0.825521 0.518981 0.044792 0.262037
1 0.957292 0.480556 0.052083 0.205556
9 0.574479 0.407407 0.070833 0.492593
8 0.085417 0.590278 0.04375 0.20463
9 0.127344 0.569444 0.010937 0.407407
8 0.891927 0.489815 0.028646 0.107407
1 0.61224 0.515741 0.114062 0.475926
8 0.046615 0.578704 0.044271 0.235185
12 0.488021 0.531944 0.025 0.110185
