1 0.246615 0.527315 0.059896 0.262037
1 0.157552 0.54537 0.049479 0.22963
1 1.005729 0.488889 0.030208 0.159259
1 0.818229 0.535648 0.117708 0.456481
1 0.933333 0.511111 0.107292 0.544444
1 0.696875 0.553704 0.026042 0.118519
1 0.71849 0.521296 0.042188 0.194444
1 0.482812 0.507407 0.127083 0.475926
9 0.574479 0.407407 0.070833 0.492593
8 0.080208 0.587037 0.04375 0.212963
9 0.127344 0.569444 0.010937 0.407407
8 0.892969 0.491204 0.028646 0.110185
8 0.044531 0.581019 0.044271 0.234259
12 0.480208 0.532407 0.027083 0.103704
12 0.491927 0.539815 0.031771 0.122222
