1 0.739062 0.503704 0.058333 0.27963
1 0.646615 0.518056 0.069271 0.29537
1 0.785937 0.511111 0.061458 0.274074
1 0.874479 0.498148 0.051042 0.266667
1 0.820312 0.513889 0.040625 0.22037
1 0.709375 0.510648 0.060417 0.339815
1 0.779427 0.524074 0.084896 0.375926
1 0.653125 0.525463 0.076042 0.350926
1 0.99974 0.486574 0.033854 0.175
1 0.905729 0.581944 0.05 0.191667
1 0.854167 0.543519 0.058333 0.222222
9 0.574479 0.407407 0.070833 0.492593
8 0.085417 0.590278 0.04375 0.20463
9 0.127344 0.569444 0.010937 0.407407
8 0.890365 0.489815 0.028646 0.107407
1 0.778125 0.504167 0.076042 0.34537
8 0.047135 0.578241 0.044271 0.234259
12 0.499219 0.533796 0.025521 0.112037
12 0.46849 0.532407 0.068229 0.259259
