1 0.608854 0.512963 0.064583 0.335185
1 0.654687 0.512963 0.057292 0.248148
1 0.649479 0.525463 0.067708 0.306481
1 0.774479 0.506481 0.059375 0.322222
1 0.729688 0.523611 0.052083 0.25463
1 0.597917 0.516667 0.077083 0.418519
1 0.607812 0.541204 0.111458 0.460185
1 0.522917 0.537963 0.080208 0.427778
1 0.984115 0.488889 0.043229 0.192593
1 0.917708 0.577778 0.051042 0.181481
1 0.832031 0.519444 0.047396 0.264815
1 0.979948 0.480093 0.048438 0.186111
9 0.574479 0.407407 0.070833 0.492593
8 0.085417 0.590278 0.04375 0.20463
9 0.127344 0.569444 0.010937 0.407407
8 0.891406 0.489815 0.029687 0.107407
1 0.682813 0.511111 0.088542 0.431481
8 0.046615 0.578241 0.044271 0.234259
12 0.492448 0.531481 0.025521 0.111111
12 0.464583 0.539815 0.061458 0.251852
