1 0.836458 0.506944 0.039583 0.178704
1 0.31849 0.538426 0.093229 0.486111
1 0.1 0.561111 0.177083 0.701852
1 0.784375 0.511111 0.05625 0.287037
1 0.66875 0.513889 0.045833 0.175926
1 0.961458 0.489815 0.041667 0.194444
1 0.792448 0.50787 0.055729 0.234259
1 0.830208 0.505093 0.054167 0.237963
1 0.766667 0.512037 0.0375 0.172222
9 0.574479 0.407407 0.070833 0.492593
8 0.085417 0.590278 0.04375 0.20463
9 0.127344 0.569444 0.010937 0.407407
8 0.8875 0.489815 0.029167 0.107407
8 0.041406 0.580093 0.044271 0.234259
12 0.486198 0.543519 0.031771 0.114815
12 0.435937 0.547222 0.036458 0.124074
