1 0.39375 0.532407 0.08125 0.375926
1 0.372656 0.549537 0.080729 0.386111
1 0.58151 0.518056 0.093229 0.419444
1 0.51224 0.548148 0.088021 0.348148
1 0.21901 0.545833 0.124479 0.576852
1 0.029167 0.601389 0.166667 0.721296
1 0.829688 0.502778 0.061458 0.214815
1 0.208854 0.537037 0.352083 1.361111
1 0.75599 0.57037 0.034896 0.15
1 0.773438 0.518519 0.053125 0.244444
1 0.891927 0.482407 0.059896 0.227778
9 0.574479 0.407407 0.070833 0.492593
8 0.085417 0.590278 0.04375 0.20463
9 0.127344 0.569444 0.010937 0.407407
8 0.892448 0.489815 0.027604 0.107407
1 0.306771 0.54213 0.144792 0.626852
8 0.046094 0.579167 0.044271 0.234259
12 0.482031 0.532407 0.021354 0.107407
