1 0.982292 0.484259 0.027083 0.172222
1 0.808854 0.507407 0.051042 0.175926
1 0.265625 0.546759 0.144792 0.526852
1 0.745052 0.50787 0.069271 0.302778
1 0.628906 0.513426 0.045312 0.171296
1 0.950781 0.490278 0.041146 0.197222
1 0.970313 0.49537 0.038542 0.198148
1 0.846094 0.504167 0.073438 0.241667
1 0.884375 0.500926 0.052083 0.25
1 0.728646 0.512037 0.036458 0.168519
9 0.574479 0.407407 0.070833 0.492593
8 0.085417 0.590278 0.04375 0.20463
9 0.127344 0.569444 0.010937 0.407407
8 0.886458 0.489815 0.027083 0.107407
8 0.040885 0.579167 0.044271 0.234259
12 0.541146 0.533333 0.065625 0.251852
12 0.458854 0.54213 0.027083 0.119444
