1 0.985417 0.483796 0.027083 0.169444
1 0.810417 0.505556 0.041667 0.177778
1 0.271615 0.546759 0.132812 0.519444
1 0.751563 0.508796 0.066667 0.297222
1 0.6375 0.512037 0.045833 0.172222
1 0.952604 0.490741 0.041667 0.196296
1 0.972917 0.495833 0.0375 0.197222
1 0.834896 0.503241 0.0625 0.241667
1 0.871615 0.5 0.065104 0.248148
1 0.735938 0.512037 0.036458 0.168519
9 0.574479 0.407407 0.070833 0.492593
8 0.085417 0.590278 0.04375 0.20463
9 0.127344 0.569444 0.010937 0.407407
8 0.886719 0.489815 0.027604 0.107407
8 0.040885 0.579167 0.044271 0.234259
12 0.464844 0.543981 0.028646 0.117593
