1 0.857292 0.499537 0.047917 0.236111
1 0.613021 0.526389 0.084375 0.380556
1 0.027083 0.575463 0.139583 0.712037
1 0.892969 0.505556 0.052604 0.224074
1 0.96875 0.488426 0.044792 0.221296
1 0.920312 0.508333 0.036458 0.194444
1 0.760417 0.499074 0.054167 0.287037
1 0.829688 0.516667 0.067708 0.288889
1 0.77526 0.516204 0.065104 0.265741
1 0.927344 0.582407 0.058854 0.201852
1 0.946094 0.513426 0.067187 0.30463
9 0.574479 0.407407 0.070833 0.492593
8 0.085417 0.590278 0.04375 0.20463
9 0.127344 0.569444 0.010937 0.407407
8 0.888542 0.489815 0.027083 0.107407
1 0.851823 0.497685 0.064062 0.278704
8 0.04401 0.577778 0.041146 0.233333
12 0.489323 0.534259 0.025521 0.112963
