1 0.927604 0.491667 0.038542 0.209259
1 0.470052 0.548148 0.123437 0.548148
1 0.669271 0.510185 0.032292 0.17963
1 0.455208 0.534259 0.08125 0.45
1 0.979167 0.502315 0.03125 0.167593
1 0.858594 0.496759 0.054688 0.241667
1 0.926042 0.504167 0.0625 0.241667
1 0.869271 0.505556 0.053125 0.22963
9 0.574479 0.407407 0.070833 0.492593
8 0.085417 0.590278 0.04375 0.20463
9 0.127344 0.569444 0.010937 0.407407
8 0.886979 0.489815 0.026042 0.107407
1 0.951823 0.485648 0.064062 0.241667
8 0.040625 0.577778 0.039583 0.233333
12 0.454687 0.536574 0.030208 0.115741
12 0.465885 0.530093 0.024479 0.084259
