1 0.772917 0.505556 0.054167 0.259259
1 0.638281 0.518056 0.072396 0.308333
1 0.822917 0.509722 0.055208 0.258333
1 0.908333 0.494444 0.054167 0.248148
1 0.847917 0.5125 0.039583 0.213889
1 0.724219 0.50463 0.067187 0.314815
1 0.794792 0.521296 0.083333 0.348148
1 0.686458 0.522222 0.072917 0.325926
1 1.00026 0.483333 0.032813 0.17037
1 0.897135 0.582407 0.054688 0.190741
1 0.855729 0.518519 0.05 0.266667
9 0.574479 0.407407 0.070833 0.492593
8 0.085417 0.590278 0.04375 0.20463
9 0.127344 0.569444 0.010937 0.407407
8 0.889583 0.489815 0.028125 0.107407
1 0.789844 0.501852 0.073438 0.324074
8 0.047135 0.577778 0.044271 0.233333
12 0.498177 0.53287 0.025521 0.112037
12 0.514844 0.52963 0.065104 0.255556
