1 0.763021 0.50463 0.055208 0.264815
1 0.641146 0.518056 0.070833 0.30463
1 0.814323 0.510185 0.056771 0.266667
1 0.901302 0.49537 0.058854 0.253704
1 0.839844 0.513426 0.040104 0.215741
1 0.71849 0.503241 0.068229 0.323148
1 0.794271 0.52037 0.088542 0.355556
1 0.677604 0.524074 0.073958 0.333333
1 1.000781 0.484259 0.034896 0.172222
1 0.897396 0.583333 0.058333 0.190741
1 0.853646 0.526852 0.052083 0.253704
9 0.574479 0.407407 0.070833 0.492593
8 0.085417 0.590278 0.04375 0.20463
9 0.127344 0.569444 0.010937 0.407407
8 0.889844 0.489815 0.028646 0.107407
1 0.7875 0.502315 0.073958 0.330556
8 0.047656 0.578241 0.044271 0.234259
12 0.498177 0.53287 0.025521 0.112037
12 0.501302 0.530556 0.066146 0.255556
