1 0.267188 0.523611 0.064583 0.300926
1 0.202344 0.544444 0.050521 0.27037
1 0.684115 0.564815 0.150521 0.62037
1 0.833594 0.52963 0.135937 0.709259
1 0.697656 0.557407 0.029687 0.125926
1 0.715365 0.517593 0.045312 0.207407
1 0.68724 0.494444 0.084896 0.357407
9 0.574479 0.407407 0.070833 0.492593
8 0.079167 0.585648 0.04375 0.212037
9 0.127344 0.569444 0.010937 0.407407
8 0.892969 0.490741 0.026562 0.109259
8 0.045052 0.580556 0.044271 0.235185
12 0.48151 0.531944 0.023438 0.10463
12 0.497396 0.517593 0.0625 0.287037
