1 0.225781 0.533796 0.061979 0.260185
1 0.986979 0.488889 0.028125 0.166667
1 0.866406 0.534259 0.102604 0.414815
1 0.968229 0.505556 0.098958 0.47963
1 0.697135 0.554167 0.026562 0.119444
1 0.71901 0.521296 0.041146 0.194444
1 0.297917 0.52037 0.16875 0.551852
9 0.574479 0.407407 0.070833 0.492593
8 0.080729 0.587963 0.04375 0.212963
9 0.127344 0.569444 0.010937 0.407407
8 0.892708 0.490741 0.030208 0.111111
8 0.044531 0.581481 0.044271 0.235185
12 0.476042 0.531481 0.029167 0.101852
12 0.526042 0.537963 0.030208 0.116667
