1 0.269271 0.526852 0.067708 0.287037
1 0.197917 0.541667 0.05 0.25
1 0.753125 0.556944 0.11875 0.55463
1 0.882812 0.516667 0.123958 0.633333
1 0.699219 0.556019 0.028646 0.123148
1 0.71849 0.524074 0.043229 0.2
1 0.626042 0.498611 0.102083 0.389815
9 0.574479 0.407407 0.070833 0.492593
8 0.079687 0.586574 0.04375 0.212037
9 0.127344 0.569444 0.010937 0.407407
8 0.892969 0.490741 0.027604 0.109259
8 0.045052 0.580556 0.044271 0.235185
12 0.482031 0.531944 0.024479 0.10463
12 0.448958 0.544907 0.034375 0.130556
12 0.422917 0.523611 0.075 0.312037
