1 0.830208 0.501389 0.05 0.243519
1 0.622656 0.525463 0.081771 0.350926
1 0.873698 0.506481 0.052604 0.240741
1 0.946354 0.488889 0.042708 0.22963
1 0.896875 0.509259 0.0375 0.2
1 0.750781 0.503241 0.064062 0.287963
1 0.805729 0.521296 0.069792 0.309259
1 0.747396 0.518056 0.067708 0.282407
1 0.895052 0.58287 0.047396 0.187963
1 0.915104 0.5125 0.057292 0.293519
9 0.574479 0.407407 0.070833 0.492593
8 0.085417 0.590278 0.04375 0.20463
9 0.127344 0.569444 0.010937 0.407407
8 0.888802 0.489815 0.027604 0.107407
1 0.826823 0.499537 0.065104 0.287963
8 0.045052 0.577778 0.042188 0.233333
12 0.495052 0.531481 0.025521 0.112963
