1 0.269271 0.523148 0.065625 0.301852
1 0.203125 0.542593 0.05 0.268519
1 0.697656 0.563426 0.144271 0.610185
1 0.839323 0.530556 0.131771 0.698148
1 0.697917 0.556944 0.030208 0.125
1 0.716146 0.519444 0.044792 0.207407
1 0.679688 0.493519 0.085417 0.361111
9 0.574479 0.407407 0.070833 0.492593
8 0.079167 0.585648 0.04375 0.212037
9 0.127344 0.569444 0.010937 0.407407
8 0.892969 0.490741 0.026562 0.109259
8 0.045052 0.580556 0.044271 0.235185
12 0.481771 0.531944 0.023958 0.10463
12 0.422135 0.547685 0.035937 0.134259
12 0.488802 0.518056 0.063021 0.289815
