1 0.313542 0.537037 0.085417 0.374074
1 0.24375 0.555556 0.075 0.368519
1 0.390885 0.532407 0.101562 0.498148
1 0.327604 0.571296 0.1 0.411111
1 0.752865 0.499074 0.048438 0.216667
1 0.322917 0.643519 0.275 1.042593
1 0.555729 0.532407 0.210417 1.135185
1 0.715365 0.565741 0.034896 0.137037
1 0.74974 0.519907 0.049479 0.223148
1 0.844792 0.485648 0.065625 0.256481
9 0.574479 0.407407 0.070833 0.492593
8 0.085417 0.590278 0.04375 0.20463
9 0.127344 0.569444 0.010937 0.407407
8 0.892448 0.490278 0.026562 0.108333
1 -0.03776 0.594907 0.186979 0.858333
8 0.045573 0.57963 0.044271 0.235185
12 0.481771 0.532407 0.022917 0.107407
