1 0.873177 0.498611 0.045312 0.230556
1 0.603646 0.533796 0.084375 0.400926
1 0.135156 0.573611 0.213021 0.652778
1 0.907292 0.506481 0.051042 0.212963
1 0.975 0.490741 0.035417 0.222222
1 0.934896 0.506944 0.035417 0.189815
1 0.777083 0.503241 0.051042 0.267593
1 0.854167 0.514815 0.066667 0.274074
1 0.791146 0.513426 0.063542 0.260185
1 0.964844 0.583333 0.051562 0.211111
1 0.970052 0.512037 0.074479 0.312963
9 0.574479 0.407407 0.070833 0.492593
8 0.085417 0.590278 0.04375 0.20463
9 0.127344 0.569444 0.010937 0.407407
8 0.888021 0.489815 0.027083 0.107407
1 0.86849 0.496759 0.063021 0.273148
8 0.043229 0.577778 0.040625 0.233333
12 0.484896 0.535648 0.026042 0.112037
12 0.421094 0.528241 0.027604 0.087963
