1 0.836979 0.500926 0.048958 0.242593
1 0.61875 0.524537 0.083333 0.360185
1 0.879687 0.509259 0.053125 0.22963
1 0.95026 0.488426 0.040104 0.228704
1 0.902865 0.508796 0.036979 0.199074
1 0.751042 0.506481 0.063542 0.281481
1 0.809115 0.519444 0.069271 0.303704
1 0.754687 0.517593 0.067708 0.275926
1 0.897396 0.583796 0.046875 0.189815
1 0.920573 0.512963 0.055729 0.296296
9 0.574479 0.407407 0.070833 0.492593
8 0.085417 0.590278 0.04375 0.20463
9 0.127344 0.569444 0.010937 0.407407
8 0.888802 0.489815 0.027604 0.107407
1 0.833073 0.499074 0.065104 0.285185
8 0.044792 0.577778 0.041667 0.233333
12 0.49349 0.532407 0.025521 0.112963
