1 0.303385 0.536111 0.084896 0.372222
1 0.228385 0.559722 0.075521 0.371296
1 0.364063 0.534259 0.1 0.503704
1 0.308854 0.572685 0.070833 0.419444
1 0.749219 0.5 0.052604 0.216667
1 0.346094 0.631944 0.240104 1.019444
1 0.57474 0.534259 0.208854 1.111111
1 0.713802 0.564815 0.034896 0.137037
1 0.747656 0.519444 0.049479 0.22037
1 0.838542 0.485185 0.066667 0.261111
9 0.574479 0.407407 0.070833 0.492593
8 0.084375 0.589352 0.04375 0.206481
9 0.127344 0.569444 0.010937 0.407407
8 0.892708 0.490278 0.026042 0.108333
8 0.045573 0.57963 0.044271 0.235185
12 0.48151 0.532407 0.023438 0.107407
