1 0.271354 0.525926 0.067708 0.275926
1 0.192969 0.541667 0.052604 0.246296
1 0.770833 0.55463 0.111458 0.535185
1 0.899219 0.518056 0.127604 0.610185
1 0.698438 0.555093 0.028125 0.121296
1 0.718229 0.521296 0.042708 0.194444
1 0.596354 0.499074 0.105208 0.412963
9 0.574479 0.407407 0.070833 0.492593
8 0.079687 0.586574 0.04375 0.212037
9 0.127344 0.569444 0.010937 0.407407
8 0.892969 0.490741 0.027604 0.109259
8 0.045052 0.580556 0.044271 0.235185
12 0.482292 0.531944 0.025 0.10463
12 0.459896 0.543519 0.034375 0.12963
12 0.395833 0.525 0.082292 0.32037
