1 0.842969 0.505093 0.040104 0.178704
1 0.336719 0.54213 0.096354 0.478704
1 0.160677 0.560648 0.200521 0.680556
1 0.794531 0.511111 0.054688 0.283333
1 0.681771 0.50787 0.040625 0.176852
1 0.969792 0.489352 0.041667 0.193519
1 0.775781 0.50787 0.050521 0.228704
1 0.816927 0.505093 0.052604 0.234259
1 0.779167 0.512037 0.0375 0.172222
9 0.574479 0.407407 0.070833 0.492593
8 0.085417 0.590278 0.04375 0.20463
9 0.127344 0.569444 0.010937 0.407407
8 0.8875 0.489815 0.029167 0.107407
8 0.041406 0.580093 0.044271 0.234259
12 0.492969 0.54213 0.031771 0.113889
12 0.442448 0.547222 0.035937 0.124074
