1 0.66875 0.506019 0.0625 0.312037
1 0.65651 0.51713 0.063021 0.269444
1 0.707552 0.518519 0.066146 0.292593
1 0.816406 0.499074 0.055729 0.290741
1 0.769271 0.521296 0.04375 0.235185
1 0.654167 0.509722 0.066667 0.380556
1 0.706771 0.532407 0.094792 0.422222
1 0.607292 0.534259 0.09375 0.392593
1 0.998698 0.484259 0.036979 0.185185
1 0.913281 0.581019 0.058854 0.191667
1 0.854687 0.550926 0.058333 0.2
1 0.99974 0.475926 0.044271 0.174074
9 0.574479 0.407407 0.070833 0.492593
8 0.085417 0.590278 0.04375 0.20463
9 0.127344 0.569444 0.010937 0.407407
8 0.891146 0.489815 0.029167 0.107407
1 0.730208 0.500463 0.091667 0.389815
8 0.047135 0.578241 0.044271 0.234259
12 0.496615 0.531481 0.025521 0.111111
12 0.508854 0.539352 0.046875 0.243519
