1 0.983333 0.483796 0.027083 0.171296
1 0.809375 0.506944 0.047917 0.176852
1 0.267448 0.546296 0.141146 0.524074
1 0.747135 0.50787 0.068229 0.300926
1 0.631771 0.5125 0.045833 0.171296
1 0.951562 0.491204 0.040625 0.197222
1 0.971094 0.49537 0.038021 0.198148
1 0.842187 0.503241 0.069792 0.241667
1 0.879948 0.500463 0.056771 0.249074
1 0.73125 0.512037 0.036458 0.168519
9 0.574479 0.407407 0.070833 0.492593
8 0.085417 0.590278 0.04375 0.20463
9 0.127344 0.569444 0.010937 0.407407
8 0.886458 0.489815 0.027083 0.107407
8 0.040885 0.579167 0.044271 0.234259
12 0.544792 0.533333 0.066667 0.251852
12 0.460677 0.542593 0.027604 0.118519
