1 0.828125 0.501852 0.05 0.244444
1 0.623437 0.524537 0.08125 0.347222
1 0.870312 0.507407 0.052083 0.238889
1 0.945573 0.488889 0.044271 0.22963
1 0.894792 0.509722 0.0375 0.200926
1 0.750781 0.502315 0.064062 0.289815
1 0.803906 0.519444 0.073438 0.307407
1 0.745313 0.518519 0.067708 0.285185
1 0.895312 0.58287 0.046875 0.187963
1 0.913281 0.5125 0.057812 0.291667
9 0.574479 0.407407 0.070833 0.492593
8 0.085417 0.590278 0.04375 0.20463
9 0.127344 0.569444 0.010937 0.407407
8 0.888802 0.489815 0.027604 0.107407
1 0.82474 0.499537 0.065104 0.287963
8 0.045052 0.577778 0.042188 0.233333
12 0.495573 0.531481 0.025521 0.112963
