1 0.864583 0.506019 0.036458 0.178704
1 0.380469 0.531019 0.095312 0.458333
1 0.288021 0.546296 0.135417 0.618519
1 0.820833 0.506019 0.052083 0.271296
1 0.713542 0.510185 0.039583 0.17963
1 0.972396 0.491204 0.042708 0.189815
1 0.734635 0.511574 0.046354 0.213889
1 0.776563 0.50787 0.048958 0.225
1 0.815625 0.510185 0.039583 0.175926
9 0.574479 0.407407 0.070833 0.492593
8 0.085417 0.590278 0.04375 0.20463
9 0.127344 0.569444 0.010937 0.407407
8 0.8875 0.489815 0.029167 0.107407
8 0.041927 0.581019 0.044271 0.234259
12 0.513021 0.537963 0.03125 0.112963
12 0.461198 0.546759 0.033854 0.123148
