1 0.315104 0.536574 0.085417 0.375
1 0.248958 0.554167 0.075 0.367593
1 0.39974 0.531944 0.101562 0.49537
1 0.333854 0.570833 0.110417 0.408333
1 0.755729 0.499074 0.047917 0.216667
1 0.309896 0.64213 0.271875 1.050926
1 0.548698 0.531944 0.213021 1.143519
1 0.716146 0.566667 0.034375 0.137037
1 0.75026 0.519444 0.049479 0.224074
1 0.846875 0.485648 0.065625 0.25463
9 0.574479 0.407407 0.070833 0.492593
8 0.085417 0.590278 0.04375 0.20463
9 0.127344 0.569444 0.010937 0.407407
8 0.892448 0.490278 0.026562 0.108333
1 -0.010937 0.588426 0.192708 0.837963
8 0.045573 0.57963 0.044271 0.235185
12 0.481771 0.532407 0.022917 0.107407
