1 0.622135 0.511574 0.064062 0.330556
1 0.655208 0.512963 0.058333 0.251852
1 0.6625 0.523611 0.06875 0.302778
1 0.783594 0.506019 0.054688 0.308333
1 0.740625 0.522685 0.052083 0.249074
1 0.615104 0.514815 0.076042 0.411111
1 0.63099 0.539352 0.094271 0.450926
1 0.548958 0.54213 0.094792 0.419444
1 0.98776 0.488426 0.044271 0.187963
1 0.923177 0.580556 0.050521 0.187037
1 0.838802 0.524074 0.053646 0.255556
1 0.983854 0.478704 0.047917 0.181481
9 0.574479 0.407407 0.070833 0.492593
8 0.085417 0.590278 0.04375 0.20463
9 0.127344 0.569444 0.010937 0.407407
8 0.891406 0.489815 0.029687 0.107407
1 0.702865 0.505093 0.095312 0.419444
8 0.046615 0.578241 0.044271 0.234259
12 0.49349 0.531481 0.025521 0.111111
12 0.476042 0.534722 0.059375 0.249074
