1 0.265365 0.527778 0.069271 0.322222
1 0.198437 0.539815 0.064583 0.301852
1 0.0625 0.562963 0.122917 0.614815
1 0.016927 0.601852 0.128646 0.485185
1 0.661198 0.494444 0.056771 0.22037
1 0.579948 0.587037 0.174479 0.748148
1 0.740625 0.539815 0.161458 0.846296
1 0.702865 0.555556 0.029687 0.131481
1 0.735417 0.510185 0.046875 0.211111
1 0.765104 0.489352 0.073958 0.317593
9 0.574479 0.407407 0.070833 0.492593
8 0.079167 0.585648 0.04375 0.212037
9 0.127344 0.569444 0.010937 0.407407
8 0.892969 0.490278 0.025521 0.108333
8 0.045573 0.580093 0.044271 0.234259
12 0.48099 0.532407 0.025521 0.107407
