1 0.736458 0.503241 0.058333 0.280556
1 0.647135 0.518519 0.069271 0.294444
1 0.783073 0.510648 0.061979 0.275
1 0.872396 0.496296 0.051042 0.264815
1 0.818229 0.513889 0.040625 0.22037
1 0.707552 0.511574 0.058854 0.341667
1 0.779167 0.524074 0.085417 0.377778
1 0.650521 0.525463 0.076042 0.352778
1 0.999479 0.486574 0.033333 0.175
1 0.90625 0.581944 0.05 0.191667
1 0.854427 0.544444 0.058854 0.218519
9 0.574479 0.407407 0.070833 0.492593
8 0.085417 0.590278 0.04375 0.20463
9 0.127344 0.569444 0.010937 0.407407
8 0.890365 0.489815 0.028646 0.107407
1 0.777083 0.504167 0.076042 0.347222
8 0.047135 0.578241 0.044271 0.234259
12 0.499219 0.533796 0.025521 0.112037
12 0.466146 0.532407 0.067708 0.259259
