1 0.914323 0.49213 0.040104 0.217593
1 0.519792 0.539352 0.117708 0.493519
1 0.647396 0.510185 0.032292 0.17963
1 0.3875 0.543056 0.122917 0.484259
1 0.967708 0.503704 0.03125 0.17037
1 0.835938 0.498611 0.055208 0.24537
1 0.91224 0.502778 0.063021 0.25
1 0.847135 0.50787 0.056771 0.237963
9 0.574479 0.407407 0.070833 0.492593
8 0.085417 0.590278 0.04375 0.20463
9 0.127344 0.569444 0.010937 0.407407
8 0.88724 0.489815 0.026562 0.107407
1 0.927083 0.491667 0.059375 0.251852
8 0.041146 0.577778 0.038542 0.233333
12 0.466146 0.538426 0.030208 0.115741
12 0.453385 0.52963 0.025521 0.085185
