1 0.815885 0.502778 0.051562 0.246296
1 0.626563 0.526389 0.078125 0.334259
1 0.864583 0.508333 0.051042 0.246296
1 0.938542 0.490278 0.045833 0.232407
1 0.884896 0.510648 0.0375 0.202778
1 0.740104 0.505093 0.055208 0.297222
1 0.797917 0.52037 0.075 0.314815
1 0.732812 0.519444 0.06875 0.292593
1 0.896354 0.581481 0.045833 0.190741
1 0.902083 0.512963 0.065625 0.285185
9 0.574479 0.407407 0.070833 0.492593
8 0.085417 0.590278 0.04375 0.20463
9 0.127344 0.569444 0.010937 0.407407
8 0.889062 0.489815 0.028125 0.107407
1 0.813802 0.500926 0.067187 0.294444
8 0.045312 0.577778 0.042708 0.233333
12 0.496615 0.531481 0.025521 0.112963
