1 0.463021 0.526852 0.073958 0.368519
1 0.623177 0.50463 0.045312 0.209259
1 0.480208 0.543981 0.1 0.363889
1 0.661198 0.513889 0.075521 0.383333
1 0.601302 0.543981 0.075521 0.308333
1 0.373177 0.527315 0.089063 0.515741
1 0.261979 0.573148 0.120833 0.624074
1 0.184896 0.559722 0.15625 0.565741
1 0.891927 0.494444 0.044271 0.209259
1 0.788021 0.573148 0.035417 0.155556
1 0.811198 0.519907 0.059896 0.250926
1 0.922396 0.481019 0.05625 0.217593
9 0.574479 0.407407 0.070833 0.492593
8 0.085417 0.590278 0.04375 0.20463
9 0.127344 0.569444 0.010937 0.407407
8 0.892188 0.489815 0.028125 0.107407
1 0.470833 0.528241 0.123958 0.552778
8 0.046094 0.579167 0.044271 0.234259
12 0.482812 0.531944 0.025 0.110185
12 0.031771 0.580556 0.059375 0.355556
12 0.008594 0.596296 0.050521 0.337037
