1 0.890885 0.495833 0.043229 0.225
1 0.573698 0.533333 0.098437 0.442593
1 0.617448 0.5125 0.032813 0.180556
1 0.261719 0.556019 0.131771 0.584259
1 0.921875 0.504167 0.039583 0.206481
1 0.94974 0.505093 0.033854 0.178704
1 0.802604 0.5 0.057292 0.255556
1 0.878646 0.511111 0.065625 0.262963
1 0.815365 0.510648 0.059896 0.250926
1 0.998437 0.506944 0.061458 0.330556
9 0.574479 0.407407 0.070833 0.492593
8 0.085417 0.590278 0.04375 0.20463
9 0.127344 0.569444 0.010937 0.407407
8 0.88776 0.489815 0.026562 0.107407
1 0.89349 0.494907 0.060937 0.263889
8 0.042448 0.577778 0.040104 0.233333
12 0.477083 0.5375 0.028125 0.113889
12 0.435156 0.528704 0.026562 0.087037
