1 0.960938 0.489815 0.032292 0.187037
1 0.18776 0.568519 0.182812 0.798148
1 0.751563 0.508333 0.032292 0.17963
1 0.097396 0.553704 0.1375 0.598148
1 0.652083 0.521759 0.088542 0.330556
1 0.921354 0.493056 0.046875 0.212037
1 0.99375 0.496296 0.054167 0.214815
1 0.951562 0.494444 0.044792 0.207407
1 0.951302 0.499537 0.069271 0.263889
1 0.983073 0.4875 0.054688 0.269444
1 0.672396 0.512963 0.034375 0.162963
9 0.574479 0.407407 0.070833 0.492593
8 0.085417 0.590278 0.04375 0.20463
9 0.127344 0.569444 0.010937 0.407407
8 0.885417 0.489815 0.025 0.107407
8 0.040104 0.577778 0.04375 0.233333
12 0.420573 0.534259 0.031771 0.116667
12 0.510156 0.527778 0.023438 0.081481
12 0.455729 0.528241 0.055208 0.265741
