1 0.645573 0.508796 0.063021 0.321296
1 0.655469 0.515278 0.060937 0.260185
1 0.685417 0.521296 0.066667 0.298148
1 0.796875 0.506481 0.057292 0.287037
1 0.75625 0.521296 0.04375 0.238889
1 0.639323 0.513889 0.074479 0.398148
1 0.667969 0.538426 0.098437 0.437963
1 0.573698 0.53287 0.078646 0.402778
1 0.992969 0.484722 0.038021 0.189815
1 0.920312 0.58287 0.055208 0.191667
1 0.848437 0.534259 0.060417 0.233333
1 0.991146 0.476389 0.046875 0.175
9 0.574479 0.407407 0.070833 0.492593
8 0.085417 0.590278 0.04375 0.20463
9 0.127344 0.569444 0.010937 0.407407
8 0.891146 0.489815 0.029167 0.107407
1 0.719792 0.508796 0.09375 0.402778
8 0.047135 0.578241 0.044271 0.234259
12 0.495052 0.531481 0.025521 0.111111
12 0.491146 0.537037 0.051042 0.246296
