1 0.211198 0.534722 0.059896 0.256481
1 0.977083 0.489815 0.03125 0.168519
1 0.880729 0.530093 0.09375 0.393519
1 0.975521 0.503704 0.091667 0.45
1 0.697135 0.554167 0.026562 0.119444
1 0.716667 0.519907 0.039583 0.193519
1 0.190885 0.526852 0.174479 0.588889
9 0.574479 0.407407 0.070833 0.492593
8 0.08125 0.587963 0.04375 0.212963
9 0.127344 0.569444 0.010937 0.407407
8 0.892708 0.491204 0.03125 0.112037
8 0.04401 0.581481 0.044271 0.235185
12 0.474479 0.531481 0.027083 0.1
12 0.072917 0.55463 0.120833 0.453704
