1 0.56875 0.517593 0.065625 0.351852
1 0.653646 0.510185 0.053125 0.231481
1 0.610938 0.530093 0.069792 0.315741
1 0.747135 0.50787 0.064062 0.341667
1 0.698438 0.528704 0.051042 0.268519
1 0.54401 0.51713 0.079687 0.434259
1 0.528125 0.553704 0.110417 0.5
1 0.450781 0.547685 0.083854 0.463889
1 0.972135 0.491204 0.046354 0.200926
1 0.885677 0.575 0.047396 0.175926
1 0.827344 0.518981 0.045312 0.263889
1 0.966406 0.481481 0.050521 0.198148
9 0.574479 0.407407 0.070833 0.492593
8 0.085417 0.590278 0.04375 0.20463
9 0.127344 0.569444 0.010937 0.407407
8 0.891667 0.489815 0.029167 0.107407
1 0.638542 0.512963 0.1 0.457407
8 0.046615 0.578704 0.044271 0.235185
12 0.489844 0.531481 0.025521 0.111111
