1 0.842708 0.506944 0.039583 0.178704
1 0.332031 0.541204 0.095312 0.480556
1 0.145573 0.560648 0.194271 0.686111
1 0.792188 0.511574 0.055208 0.284259
1 0.679427 0.508333 0.039062 0.175926
1 0.967708 0.489352 0.041667 0.193519
1 0.78099 0.50787 0.052604 0.230556
1 0.820312 0.505556 0.053125 0.235185
1 0.776042 0.512037 0.0375 0.172222
9 0.574479 0.407407 0.070833 0.492593
8 0.085417 0.590278 0.04375 0.20463
9 0.127344 0.569444 0.010937 0.407407
8 0.8875 0.489815 0.029167 0.107407
8 0.041406 0.580093 0.044271 0.234259
12 0.491406 0.542593 0.031771 0.114815
12 0.440885 0.547222 0.035937 0.124074
