1 0.678646 0.50463 0.061458 0.309259
1 0.65651 0.517593 0.064062 0.274074
1 0.717448 0.517593 0.066146 0.290741
1 0.827344 0.500463 0.061979 0.284259
1 0.776823 0.519444 0.045312 0.233333
1 0.665625 0.511574 0.071875 0.373148
1 0.721354 0.534259 0.09375 0.414815
1 0.599479 0.52963 0.080208 0.388889
1 0.996875 0.481944 0.032292 0.182407
1 0.910417 0.581019 0.059375 0.191667
1 0.856771 0.555556 0.059375 0.190741
9 0.574479 0.407407 0.070833 0.492593
8 0.085417 0.590278 0.04375 0.20463
9 0.127344 0.569444 0.010937 0.407407
8 0.891146 0.489815 0.029167 0.107407
1 0.739323 0.501852 0.089063 0.383333
8 0.047135 0.578241 0.044271 0.234259
12 0.497135 0.531481 0.025521 0.111111
12 0.516927 0.540278 0.046354 0.241667
