1 0.31849 0.536111 0.085938 0.375926
1 0.259375 0.551852 0.075 0.366667
1 0.416927 0.530556 0.100521 0.488889
1 0.346615 0.570833 0.129688 0.402778
1 0.760938 0.499074 0.046875 0.216667
1 0.284115 0.640741 0.266146 1.066667
1 0.534375 0.531481 0.21875 1.159259
1 0.71875 0.566204 0.034375 0.137963
1 0.751302 0.519444 0.049479 0.225926
1 0.850781 0.485648 0.065104 0.250926
9 0.574479 0.407407 0.070833 0.492593
8 0.085417 0.590278 0.04375 0.20463
9 0.127344 0.569444 0.010937 0.407407
8 0.892448 0.490278 0.026562 0.108333
1 0.042969 0.576389 0.203646 0.79537
8 0.045573 0.57963 0.044271 0.235185
12 0.481771 0.532407 0.022917 0.107407
