1 0.923438 0.491204 0.039583 0.213889
1 0.492708 0.544444 0.122917 0.522222
1 0.659896 0.510185 0.032292 0.17963
1 0.423177 0.528704 0.073438 0.466667
1 0.973958 0.502778 0.03125 0.168519
1 0.848437 0.497222 0.055208 0.242593
1 0.917708 0.50463 0.0625 0.244444
1 0.859375 0.506481 0.054167 0.235185
9 0.574479 0.407407 0.070833 0.492593
8 0.085417 0.590278 0.04375 0.20463
9 0.127344 0.569444 0.010937 0.407407
8 0.886979 0.489815 0.026042 0.107407
1 0.939583 0.4875 0.059375 0.247222
8 0.040885 0.577778 0.039062 0.233333
12 0.459896 0.5375 0.030208 0.115741
12 0.459896 0.52963 0.025 0.085185
