1 0.545833 0.52037 0.066667 0.359259
1 0.651042 0.50787 0.051042 0.225
1 0.581771 0.533796 0.075 0.325
1 0.73099 0.509259 0.066146 0.35
1 0.68151 0.533333 0.063021 0.277778
1 0.507812 0.521296 0.083333 0.446296
1 0.473177 0.559722 0.100521 0.526852
1 0.40026 0.549074 0.117188 0.483333
1 0.959115 0.490278 0.056771 0.199074
1 0.860938 0.574074 0.040625 0.168519
1 0.825521 0.518981 0.044792 0.262037
1 0.958333 0.481019 0.052083 0.20463
9 0.574479 0.407407 0.070833 0.492593
8 0.085417 0.590278 0.04375 0.20463
9 0.127344 0.569444 0.010937 0.407407
8 0.891667 0.489815 0.029167 0.107407
1 0.617708 0.516667 0.113542 0.474074
8 0.046615 0.578704 0.044271 0.235185
12 0.488281 0.531944 0.025521 0.110185
