1 0.758333 0.50463 0.05625 0.268519
1 0.641927 0.518519 0.068229 0.301852
1 0.808854 0.510185 0.057292 0.268519
1 0.892188 0.496296 0.048958 0.255556
1 0.835938 0.513889 0.040625 0.216667
1 0.715885 0.503241 0.068229 0.326852
1 0.794531 0.522222 0.085938 0.359259
1 0.672656 0.524074 0.074479 0.337037
1 1.000781 0.484722 0.035937 0.173148
1 0.899479 0.583333 0.05625 0.190741
1 0.852604 0.531019 0.053125 0.247222
9 0.574479 0.407407 0.070833 0.492593
8 0.085417 0.590278 0.04375 0.20463
9 0.127344 0.569444 0.010937 0.407407
8 0.889844 0.489815 0.028646 0.107407
1 0.785677 0.502778 0.074479 0.333333
8 0.047135 0.578241 0.044271 0.234259
12 0.498698 0.533333 0.025521 0.112963
12 0.494531 0.531019 0.067187 0.256481
