1 0.246615 0.528241 0.059896 0.256481
1 0.15625 0.545833 0.048958 0.226852
1 1.001562 0.488889 0.030208 0.17037
1 0.823177 0.537037 0.111979 0.451852
1 0.935937 0.511111 0.107292 0.538889
1 0.696875 0.553704 0.026042 0.118519
1 0.71849 0.521296 0.042188 0.194444
1 0.468229 0.505556 0.111458 0.485185
9 0.574479 0.407407 0.070833 0.492593
8 0.080208 0.587037 0.04375 0.212963
9 0.127344 0.569444 0.010937 0.407407
8 0.892708 0.491204 0.029167 0.110185
8 0.044531 0.581019 0.044271 0.234259
12 0.479948 0.531944 0.026562 0.102778
12 0.495052 0.539352 0.031771 0.121296
