1 0.245573 0.528704 0.061979 0.248148
1 0.152344 0.549537 0.048438 0.221296
1 1.003385 0.489352 0.031771 0.158333
1 0.835938 0.540741 0.098958 0.440741
1 0.943229 0.510185 0.10625 0.522222
1 0.696875 0.553704 0.026042 0.118519
1 0.71875 0.521296 0.041667 0.194444
1 0.435677 0.507407 0.121354 0.498148
9 0.574479 0.407407 0.070833 0.492593
8 0.080208 0.587037 0.04375 0.212963
9 0.127344 0.569444 0.010937 0.407407
8 0.892708 0.491204 0.029167 0.110185
8 0.044531 0.581019 0.044271 0.234259
12 0.478906 0.531944 0.027604 0.102778
12 0.502083 0.537963 0.03125 0.118519
