1 0.71224 0.501852 0.060937 0.294444
1 0.652083 0.518519 0.066667 0.285185
1 0.753125 0.513426 0.064583 0.282407
1 0.852604 0.488889 0.051042 0.262963
1 0.799479 0.516667 0.04375 0.227778
1 0.685417 0.511111 0.070833 0.359259
1 0.759896 0.529167 0.089583 0.393519
1 0.638542 0.526389 0.077083 0.369444
1 0.995573 0.486111 0.031771 0.183333
1 0.910417 0.581019 0.048958 0.191667
1 0.858594 0.558333 0.064062 0.185185
9 0.574479 0.407407 0.070833 0.492593
8 0.085417 0.590278 0.04375 0.20463
9 0.127344 0.569444 0.010937 0.407407
8 0.890625 0.489815 0.029167 0.107407
1 0.767708 0.506019 0.078125 0.362037
8 0.047135 0.578241 0.044271 0.234259
12 0.498698 0.53287 0.025521 0.112037
12 0.547135 0.543056 0.043229 0.236111
12 0.441146 0.531019 0.064583 0.263889
