1 0.232292 0.527315 0.053125 0.249074
1 0.136458 0.546296 0.048958 0.216667
1 0.998698 0.488426 0.035937 0.167593
1 0.839323 0.535185 0.106771 0.431481
1 0.955469 0.510185 0.103646 0.503704
1 0.696875 0.553704 0.026042 0.118519
1 0.71875 0.521296 0.041667 0.194444
1 0.388281 0.514815 0.148438 0.516667
9 0.574479 0.407407 0.070833 0.492593
8 0.080729 0.5875 0.04375 0.212037
9 0.127344 0.569444 0.010937 0.407407
8 0.892969 0.490741 0.029687 0.111111
8 0.044531 0.581481 0.044271 0.235185
12 0.477865 0.531944 0.028646 0.102778
12 0.51276 0.536574 0.030729 0.115741
