1 0.788802 0.50463 0.053646 0.253704
1 0.635938 0.518519 0.073958 0.314815
1 0.841146 0.508796 0.052083 0.250926
1 0.919792 0.493056 0.046875 0.237963
1 0.861198 0.511574 0.039062 0.208333
1 0.740625 0.505556 0.066667 0.307407
1 0.790885 0.524074 0.076563 0.338889
1 0.703646 0.521296 0.070833 0.314815
1 0.898698 0.580093 0.044271 0.19537
1 0.870573 0.514815 0.064062 0.274074
9 0.574479 0.407407 0.070833 0.492593
8 0.085417 0.590278 0.04375 0.20463
9 0.127344 0.569444 0.010937 0.407407
8 0.889583 0.489815 0.028125 0.107407
1 0.791927 0.502315 0.072396 0.312037
8 0.046615 0.577778 0.043229 0.233333
12 0.497656 0.532407 0.025521 0.112963
