1 0.276823 0.531944 0.067187 0.350926
1 0.204427 0.538889 0.072396 0.331481
1 0.223958 0.543056 0.104167 0.552778
1 0.16901 0.589352 0.122396 0.45463
1 0.703646 0.5 0.053125 0.218519
1 0.486979 0.623148 0.177083 0.883333
1 0.672396 0.540741 0.19375 0.987037
1 0.70651 0.559259 0.034896 0.135185
1 0.735938 0.518519 0.047917 0.212963
1 0.811458 0.483796 0.06875 0.287963
9 0.574479 0.407407 0.070833 0.492593
8 0.08125 0.587037 0.04375 0.211111
9 0.127344 0.569444 0.010937 0.407407
8 0.892708 0.490278 0.026042 0.108333
8 0.045573 0.580093 0.044271 0.234259
12 0.48151 0.532407 0.024479 0.107407
12 0.073958 0.593981 0.060417 0.358333
