1 0.95 0.493519 0.033333 0.194444
1 0.297656 0.5625 0.151562 0.713889
1 0.726562 0.508333 0.032292 0.17963
1 0.019531 0.565278 0.145313 0.623148
1 0.59375 0.525 0.082292 0.357407
1 0.90651 0.493981 0.049479 0.217593
1 0.970052 0.501389 0.058854 0.219444
1 0.927604 0.498148 0.046875 0.214815
1 0.992188 0.49213 0.047917 0.267593
1 0.645833 0.514352 0.033333 0.160185
9 0.574479 0.407407 0.070833 0.492593
8 0.085417 0.590278 0.04375 0.20463
9 0.127344 0.569444 0.010937 0.407407
8 0.885677 0.489815 0.025521 0.107407
1 0.99974 0.485185 0.054688 0.225926
8 0.040104 0.577778 0.042708 0.233333
12 0.429427 0.533333 0.031771 0.116667
12 0.497135 0.52963 0.023438 0.083333
12 0.413802 0.531944 0.080729 0.29537
