1 0.866927 0.503241 0.035937 0.178704
1 0.400781 0.529167 0.103646 0.458333
1 0.317708 0.553704 0.173958 0.601852
1 0.827083 0.50463 0.051042 0.268519
1 0.723698 0.509259 0.036979 0.181481
1 0.97474 0.487037 0.041146 0.190741
1 0.724219 0.510648 0.042188 0.210185
1 0.759115 0.508333 0.052604 0.22037
1 0.825 0.510185 0.039583 0.175926
9 0.574479 0.407407 0.070833 0.492593
8 0.085417 0.590278 0.04375 0.20463
9 0.127344 0.569444 0.010937 0.407407
8 0.8875 0.489815 0.029167 0.107407
8 0.041927 0.581019 0.044271 0.234259
12 0.518229 0.536574 0.03125 0.112037
12 0.465625 0.546296 0.033333 0.122222
