1 0.248177 0.526852 0.058854 0.261111
1 0.158333 0.54537 0.05 0.231481
1 1.007812 0.488889 0.030208 0.153704
1 0.815885 0.534722 0.120313 0.458333
1 0.932031 0.511574 0.107812 0.547222
1 0.697135 0.554167 0.025521 0.117593
1 0.71849 0.521296 0.042188 0.194444
1 0.489844 0.508796 0.134896 0.471296
9 0.574479 0.407407 0.070833 0.492593
8 0.080208 0.587037 0.04375 0.212963
9 0.127344 0.569444 0.010937 0.407407
8 0.892969 0.491204 0.028646 0.110185
8 0.044531 0.581019 0.044271 0.234259
12 0.480469 0.532407 0.026562 0.103704
12 0.490625 0.539815 0.032292 0.122222
