1 0.352083 0.534259 0.085417 0.37963
1 0.30625 0.557407 0.078125 0.383333
1 0.504427 0.524074 0.081771 0.451852
1 0.428125 0.555556 0.092708 0.374074
1 0.109635 0.551389 0.139063 0.628704
1 0.795312 0.500463 0.055208 0.215741
1 0.010677 0.649074 0.319271 1.162963
1 0.41276 0.528704 0.266146 1.262963
1 0.738021 0.568519 0.034375 0.144444
1 0.760156 0.519444 0.053646 0.233333
1 0.871094 0.486111 0.064062 0.238889
9 0.574479 0.407407 0.070833 0.492593
8 0.085417 0.590278 0.04375 0.20463
9 0.127344 0.569444 0.010937 0.407407
8 0.892188 0.490278 0.027083 0.108333
1 0.197396 0.558333 0.170833 0.707407
8 0.046094 0.579167 0.044271 0.234259
12 0.481771 0.532407 0.021875 0.107407
