1 0.246875 0.529167 0.060417 0.250926
1 0.154688 0.546759 0.048958 0.225
1 1.002344 0.488889 0.030729 0.164815
1 0.828385 0.538426 0.106771 0.447222
1 0.939063 0.510648 0.107292 0.532407
1 0.696875 0.553704 0.026042 0.118519
1 0.71875 0.521296 0.041667 0.194444
1 0.454167 0.503704 0.095833 0.494444
9 0.574479 0.407407 0.070833 0.492593
8 0.080208 0.587037 0.04375 0.212963
9 0.127344 0.569444 0.010937 0.407407
8 0.892708 0.491204 0.029167 0.110185
8 0.044531 0.581019 0.044271 0.234259
12 0.479687 0.531944 0.027083 0.102778
12 0.497656 0.538889 0.031771 0.12037
