1 0.497396 0.528241 0.070833 0.376852
1 0.641146 0.506944 0.051042 0.217593
1 0.520052 0.54213 0.083854 0.352778
1 0.704948 0.511111 0.083854 0.368519
1 0.636458 0.536574 0.058333 0.297222
1 0.439062 0.525926 0.128125 0.475926
1 0.347135 0.566667 0.122396 0.57037
1 0.291667 0.559722 0.127083 0.528704
1 0.921354 0.493519 0.044792 0.205556
1 0.816146 0.573611 0.055208 0.162037
1 0.820312 0.519444 0.046875 0.257407
1 0.93776 0.480556 0.054688 0.212963
9 0.574479 0.407407 0.070833 0.492593
8 0.085417 0.590278 0.04375 0.20463
9 0.127344 0.569444 0.010937 0.407407
8 0.891927 0.489815 0.028646 0.107407
1 0.541927 0.522222 0.129688 0.516667
8 0.046615 0.579167 0.044271 0.234259
12 0.484896 0.531944 0.025 0.110185
12 0.10026 0.577315 0.058854 0.328704
12 0.067187 0.583796 0.05 0.306481
