1 0.933333 0.493519 0.0375 0.205556
1 0.431771 0.547685 0.133333 0.584259
1 0.685937 0.510185 0.032292 0.17963
1 0.504427 0.526389 0.074479 0.421296
1 0.98776 0.502315 0.031771 0.167593
1 0.872396 0.496759 0.052083 0.234259
1 0.939583 0.503704 0.060417 0.233333
1 0.885417 0.503704 0.052083 0.225926
9 0.574479 0.407407 0.070833 0.492593
8 0.085417 0.590278 0.04375 0.20463
9 0.127344 0.569444 0.010937 0.407407
8 0.886458 0.489815 0.026042 0.107407
1 0.964323 0.485185 0.061979 0.235185
8 0.040625 0.577778 0.040625 0.233333
12 0.446615 0.534722 0.030729 0.115741
12 0.475 0.530556 0.023958 0.083333
