1 0.877604 0.498148 0.044792 0.22963
1 0.595052 0.531944 0.085938 0.410185
1 0.163021 0.56713 0.179167 0.628704
1 0.910937 0.502778 0.048958 0.212963
1 0.974219 0.486574 0.033854 0.221296
1 0.938802 0.507407 0.034896 0.187037
1 0.783594 0.501389 0.050521 0.265741
1 0.861979 0.513889 0.066667 0.27037
1 0.797396 0.513889 0.063542 0.257407
1 0.97526 0.583796 0.055729 0.212037
1 0.976042 0.510185 0.06875 0.316667
9 0.574479 0.407407 0.070833 0.492593
8 0.085417 0.590278 0.04375 0.20463
9 0.127344 0.569444 0.010937 0.407407
8 0.888021 0.489815 0.027083 0.107407
1 0.87474 0.496296 0.061979 0.27037
8 0.043229 0.577778 0.040625 0.233333
12 0.483073 0.536111 0.026562 0.112963
12 0.424479 0.528241 0.027083 0.087963
