1 0.239583 0.526852 0.060417 0.253704
1 0.145052 0.549074 0.048438 0.218519
1 1.000781 0.487963 0.034896 0.166667
1 0.83776 0.5375 0.103646 0.436111
1 0.95 0.509722 0.105208 0.512037
1 0.696875 0.553704 0.026042 0.118519
1 0.71875 0.521296 0.041667 0.194444
1 0.410677 0.513426 0.143229 0.508333
9 0.574479 0.407407 0.070833 0.492593
8 0.080729 0.5875 0.04375 0.212037
9 0.127344 0.569444 0.010937 0.407407
8 0.892969 0.490741 0.029687 0.111111
8 0.044531 0.581019 0.044271 0.234259
12 0.478385 0.531944 0.027604 0.102778
12 0.508073 0.537037 0.030729 0.116667
