1 0.920312 0.491204 0.039583 0.215741
1 0.502344 0.542593 0.121354 0.511111
1 0.655729 0.510185 0.032292 0.17963
1 0.408854 0.536574 0.094792 0.471296
1 0.971875 0.502778 0.03125 0.168519
1 0.844271 0.497685 0.055208 0.243519
1 0.913542 0.506481 0.0625 0.246296
1 0.855469 0.506944 0.054688 0.236111
9 0.574479 0.407407 0.070833 0.492593
8 0.085417 0.590278 0.04375 0.20463
9 0.127344 0.569444 0.010937 0.407407
8 0.886979 0.489815 0.026042 0.107407
1 0.935417 0.488889 0.059375 0.248148
8 0.040885 0.577778 0.039062 0.233333
12 0.461979 0.5375 0.030208 0.115741
12 0.457813 0.52963 0.025 0.085185
