1 0.861719 0.499074 0.047396 0.235185
1 0.61276 0.523611 0.082812 0.386111
1 0.052604 0.571296 0.098958 0.696296
1 0.896615 0.50463 0.052604 0.225926
1 0.971875 0.487963 0.046875 0.22037
1 0.924219 0.50787 0.035937 0.193519
1 0.761979 0.503704 0.061458 0.288889
1 0.834375 0.515278 0.066667 0.286111
1 0.779167 0.515278 0.064583 0.263889
1 0.935937 0.581944 0.059375 0.20463
1 0.953385 0.513426 0.072396 0.306481
9 0.574479 0.407407 0.070833 0.492593
8 0.085417 0.590278 0.04375 0.20463
9 0.127344 0.569444 0.010937 0.407407
8 0.888281 0.489815 0.027604 0.107407
1 0.85599 0.497685 0.063021 0.276852
8 0.04401 0.577778 0.041146 0.233333
12 0.488281 0.534722 0.025521 0.112037
