1 0.266146 0.526389 0.069792 0.319444
1 0.197656 0.536574 0.063021 0.302778
1 0.034375 0.562037 0.15 0.622222
1 0.605208 0.577315 0.165625 0.712037
1 0.759115 0.527778 0.155729 0.803704
1 0.698698 0.557407 0.030729 0.12963
1 0.731771 0.509259 0.046875 0.211111
1 0.751042 0.488426 0.071875 0.326852
9 0.574479 0.407407 0.070833 0.492593
8 0.079167 0.585648 0.04375 0.212037
9 0.127344 0.569444 0.010937 0.407407
8 0.892969 0.490741 0.025521 0.109259
8 0.045573 0.580093 0.044271 0.234259
12 0.48099 0.532407 0.025521 0.105556
