1 0.21224 0.534259 0.059896 0.257407
1 0.977865 0.489352 0.030729 0.167593
1 0.879687 0.531019 0.094792 0.39537
1 0.975 0.503704 0.092708 0.451852
1 0.697135 0.554167 0.026562 0.119444
1 0.716927 0.519907 0.040104 0.193519
1 0.203646 0.525463 0.159375 0.586111
9 0.574479 0.407407 0.070833 0.492593
8 0.08125 0.587963 0.04375 0.212963
9 0.127344 0.569444 0.010937 0.407407
8 0.892708 0.491204 0.03125 0.112037
8 0.04401 0.581481 0.044271 0.235185
12 0.47474 0.531481 0.027604 0.1
12 0.074479 0.55463 0.117708 0.453704
