1 0.911458 0.492593 0.040625 0.218519
1 0.527604 0.537963 0.115625 0.487037
1 0.643229 0.510185 0.032292 0.17963
1 0.379948 0.541667 0.129688 0.492593
1 0.965625 0.503704 0.03125 0.17037
1 0.831771 0.499074 0.055208 0.246296
1 0.907813 0.504167 0.063542 0.250926
1 0.843229 0.50787 0.057292 0.239815
9 0.574479 0.407407 0.070833 0.492593
8 0.085417 0.590278 0.04375 0.20463
9 0.127344 0.569444 0.010937 0.407407
8 0.88724 0.489815 0.026562 0.107407
1 0.922656 0.492593 0.059896 0.253704
8 0.041406 0.577778 0.039062 0.233333
12 0.467708 0.538426 0.030208 0.115741
12 0.450781 0.529167 0.025521 0.086111
