1 0.935937 0.493981 0.036458 0.20463
1 0.415104 0.556019 0.140625 0.602778
1 0.692187 0.508333 0.032292 0.17963
1 0.520573 0.527315 0.080729 0.408333
1 0.990885 0.500926 0.031771 0.166667
1 0.878125 0.496296 0.052083 0.233333
1 0.945312 0.503704 0.060417 0.231481
1 0.891406 0.502778 0.050521 0.224074
9 0.574479 0.407407 0.070833 0.492593
8 0.085417 0.590278 0.04375 0.20463
9 0.127344 0.569444 0.010937 0.407407
8 0.886458 0.489815 0.026042 0.107407
1 0.969271 0.486574 0.057292 0.232407
8 0.040625 0.577778 0.040625 0.233333
12 0.44349 0.533796 0.030729 0.115741
12 0.478646 0.530556 0.023958 0.083333
