1 0.266406 0.523148 0.072396 0.338889
1 0.190625 0.542593 0.06875 0.325926
1 0.146354 0.557407 0.192708 0.583333
1 0.074219 0.59213 0.098437 0.473148
1 0.683333 0.5 0.055208 0.22037
1 0.55 0.610185 0.183333 0.8
1 0.715104 0.555556 0.170833 0.909259
1 0.703385 0.556944 0.033854 0.132407
1 0.735677 0.513426 0.047396 0.212037
1 0.784635 0.489815 0.076563 0.303704
9 0.574479 0.407407 0.070833 0.492593
8 0.080208 0.586574 0.04375 0.212037
9 0.127344 0.569444 0.010937 0.407407
8 0.892969 0.490278 0.025521 0.108333
8 0.045573 0.580093 0.044271 0.234259
12 0.48125 0.532407 0.025 0.107407
