1 0.605729 0.513426 0.064583 0.336111
1 0.654427 0.5125 0.056771 0.247222
1 0.646354 0.525926 0.067708 0.307407
1 0.772396 0.506481 0.061458 0.327778
1 0.726823 0.523611 0.051562 0.256481
1 0.59375 0.516667 0.077083 0.42037
1 0.603125 0.541667 0.117708 0.461111
1 0.516146 0.538889 0.082292 0.42963
1 0.983333 0.488889 0.042708 0.192593
1 0.915104 0.577778 0.05 0.181481
1 0.830729 0.518981 0.045833 0.267593
1 0.978906 0.480556 0.048438 0.187037
9 0.574479 0.407407 0.070833 0.492593
8 0.085417 0.590278 0.04375 0.20463
9 0.127344 0.569444 0.010937 0.407407
8 0.891927 0.489815 0.029687 0.107407
1 0.678125 0.513426 0.086458 0.434259
8 0.046615 0.578241 0.044271 0.234259
12 0.492448 0.531481 0.025521 0.111111
12 0.461979 0.541667 0.0625 0.251852
