1 0.658854 0.506944 0.0625 0.315741
1 0.65599 0.516204 0.061979 0.265741
1 0.697917 0.519444 0.066667 0.294444
1 0.809896 0.502778 0.057292 0.305556
1 0.761979 0.524074 0.045833 0.237037
1 0.647135 0.511111 0.068229 0.388889
1 0.688802 0.536111 0.096354 0.42963
1 0.592708 0.533333 0.0875 0.396296
1 0.996875 0.484259 0.0375 0.188889
1 0.916146 0.581944 0.058333 0.191667
1 0.852083 0.543981 0.059375 0.213889
1 0.996094 0.475926 0.045312 0.174074
9 0.574479 0.407407 0.070833 0.492593
8 0.085417 0.590278 0.04375 0.20463
9 0.127344 0.569444 0.010937 0.407407
8 0.891146 0.489815 0.029167 0.107407
1 0.722135 0.501852 0.092188 0.394444
8 0.047135 0.578241 0.044271 0.234259
12 0.496094 0.531481 0.025521 0.111111
12 0.500521 0.538426 0.047917 0.24537
