1 0.879427 0.502778 0.033854 0.17963
1 0.41875 0.527778 0.076042 0.440741
1 0.398958 0.536111 0.114583 0.559259
1 0.846615 0.500463 0.048438 0.260185
1 0.752604 0.517593 0.048958 0.183333
1 0.978646 0.486111 0.038542 0.17963
1 0.700781 0.5125 0.052604 0.206481
1 0.728906 0.509722 0.049479 0.213889
1 0.852604 0.509259 0.040625 0.177778
1 0.990885 0.49213 0.065104 0.287963
9 0.574479 0.407407 0.070833 0.492593
8 0.085417 0.590278 0.04375 0.20463
9 0.127344 0.569444 0.010937 0.407407
8 0.8875 0.489815 0.029167 0.107407
8 0.041927 0.581019 0.044271 0.234259
12 0.478906 0.543981 0.031771 0.121296
