1 0.695312 0.503241 0.061458 0.302778
1 0.655469 0.518519 0.065104 0.27963
1 0.733594 0.515278 0.066146 0.286111
1 0.845573 0.502778 0.071354 0.27963
1 0.788802 0.518981 0.052604 0.230556
1 0.679167 0.508796 0.071875 0.367593
1 0.745313 0.535185 0.092708 0.403704
1 0.615625 0.527778 0.071875 0.377778
1 0.995312 0.483796 0.03125 0.182407
1 0.910156 0.581019 0.054688 0.191667
1 0.858854 0.560185 0.063542 0.181481
9 0.574479 0.407407 0.070833 0.492593
8 0.085417 0.590278 0.04375 0.20463
9 0.127344 0.569444 0.010937 0.407407
8 0.890625 0.489815 0.029167 0.107407
1 0.754948 0.508796 0.079687 0.369444
8 0.047135 0.578241 0.044271 0.234259
12 0.497656 0.532407 0.025521 0.111111
12 0.530729 0.541667 0.044792 0.238889
12 0.424219 0.534722 0.071354 0.265741
