1 0.978646 0.485185 0.028125 0.174074
1 0.803385 0.510185 0.054688 0.177778
1 0.233854 0.545833 0.120833 0.539815
1 0.728646 0.508796 0.065625 0.306481
1 0.617969 0.514352 0.036979 0.171296
1 0.947917 0.487963 0.042708 0.2
1 0.967708 0.49537 0.039583 0.198148
1 0.858073 0.502778 0.048438 0.25
1 0.904687 0.497685 0.0625 0.252778
1 0.719271 0.5125 0.036458 0.167593
9 0.574479 0.407407 0.070833 0.492593
8 0.085417 0.590278 0.04375 0.20463
9 0.127344 0.569444 0.010937 0.407407
8 0.886198 0.489815 0.026562 0.107407
8 0.040885 0.579167 0.044271 0.234259
12 0.526563 0.531944 0.063542 0.252778
12 0.451042 0.540741 0.027083 0.122222
