1 0.973177 0.486574 0.029687 0.176852
1 0.00026 0.581944 0.224479 0.960185
1 0.781771 0.507407 0.034375 0.17963
1 0.184896 0.553241 0.13125 0.563889
1 0.707031 0.5125 0.065104 0.317593
1 0.936458 0.492593 0.045833 0.203704
1 1.009896 0.498148 0.046875 0.201852
1 0.96276 0.494907 0.041146 0.202778
1 0.884635 0.503704 0.068229 0.251852
1 0.921354 0.493056 0.075 0.256481
1 0.705208 0.512037 0.036458 0.164815
9 0.574479 0.407407 0.070833 0.492593
8 0.085417 0.590278 0.04375 0.20463
9 0.127344 0.569444 0.010937 0.407407
8 0.885677 0.489815 0.025521 0.107407
8 0.040365 0.578241 0.044271 0.234259
12 0.526302 0.524074 0.023438 0.081481
12 0.504687 0.530556 0.059375 0.253704
12 0.439323 0.538889 0.028646 0.125926
