1 0.61276 0.375463 0.031771 0.137963
1 0.439583 0.375463 0.030208 0.160185
1 0.16224 0.497222 0.141146 0.501852
1 0.491146 0.374537 0.029167 0.143519
1 0.596094 0.350463 0.019271 0.082407
1 0.68724 0.403241 0.043229 0.276852
1 0.34974 0.364815 0.020313 0.098148
1 0.671615 0.402315 0.042188 0.241667
1 0.529687 0.352315 0.014583 0.060185
1 0.209635 0.421759 0.032813 0.225
10 0.272396 0.477315 0.123958 0.141667
10 0.007812 0.621296 0.148958 0.27963
10 0.126042 0.601852 0.084375 0.231481
1 0.186719 0.35463 0.022396 0.098148
1 0.179948 0.349537 0.014063 0.069444
1 0.552604 0.346759 0.010417 0.039815
1 0.539844 0.342593 0.010937 0.044444
7 0.482552 0.375 0.023438 0.07037
7 0.5 0.378241 0.022917 0.069444
10 0.009375 0.403241 0.083333 0.100926
1 0.333594 0.35463 0.015104 0.066667
10 1.042969 0.474537 0.291146 0.223148
1 0.384375 0.353704 0.0125 0.059259
1 0.374479 0.354167 0.0125 0.060185
8 0.801823 0.337963 0.023438 0.12037
8 0.827865 0.3375 0.025521 0.128704
8 0.851042 0.339815 0.027083 0.12037
