1 0.625781 0.351389 0.031771 0.134259
1 0.450521 0.356019 0.03125 0.163889
1 0.097656 0.527315 0.167187 0.628704
1 0.491667 0.357407 0.029167 0.144444
1 0.621354 0.338889 0.026042 0.092593
1 0.729167 0.388889 0.046875 0.322222
1 0.375521 0.347222 0.019792 0.1
1 0.710938 0.3875 0.045833 0.278704
1 0.550521 0.325463 0.014583 0.060185
1 0.195833 0.404167 0.032292 0.25463
10 0.259635 0.47963 0.144271 0.162963
10 0.029687 0.640741 0.120833 0.288889
1 0.178125 0.332407 0.021875 0.103704
1 0.160938 0.33287 0.014583 0.067593
1 0.1625 0.328704 0.014583 0.074074
1 0.575781 0.323611 0.009896 0.047222
1 0.560937 0.316667 0.010417 0.051852
7 0.498958 0.353704 0.022917 0.072222
7 0.518229 0.358796 0.022917 0.073148
1 0.338542 0.331019 0.016667 0.065741
1 0.403646 0.330556 0.0125 0.059259
1 0.395833 0.327315 0.0125 0.060185
8 0.839844 0.315741 0.025521 0.127778
8 0.867708 0.31713 0.030208 0.128704
8 0.894792 0.312963 0.026042 0.124074
