1 0.539062 0.403704 0.036458 0.159259
1 0.481771 0.383333 0.026042 0.122222
1 0.435937 0.374537 0.020833 0.115741
1 0.989323 0.566204 0.100521 0.550926
1 0.059375 0.433796 0.057292 0.230556
1 0.327865 0.39537 0.038021 0.140741
1 0.474479 0.382407 0.021875 0.109259
1 0.015104 0.446296 0.042708 0.17963
1 0.495052 0.374537 0.015104 0.09537
10 0.324219 0.437037 0.057812 0.075926
1 0.19401 0.399537 0.025521 0.121296
1 0.595052 0.388889 0.029687 0.159259
1 0.532813 0.377315 0.016667 0.106481
1 0.289583 0.384259 0.016667 0.096296
1 0.277865 0.387037 0.014063 0.077778
1 0.319531 0.383796 0.017188 0.09537
10 0.347917 0.406944 0.0375 0.050926
10 0.341146 0.416204 0.040625 0.05463
1 0.444531 0.363426 0.013021 0.063889
1 0.107031 0.374537 0.010937 0.062037
1 0.132552 0.394444 0.017188 0.094444
7 0.396354 0.371759 0.017708 0.04537
7 0.405208 0.375926 0.015625 0.044444
10 0.136719 0.410185 0.049479 0.05
1 0.136198 0.375926 0.011979 0.059259
10 0.158333 0.3875 0.032292 0.05463
10 0.699219 0.315278 0.291146 0.223148
7 0.819792 0.396759 0.030208 0.136111
