1 0.617448 0.351389 0.031771 0.136111
1 0.441146 0.34537 0.03125 0.162963
1 0.021354 0.566204 0.192708 0.686111
1 0.477083 0.352778 0.029167 0.144444
1 0.624219 0.337963 0.021354 0.094444
1 0.738281 0.396759 0.050521 0.339815
1 0.375521 0.334722 0.020833 0.099074
1 0.717448 0.393056 0.046354 0.291667
1 0.545833 0.324537 0.014583 0.060185
1 0.172917 0.406944 0.058333 0.265741
10 0.234375 0.477315 0.155208 0.178704
1 0.155208 0.328241 0.021875 0.106481
1 0.140104 0.32037 0.014583 0.074074
1 0.147135 0.318981 0.015104 0.076852
1 0.570312 0.32037 0.010417 0.046296
1 0.557292 0.324074 0.011458 0.057407
7 0.49401 0.344907 0.023438 0.075
7 0.5125 0.351389 0.022917 0.075
1 0.324219 0.326389 0.017188 0.065741
1 0.403125 0.332407 0.0125 0.059259
1 0.391667 0.325463 0.0125 0.060185
8 0.848177 0.310648 0.026562 0.134259
8 0.876563 0.311111 0.03125 0.135185
8 0.905208 0.308333 0.027083 0.12963
