1 0.751042 0.56713 0.111458 0.463889
1 0.497396 0.470833 0.036458 0.156481
1 0.409635 0.441667 0.022396 0.111111
1 0.041667 0.496296 0.044792 0.192593
1 0.282552 0.44213 0.018229 0.082407
1 0.06276 0.477778 0.039062 0.181481
1 0.269271 0.449537 0.025 0.119444
1 0.384375 0.446759 0.019792 0.10463
1 -0.001823 0.500926 0.035937 0.187037
1 0.37474 0.43287 0.018229 0.086111
10 0.239323 0.479167 0.055729 0.067593
10 0.214323 0.626852 0.104688 0.435185
1 0.076042 0.475926 0.025 0.12963
1 0.444531 0.437037 0.021354 0.107407
1 0.410417 0.437037 0.017708 0.098148
1 0.182031 0.439815 0.010937 0.061111
1 0.163802 0.439352 0.009896 0.05463
1 0.174219 0.441204 0.010937 0.050926
1 0.33125 0.429167 0.013542 0.063889
10 0.576823 0.3625 0.291146 0.223148
7 0.648958 0.449537 0.020833 0.106481
