1 0.540625 0.397685 0.033333 0.149074
1 0.475521 0.37963 0.021875 0.12037
1 0.435417 0.379167 0.020833 0.119444
1 0.951562 0.579167 0.123958 0.580556
1 0.04401 0.431944 0.059896 0.234259
1 0.339323 0.3875 0.033854 0.139815
1 0.477083 0.381481 0.021875 0.111111
1 0.005729 0.443981 0.0375 0.180556
1 0.492188 0.370833 0.017708 0.097222
10 0.319531 0.431481 0.060937 0.077778
1 0.186198 0.396759 0.025521 0.121296
1 0.598958 0.385185 0.03125 0.164815
1 0.5375 0.375926 0.015625 0.107407
1 0.288021 0.379167 0.019792 0.099074
1 0.272656 0.38287 0.014063 0.082407
1 0.313281 0.383796 0.017188 0.099074
10 0.331771 0.405093 0.0375 0.050926
10 0.340104 0.415278 0.040625 0.05463
1 0.446875 0.360185 0.013542 0.062963
1 0.10026 0.369907 0.010937 0.062037
1 0.129167 0.3875 0.017708 0.09537
7 0.396354 0.37037 0.01875 0.048148
7 0.405729 0.37037 0.015625 0.044444
10 0.133073 0.401852 0.049479 0.05
1 0.129427 0.375926 0.011979 0.059259
10 0.152083 0.3875 0.032292 0.05463
10 0.702865 0.3125 0.291146 0.223148
7 0.834375 0.390741 0.032292 0.142593
