1 0.638021 0.372222 0.029167 0.131481
1 0.43776 0.376852 0.032813 0.162963
1 0.478385 0.38287 0.028646 0.149074
1 0.784115 0.38287 0.051562 0.20463
1 0.588021 0.351389 0.015625 0.063889
1 0.007031 0.380093 0.026562 0.113889
1 0.630469 0.347222 0.015104 0.057407
1 0.610938 0.352315 0.014583 0.067593
7 0.531771 0.391667 0.034375 0.109259
7 0.560156 0.400926 0.032813 0.103704
1 0.353906 0.344907 0.013021 0.052778
1 0.365365 0.350463 0.011979 0.049074
1 0.378906 0.348611 0.011979 0.049074
1 0.418229 0.359722 0.01875 0.056481
