1 0.608073 0.353704 0.033854 0.148148
1 0.517708 0.340741 0.029167 0.137037
1 0.502083 0.35 0.032292 0.159259
1 0.813542 0.5875 0.123958 0.682407
1 0.959375 0.586574 0.130208 0.721296
1 0.359115 0.353704 0.046354 0.198148
1 0.529167 0.339352 0.022917 0.121296
1 0.554948 0.314352 0.010937 0.043519
1 0.020833 0.370833 0.038542 0.180556
1 0.580208 0.335648 0.028125 0.128704
10 0.308854 0.402778 0.092708 0.096296
1 0.298438 0.330556 0.025 0.105556
1 0.588542 0.336111 0.020833 0.116667
1 0.638542 0.331944 0.017708 0.106481
1 0.264844 0.341667 0.030729 0.159259
1 0.247396 0.35 0.021875 0.137037
1 0.495573 0.334259 0.020313 0.094444
1 0.471615 0.33287 0.021354 0.10463
1 0.370573 0.344907 0.022396 0.117593
10 0.398438 0.361111 0.05 0.059259
10 0.365104 0.37963 0.06875 0.075926
1 0.133333 0.310185 0.013542 0.068519
1 0.146094 0.335185 0.022396 0.112963
7 0.479167 0.327778 0.01875 0.05
7 0.504948 0.33287 0.017188 0.049074
10 0.158854 0.356944 0.05625 0.05463
1 0.152344 0.318056 0.017188 0.071296
10 0.189844 0.331481 0.044271 0.068519
1 0.433854 0.313426 0.011458 0.056481
1 0.41849 0.312963 0.008854 0.061111
10 0.804427 0.296759 0.291146 0.223148
1 0.398698 0.319907 0.011979 0.052778
1 0.388021 0.317593 0.011458 0.053704
