1 0.601042 0.332407 0.027083 0.127778
1 0.416146 0.332407 0.032292 0.161111
1 0.457292 0.339815 0.029167 0.146296
1 0.615885 0.314815 0.025521 0.103704
1 0.742969 0.384259 0.055729 0.372222
1 0.366146 0.322222 0.020833 0.103704
1 0.719531 0.376852 0.049479 0.32037
1 0.528385 0.307407 0.014063 0.064815
1 0.105469 0.397222 0.054688 0.288889
10 0.184896 0.4875 0.180208 0.206481
1 0.103385 0.325463 0.022396 0.110185
1 0.103646 0.318519 0.015625 0.081481
1 0.126042 0.306019 0.015625 0.078704
1 0.55625 0.305093 0.0125 0.052778
1 0.542969 0.300926 0.010937 0.051852
7 0.479427 0.336111 0.023438 0.081481
7 0.495833 0.343519 0.025 0.07963
1 0.385417 0.314815 0.0125 0.059259
8 0.857292 0.305556 0.028125 0.144444
8 0.88724 0.30463 0.032813 0.146296
8 0.917187 0.303241 0.028125 0.137963
1 0.336979 0.293981 0.010417 0.037963
1 0.342708 0.29537 0.010417 0.042593
