1 0.601302 0.380093 0.030729 0.134259
1 0.429688 0.380556 0.03125 0.151852
1 0.19375 0.469907 0.125 0.458333
1 0.489323 0.379167 0.026562 0.139815
1 0.576042 0.355556 0.020833 0.077778
1 0.660417 0.397222 0.05625 0.257407
1 0.329948 0.371759 0.020313 0.097222
1 0.646094 0.397685 0.035937 0.223148
1 0.515104 0.348148 0.014583 0.059259
1 0.218229 0.406019 0.034375 0.193519
10 0.275 0.469907 0.115625 0.132407
10 0.077344 0.596759 0.229687 0.24537
1 0.539323 0.346759 0.010937 0.037963
1 0.519531 0.346296 0.009896 0.05
7 0.46849 0.375926 0.023438 0.07037
7 0.48776 0.369907 0.023438 0.067593
10 0.010417 0.393981 0.083333 0.100926
1 0.332552 0.353704 0.015104 0.066667
1 0.303906 0.349074 0.018229 0.075926
10 0.989323 0.455093 0.291146 0.223148
1 0.369271 0.351852 0.0125 0.059259
1 0.359896 0.351389 0.0125 0.060185
8 0.782813 0.331019 0.023958 0.117593
8 0.807292 0.335185 0.023958 0.122222
8 0.823177 0.338426 0.027604 0.112037
