1 0.548438 0.416204 0.032292 0.137963
1 0.490365 0.395833 0.023438 0.130556
1 0.465625 0.386111 0.029167 0.142593
1 0.761458 0.639815 0.1125 0.653704
1 0.919792 0.635185 0.134375 0.675926
1 0.342448 0.393519 0.043229 0.166667
1 0.502344 0.395833 0.021354 0.112037
1 0.535417 0.391667 0.020833 0.114815
10 0.304688 0.439815 0.069792 0.087037
1 0.239844 0.383333 0.025521 0.111111
1 0.722396 0.45463 0.053125 0.309259
1 0.53776 0.386574 0.018229 0.097222
1 0.588542 0.393981 0.017708 0.106481
1 0.28125 0.37963 0.023958 0.12037
1 0.26849 0.386111 0.021354 0.111111
1 0.521615 0.381944 0.020313 0.091667
1 0.505208 0.380556 0.021875 0.096296
1 0.342969 0.381944 0.017188 0.100926
10 0.370312 0.410648 0.047917 0.05463
10 0.342187 0.422222 0.058333 0.068519
1 0.116406 0.347685 0.013021 0.067593
1 0.132812 0.375926 0.020833 0.105556
7 0.446354 0.384259 0.01875 0.05
7 0.460156 0.380556 0.016146 0.046296
10 0.142448 0.394907 0.052604 0.056481
1 0.147917 0.356944 0.014583 0.063889
10 0.18125 0.373148 0.041667 0.061111
1 0.388802 0.364815 0.011979 0.059259
1 0.379948 0.357407 0.009896 0.055556
10 0.75026 0.345833 0.291146 0.223148
1 0.358333 0.362963 0.0125 0.051852
7 0.960156 0.441204 0.039062 0.167593
