1 0.529948 0.400926 0.035937 0.155556
1 0.466406 0.378241 0.025521 0.123148
1 0.428385 0.381019 0.021354 0.119444
1 0.93776 0.573611 0.119271 0.571296
1 0.026823 0.435648 0.059896 0.236111
1 0.328646 0.389815 0.038542 0.146296
1 0.466146 0.375926 0.021875 0.111111
1 0.484896 0.368981 0.017708 0.097222
10 0.30599 0.430093 0.061979 0.078704
1 0.178906 0.398611 0.025521 0.121296
1 0.590104 0.384722 0.032292 0.167593
1 0.491927 0.370833 0.017188 0.089815
1 0.525781 0.374074 0.016146 0.107407
1 0.277083 0.37963 0.019792 0.101852
1 0.26224 0.383333 0.014063 0.083333
1 0.308594 0.384722 0.017188 0.100926
10 0.325521 0.404167 0.0375 0.050926
10 0.326042 0.413889 0.04375 0.055556
1 0.4375 0.360185 0.013542 0.062963
1 0.089844 0.370833 0.010937 0.062037
1 0.115885 0.387963 0.019271 0.096296
7 0.391406 0.371296 0.017188 0.048148
7 0.397917 0.371296 0.015625 0.044444
10 0.120573 0.40463 0.049479 0.05
1 0.125781 0.375926 0.011979 0.059259
10 0.148438 0.3875 0.032292 0.05463
10 0.691927 0.3125 0.291146 0.223148
7 0.827344 0.39213 0.030729 0.139815
