1 0.622396 0.372222 0.032292 0.148148
1 0.450521 0.359259 0.029167 0.142593
1 0.300781 0.425463 0.078646 0.365741
1 1.020312 0.653704 0.165625 0.753704
1 0.213542 0.391667 0.079167 0.288889
1 0.491667 0.357407 0.029167 0.12963
1 0.536198 0.336574 0.014063 0.056481
1 0.582812 0.364815 0.028125 0.157407
10 0.16276 0.500463 0.171354 0.176852
1 0.311198 0.344907 0.021354 0.100926
1 0.589063 0.368981 0.027083 0.143519
1 0.68151 0.358796 0.019271 0.113889
1 0.273438 0.361111 0.019792 0.12037
1 0.248438 0.360185 0.022917 0.12037
1 0.299219 0.37037 0.022396 0.12963
10 0.34349 0.407407 0.063021 0.081481
10 0.278646 0.439815 0.104167 0.109259
1 -0.003385 0.365278 0.026562 0.156481
1 0.511198 0.333796 0.009896 0.036111
7 0.457813 0.344907 0.025 0.056481
7 0.471875 0.350926 0.01875 0.057407
10 0.022135 0.39213 0.076563 0.067593
10 0.107031 0.361111 0.057812 0.081481
1 0.385417 0.335185 0.013542 0.061111
1 0.360938 0.33287 0.013542 0.073148
10 0.838281 0.356944 0.291146 0.223148
1 0.355729 0.337963 0.0125 0.059259
1 0.347917 0.333796 0.0125 0.060185
