1 0.698177 0.558333 0.076563 0.424074
1 0.510417 0.475463 0.035417 0.158333
1 0.417448 0.447222 0.022396 0.109259
1 0.058333 0.500463 0.042708 0.189815
1 0.079427 0.48287 0.039062 0.178704
1 0.391146 0.45463 0.020833 0.103704
1 0.021354 0.507407 0.036458 0.185185
1 0.379948 0.44213 0.017188 0.080556
10 0.250521 0.479167 0.055208 0.067593
10 0.244531 0.614815 0.095312 0.407407
1 0.086458 0.475926 0.025 0.12963
1 0.444792 0.44537 0.021875 0.103704
1 0.413281 0.44537 0.016146 0.1
1 0.209896 0.447685 0.013542 0.067593
1 0.201042 0.452315 0.010417 0.060185
1 0.185677 0.44537 0.010937 0.061111
1 0.16849 0.446759 0.009896 0.05463
1 0.179948 0.445833 0.010937 0.050926
1 0.336458 0.43287 0.013542 0.063889
10 0.580469 0.36713 0.291146 0.223148
7 0.648958 0.456019 0.020833 0.10463
