1 0.685156 0.552315 0.065104 0.393519
1 0.516927 0.477778 0.034896 0.155556
1 -0.017708 0.553241 0.094792 0.352778
1 0.422917 0.449537 0.021875 0.108333
1 0.067448 0.501852 0.042188 0.187037
1 0.088542 0.484722 0.038542 0.175
1 0.396354 0.453704 0.020833 0.103704
1 0.032031 0.504167 0.033854 0.184259
1 0.383594 0.443056 0.019271 0.086111
10 0.257552 0.480093 0.054688 0.067593
10 0.258854 0.610185 0.091667 0.396296
1 0.092188 0.477778 0.025 0.12963
1 0.447135 0.448148 0.021354 0.101852
1 0.416927 0.448611 0.015104 0.100926
1 0.216146 0.445833 0.0125 0.067593
1 0.205208 0.451389 0.010417 0.05463
1 0.190365 0.44537 0.010937 0.061111
1 0.170573 0.450463 0.009896 0.05463
1 0.182552 0.448611 0.010937 0.050926
1 0.339062 0.434722 0.013542 0.063889
10 0.583594 0.368981 0.291146 0.223148
7 0.653125 0.458333 0.020833 0.103704
