1 0.622917 0.378704 0.030208 0.133333
1 0.417187 0.387963 0.032292 0.164815
1 0.459896 0.390741 0.030208 0.153704
1 0.718229 0.387037 0.042708 0.17037
1 1.011458 0.520833 0.122917 0.691667
1 0.56276 0.35787 0.016146 0.063889
10 -0.038021 0.75463 0.221875 0.388889
1 0.013021 0.380556 0.026042 0.103704
1 0.035417 0.376389 0.025 0.108333
1 0.602344 0.35787 0.014063 0.056481
1 0.582292 0.355556 0.0125 0.059259
7 0.508594 0.39537 0.030729 0.101852
7 0.534375 0.403704 0.032292 0.096296
1 0.334635 0.358333 0.013021 0.053704
1 0.347656 0.356019 0.011979 0.04537
1 0.35 0.349537 0.013542 0.04537
1 0.360156 0.348611 0.011979 0.04537
1 0.396094 0.358796 0.015104 0.052778
