1 0.764844 0.589815 0.095312 0.535185
1 0.4875 0.474074 0.0375 0.162963
1 0.405469 0.443056 0.024479 0.113889
1 0.02526 0.492593 0.040104 0.190741
1 0.280729 0.439815 0.017708 0.083333
1 0.046354 0.476852 0.040625 0.190741
1 0.26224 0.449074 0.025521 0.118519
1 0.378906 0.447222 0.021354 0.105556
1 0.371615 0.432407 0.017188 0.087037
10 0.232292 0.476852 0.057292 0.068519
10 0.190365 0.630093 0.115104 0.480556
1 0.068229 0.472222 0.027083 0.131481
1 0.441927 0.4375 0.021354 0.108333
1 0.405469 0.436111 0.018229 0.098148
1 0.327083 0.429167 0.013542 0.063889
10 0.573177 0.3625 0.291146 0.223148
7 0.647396 0.453241 0.020833 0.106481
