1 0.591146 0.342593 0.035417 0.151852
1 0.4875 0.332407 0.03125 0.138889
1 0.469792 0.341204 0.035417 0.163889
1 0.797396 0.560185 0.119792 0.681481
1 0.940104 0.560185 0.146875 0.742593
1 0.317448 0.346759 0.053646 0.20463
1 0.503646 0.332407 0.022917 0.122222
1 0.522917 0.302778 0.011458 0.044444
1 0.556771 0.322222 0.028125 0.12963
10 0.278125 0.403704 0.096875 0.101852
1 0.278646 0.326852 0.025 0.105556
1 0.564844 0.322685 0.021354 0.119444
1 0.61875 0.322685 0.017708 0.106481
1 0.224479 0.335648 0.032292 0.165741
1 0.207812 0.347222 0.025 0.144444
1 0.446354 0.325 0.020833 0.1
1 0.438542 0.325463 0.026042 0.10463
1 0.334375 0.336574 0.022917 0.121296
10 0.37526 0.356944 0.051562 0.062037
10 0.33776 0.377315 0.068229 0.076852
1 0.08151 0.313426 0.017188 0.075
1 0.10651 0.335185 0.022396 0.116667
7 0.459375 0.319444 0.01875 0.05
7 0.478906 0.322685 0.017188 0.049074
10 0.122135 0.357407 0.061979 0.053704
1 0.115365 0.311574 0.017188 0.071296
10 0.169271 0.325463 0.045833 0.071296
1 0.403385 0.309259 0.010937 0.057407
1 0.393229 0.308333 0.009375 0.061111
10 0.78776 0.288426 0.291146 0.223148
1 0.366667 0.310648 0.011458 0.052778
1 0.357812 0.310185 0.011458 0.053704
