1 0.523698 0.407407 0.034896 0.15
1 0.463542 0.384259 0.023958 0.116667
1 0.409896 0.386574 0.020833 0.110185
1 0.998177 0.57037 0.111979 0.540741
1 0.052083 0.43287 0.054167 0.225
1 0.29401 0.396296 0.030729 0.133333
1 0.458854 0.386111 0.021875 0.107407
1 0.46901 0.378241 0.017188 0.093519
10 0.30651 0.431481 0.061979 0.068519
1 0.165104 0.400926 0.029167 0.122222
1 0.564844 0.387037 0.029687 0.148148
1 0.507031 0.378704 0.016146 0.103704
1 0.269271 0.386574 0.016667 0.099074
1 0.257812 0.385648 0.014583 0.076852
1 0.294792 0.394907 0.017708 0.091667
10 0.327083 0.406481 0.040625 0.051852
10 0.322656 0.413426 0.041146 0.052778
1 0.420833 0.368981 0.013542 0.063889
1 0.084635 0.378241 0.010937 0.062037
1 0.110677 0.39537 0.017188 0.094444
7 0.369271 0.375 0.017708 0.046296
7 0.382812 0.382407 0.015625 0.044444
10 0.116927 0.411111 0.049479 0.05
1 0.107031 0.380556 0.011979 0.059259
10 0.130208 0.396759 0.032292 0.05463
10 0.671615 0.31713 0.291146 0.223148
7 0.788542 0.40463 0.027083 0.127778
