1 0.592708 0.32963 0.034375 0.151852
1 0.452083 0.317593 0.029167 0.140741
1 0.424479 0.335185 0.038542 0.194444
1 0.849479 0.562037 0.115625 0.709259
1 0.997917 0.559259 0.152083 0.755556
1 0.233594 0.331481 0.042188 0.216667
1 0.489583 0.311111 0.023958 0.124074
1 0.510417 0.29213 0.0125 0.049074
1 0.545312 0.312037 0.030208 0.133333
10 0.236719 0.405093 0.113021 0.119444
1 0.271875 0.308333 0.025 0.105556
1 0.550781 0.314352 0.021354 0.123148
1 0.614323 0.310185 0.017188 0.109259
1 0.134375 0.342593 0.040625 0.205556
1 0.113542 0.346296 0.03125 0.181481
1 0.373958 0.315741 0.025 0.105556
1 0.366146 0.309722 0.019792 0.112037
1 0.308333 0.326389 0.022917 0.121296
10 0.351302 0.346296 0.056771 0.068519
10 0.30625 0.371296 0.078125 0.092593
1 0.020833 0.301389 0.017708 0.087963
1 0.057292 0.321296 0.027083 0.131481
7 0.440885 0.306019 0.020313 0.049074
7 0.460417 0.308333 0.017708 0.05
10 0.07474 0.347222 0.069271 0.064815
1 0.057031 0.303241 0.017188 0.071296
10 0.129688 0.3125 0.046875 0.073148
1 0.379427 0.297222 0.010937 0.059259
1 0.370833 0.287963 0.010417 0.064815
10 0.785677 0.279167 0.291146 0.223148
1 0.346354 0.307407 0.0125 0.059259
1 0.333854 0.298148 0.011458 0.053704
