1 0.596875 0.327778 0.034375 0.148148
1 0.452865 0.317593 0.028646 0.140741
1 0.425521 0.339815 0.036458 0.2
1 0.857812 0.5625 0.116667 0.712037
1 1.010677 0.555556 0.148438 0.751852
1 0.232813 0.334722 0.038542 0.219444
1 0.490104 0.313889 0.023958 0.124074
1 0.516146 0.290278 0.0125 0.049074
1 0.54974 0.310185 0.030729 0.133333
10 0.238021 0.409722 0.114583 0.121296
1 0.275521 0.310185 0.025 0.105556
1 0.554948 0.312037 0.021354 0.125926
1 0.619531 0.306481 0.017188 0.109259
1 0.131771 0.344907 0.041667 0.208333
1 0.110937 0.349074 0.033333 0.183333
1 0.373958 0.313889 0.025 0.105556
1 0.364844 0.310648 0.020313 0.112037
1 0.310937 0.324537 0.022917 0.121296
10 0.353385 0.348148 0.056771 0.068519
10 0.307292 0.375 0.078125 0.092593
1 0.023177 0.305556 0.018229 0.087037
1 0.056771 0.325926 0.028125 0.133333
7 0.440885 0.310648 0.020313 0.049074
7 0.460677 0.313426 0.018229 0.050926
10 0.074219 0.352778 0.069271 0.064815
1 0.057552 0.302315 0.017188 0.071296
10 0.132552 0.312963 0.047396 0.074074
1 0.38724 0.29537 0.010937 0.059259
1 0.372396 0.289815 0.010417 0.064815
10 0.788802 0.279167 0.291146 0.223148
1 0.35 0.30463 0.0125 0.059259
1 0.3375 0.296296 0.011458 0.053704
