1 0.590625 0.333796 0.03125 0.14537
1 0.476042 0.321296 0.028125 0.138889
1 0.465625 0.335648 0.036458 0.175
1 0.817187 0.546759 0.114583 0.676852
1 0.952604 0.542593 0.132292 0.733333
1 0.304167 0.34213 0.048958 0.206481
1 0.496354 0.32037 0.022917 0.122222
1 0.522917 0.289352 0.011458 0.04537
1 0.554688 0.3125 0.019792 0.128704
10 0.265365 0.402778 0.099479 0.103704
1 0.272396 0.323148 0.025 0.105556
1 0.56224 0.309722 0.021354 0.121296
1 0.616927 0.306944 0.018229 0.106481
1 0.207812 0.330556 0.034375 0.17037
1 0.189323 0.34537 0.028646 0.148148
1 0.434115 0.3125 0.020313 0.099074
1 0.423958 0.319444 0.028125 0.105556
1 0.333333 0.325463 0.022917 0.121296
10 0.367188 0.352315 0.052083 0.063889
10 0.327865 0.372222 0.069271 0.077778
1 0.073177 0.302778 0.017188 0.07963
1 0.095052 0.328241 0.023438 0.119444
7 0.453646 0.312037 0.01875 0.05
7 0.474219 0.310648 0.017188 0.049074
10 0.111458 0.350926 0.063542 0.053704
1 0.10599 0.303241 0.017188 0.071296
10 0.161458 0.31713 0.045833 0.071296
1 0.398698 0.298148 0.010937 0.059259
1 0.385156 0.301852 0.009896 0.061111
10 0.78099 0.281944 0.291146 0.223148
1 0.364063 0.300463 0.011458 0.05463
1 0.354167 0.296296 0.011458 0.053704
