1 0.607812 0.376852 0.032292 0.138889
1 0.435417 0.378704 0.03125 0.157407
1 0.173958 0.488426 0.134375 0.491667
1 0.489583 0.376852 0.029167 0.142593
1 0.588281 0.351852 0.020313 0.081481
1 0.675 0.398148 0.041667 0.268519
1 0.342969 0.366204 0.020313 0.097222
1 0.66224 0.400926 0.040104 0.235185
1 0.525 0.352315 0.014583 0.060185
1 0.211979 0.419444 0.032292 0.214815
10 0.273438 0.474537 0.120833 0.137963
10 0.023438 0.608796 0.153125 0.249074
10 0.140365 0.590278 0.075521 0.202778
1 0.189323 0.356481 0.022396 0.098148
1 0.547656 0.341204 0.010937 0.037963
1 0.533594 0.337963 0.010937 0.042593
7 0.476823 0.374074 0.023438 0.07037
7 0.496094 0.375463 0.023438 0.069444
10 0.009375 0.402315 0.083333 0.100926
1 0.333594 0.349074 0.015104 0.066667
10 1.024219 0.46713 0.291146 0.223148
1 0.378125 0.351852 0.0125 0.059259
1 0.367708 0.352315 0.0125 0.060185
8 0.795573 0.335648 0.023438 0.119444
8 0.821094 0.336574 0.024479 0.126852
8 0.841667 0.339352 0.027083 0.117593
