1 0.632812 0.357407 0.03125 0.138889
1 0.463542 0.35 0.030208 0.144444
1 0.165885 0.443519 0.123437 0.494444
1 1.036979 0.675463 0.167708 0.752778
1 0.220573 0.388426 0.073438 0.315741
1 0.502083 0.352778 0.029167 0.135185
1 0.553906 0.326852 0.015104 0.059259
1 0.604167 0.35787 0.030208 0.169444
10 0.13099 0.517593 0.194271 0.207407
1 0.327344 0.3375 0.021354 0.100926
1 0.607812 0.358796 0.027083 0.160185
1 0.73099 0.357407 0.018229 0.112963
1 0.232552 0.343056 0.024479 0.126852
1 0.210938 0.346296 0.023958 0.12037
1 0.511719 0.327778 0.014063 0.057407
1 0.305729 0.356019 0.021875 0.136111
10 0.34974 0.399074 0.073438 0.088889
10 0.278646 0.443056 0.111458 0.126852
1 0.526563 0.323148 0.009375 0.038889
7 0.46849 0.341667 0.027604 0.061111
7 0.48776 0.349537 0.019271 0.056481
10 0.019531 0.388426 0.076563 0.067593
10 0.103906 0.352315 0.065104 0.086111
1 0.39349 0.327778 0.015104 0.066667
1 0.373177 0.325463 0.015104 0.075
10 0.873177 0.355093 0.291146 0.223148
1 0.371875 0.327778 0.0125 0.059259
1 0.359375 0.323611 0.0125 0.060185
