1 0.507812 0.402778 0.036458 0.157407
1 0.451042 0.378704 0.027083 0.124074
1 0.408594 0.378241 0.023438 0.117593
1 0.90625 0.563889 0.10625 0.572222
1 1.022917 0.559722 0.110417 0.586111
1 0.318229 0.3875 0.034375 0.14537
1 0.453646 0.371296 0.021875 0.112963
1 0.463542 0.365741 0.016667 0.098148
10 0.284115 0.428241 0.064062 0.080556
1 0.157031 0.399537 0.025521 0.121296
1 0.57526 0.385185 0.033854 0.172222
1 0.472135 0.369907 0.017188 0.089815
1 0.50651 0.372222 0.017188 0.107407
1 0.254167 0.380093 0.019792 0.106481
1 0.23776 0.384722 0.014063 0.086111
1 0.289323 0.3875 0.017188 0.100926
10 0.315104 0.402315 0.0375 0.050926
10 0.302865 0.4125 0.048438 0.056481
1 0.420833 0.360185 0.013542 0.062963
1 0.070052 0.373148 0.010937 0.062963
1 0.09375 0.389352 0.020833 0.099074
7 0.368229 0.368519 0.01875 0.048148
7 0.384896 0.372222 0.015625 0.044444
10 0.09974 0.409259 0.049479 0.05
1 0.098177 0.377778 0.011979 0.059259
10 0.122656 0.388889 0.035937 0.053704
10 0.673698 0.3125 0.291146 0.223148
7 0.813021 0.392593 0.029167 0.142593
