1 1.01875 0.689815 0.139583 0.761111
1 0.45651 0.451852 0.036979 0.159259
1 0.386458 0.426852 0.023958 0.116667
1 0.293229 0.417593 0.017708 0.090741
1 0.98099 0.588426 0.092188 0.458333
1 -0.00026 0.463889 0.041146 0.198148
1 0.222656 0.426389 0.023438 0.123148
1 0.364063 0.421296 0.021875 0.107407
1 0.365104 0.417593 0.01875 0.090741
10 0.21849 0.461574 0.058854 0.071296
10 0.038021 0.652315 0.142708 0.676852
1 0.043229 0.455093 0.030208 0.134259
1 0.44375 0.422685 0.020833 0.113889
1 0.397396 0.419907 0.016667 0.102778
1 0.177865 0.415278 0.018229 0.084259
1 0.166146 0.423611 0.014583 0.071296
1 0.196354 0.427315 0.017708 0.087963
1 0.321354 0.406019 0.013542 0.063889
7 0.26276 0.416204 0.019271 0.04537
7 0.275521 0.416667 0.015625 0.044444
10 0.56849 0.352315 0.291146 0.223148
7 0.653646 0.436574 0.021875 0.113889
