1 0.473958 0.396296 0.033333 0.15
1 0.418229 0.378241 0.027083 0.128704
1 0.386198 0.373611 0.024479 0.126852
1 0.776823 0.593981 0.101562 0.606481
1 0.914583 0.590741 0.141667 0.62963
1 0.284115 0.375463 0.032813 0.156481
1 0.426823 0.378241 0.020313 0.113889
1 0.444271 0.365741 0.023958 0.112963
10 0.245573 0.426852 0.069271 0.087037
1 0.135937 0.379167 0.028125 0.119444
1 0.585677 0.400463 0.038021 0.215741
1 0.4625 0.373148 0.016667 0.096296
1 0.496354 0.371759 0.017708 0.106481
1 0.214844 0.364352 0.021354 0.113889
1 0.203906 0.374537 0.016146 0.087963
1 0.482812 0.365278 0.020833 0.086111
1 0.458073 0.372222 0.022396 0.090741
1 0.277344 0.38287 0.017188 0.100926
10 0.295833 0.400463 0.040625 0.056481
10 0.269792 0.409259 0.055208 0.064815
1 0.404687 0.354167 0.013542 0.063889
1 0.03151 0.345833 0.013021 0.065741
1 0.046875 0.36713 0.020833 0.099074
7 0.357292 0.365741 0.01875 0.05
7 0.369271 0.362963 0.015625 0.044444
10 0.057292 0.384722 0.053125 0.049074
1 0.067708 0.358796 0.014583 0.063889
10 0.097396 0.370833 0.038542 0.058333
10 0.663281 0.318981 0.291146 0.223148
7 0.823437 0.4125 0.035417 0.160185
