1 0.625521 0.325 0.034375 0.15
1 0.46875 0.316667 0.029167 0.140741
1 0.41849 0.34537 0.047396 0.218519
1 0.929427 0.574537 0.136979 0.737963
1 0.222396 0.347685 0.053125 0.234259
1 0.504167 0.320833 0.028125 0.123148
1 0.536719 0.291667 0.011979 0.053704
1 0.576042 0.315741 0.021875 0.142593
10 0.2375 0.425926 0.123958 0.135185
1 0.298177 0.316204 0.024479 0.10463
1 0.579948 0.31713 0.021354 0.136111
1 0.648698 0.309259 0.019271 0.111111
1 0.09974 0.356481 0.059896 0.240741
1 0.073958 0.36713 0.046875 0.20463
1 0.364323 0.3125 0.021354 0.106481
1 0.351302 0.316204 0.023438 0.110185
1 0.318229 0.329167 0.022917 0.121296
10 0.363542 0.358333 0.057292 0.07037
10 0.314583 0.383333 0.085417 0.094444
1 0.023438 0.304167 0.017708 0.093519
1 0.054688 0.330093 0.028125 0.134259
7 0.459635 0.308796 0.020313 0.049074
7 0.473177 0.316204 0.018229 0.05463
10 0.07526 0.353704 0.069271 0.064815
1 0.057552 0.305093 0.017188 0.071296
10 0.14349 0.319907 0.050521 0.076852
1 0.399219 0.296296 0.010937 0.059259
1 0.383854 0.294907 0.011458 0.065741
10 0.815365 0.290278 0.291146 0.223148
1 0.3625 0.307407 0.0125 0.059259
1 0.355208 0.293519 0.011458 0.053704
