1 0.609896 0.373611 0.029167 0.134259
1 0.436979 0.373148 0.03125 0.151852
1 0.210417 0.459259 0.0875 0.45
1 0.493229 0.375463 0.022917 0.137963
1 0.575521 0.344444 0.019792 0.074074
1 0.65599 0.391204 0.035937 0.247222
1 0.330208 0.365278 0.020833 0.09537
1 0.639062 0.391667 0.034375 0.216667
1 0.005729 0.38287 0.039583 0.14537
1 0.514323 0.344444 0.014063 0.061111
1 0.23099 0.393981 0.033854 0.178704
10 0.290365 0.461111 0.105729 0.122222
10 0.101562 0.572685 0.230208 0.226852
1 0.539323 0.34213 0.010937 0.037963
1 0.523698 0.341667 0.008854 0.044444
7 0.470573 0.366667 0.023438 0.07037
7 0.490885 0.36713 0.023438 0.067593
10 0.019271 0.389352 0.083333 0.100926
1 0.341406 0.346296 0.015104 0.066667
1 0.316146 0.348611 0.01875 0.076852
10 0.976823 0.4375 0.291146 0.223148
1 0.370312 0.349074 0.0125 0.059259
1 0.359375 0.347685 0.0125 0.060185
8 0.772917 0.327315 0.023958 0.115741
8 0.796354 0.334259 0.022917 0.118519
