1 0.620313 0.374074 0.032292 0.148148
1 0.448958 0.362037 0.029167 0.142593
1 0.303385 0.425 0.077604 0.361111
1 1.01901 0.649537 0.167187 0.75463
1 0.210156 0.393981 0.079687 0.282407
1 0.489583 0.359259 0.029167 0.12963
1 0.534115 0.340741 0.014063 0.057407
1 0.578646 0.366667 0.027083 0.157407
10 0.163021 0.500926 0.169792 0.175926
1 0.310156 0.345833 0.021354 0.100926
1 0.585156 0.369907 0.026562 0.143519
1 0.677604 0.361574 0.01875 0.113889
1 0.272396 0.362037 0.019792 0.12037
1 0.247917 0.361111 0.022917 0.12037
1 0.297656 0.37037 0.022396 0.12963
10 0.342187 0.409259 0.061458 0.081481
10 0.278125 0.441204 0.103125 0.108333
1 -0.003906 0.368519 0.026562 0.155556
1 0.510156 0.333796 0.009896 0.036111
7 0.457031 0.345833 0.024479 0.056481
7 0.469792 0.352778 0.01875 0.057407
10 0.020573 0.393056 0.076563 0.067593
10 0.105469 0.361111 0.057812 0.081481
1 0.383333 0.337963 0.013542 0.061111
1 0.358854 0.334722 0.013542 0.073148
10 0.835156 0.35787 0.291146 0.223148
1 0.354167 0.338889 0.0125 0.059259
1 0.345833 0.334722 0.0125 0.060185
