1 0.674479 0.525926 0.048958 0.296296
1 0.621354 0.494444 0.038542 0.162963
1 0.191146 0.527778 0.059375 0.248148
1 0.508854 0.467593 0.023958 0.112963
1 0.088021 0.510185 0.044792 0.183333
1 0.200521 0.500926 0.034375 0.17963
1 0.132812 0.50787 0.033333 0.165741
1 0.482292 0.468519 0.020833 0.1
1 0.167187 0.50463 0.034375 0.175926
1 0.459635 0.457407 0.014063 0.07963
10 0.351302 0.486111 0.050521 0.059259
10 0.396354 0.57963 0.073958 0.305556
1 0.01849 0.458333 0.018229 0.074074
1 0.198177 0.477778 0.026562 0.124074
1 0.495312 0.460185 0.015625 0.094444
1 0.30625 0.455093 0.011458 0.062037
1 0.297656 0.460185 0.010937 0.055556
1 0.316927 0.458796 0.011979 0.069444
1 0.285938 0.454167 0.011458 0.058333
1 0.271094 0.453241 0.010937 0.058333
1 0.258594 0.454167 0.013021 0.056481
10 0.659115 0.381944 0.291146 0.223148
10 0.053125 0.516667 0.111458 0.085185
7 0.721094 0.476389 0.021354 0.099074
