1 0.5125 0.402778 0.036458 0.157407
1 0.454167 0.378704 0.027083 0.124074
1 0.413542 0.377778 0.023958 0.114815
1 0.913281 0.563889 0.107812 0.57037
1 1.031771 0.563889 0.115625 0.585185
1 0.003646 0.439352 0.060417 0.237963
1 0.323698 0.388889 0.038021 0.142593
1 0.455729 0.371759 0.021875 0.112037
1 0.467969 0.366204 0.017188 0.097222
10 0.288542 0.428241 0.063542 0.080556
1 0.16276 0.399537 0.025521 0.121296
1 0.578125 0.385185 0.033333 0.172222
1 0.476302 0.369907 0.017188 0.089815
1 0.510156 0.372685 0.017188 0.106481
1 0.259896 0.37963 0.019792 0.105556
1 0.242708 0.384722 0.013542 0.086111
1 0.29401 0.386574 0.017188 0.100926
10 0.317188 0.402315 0.0375 0.050926
10 0.307552 0.412963 0.047396 0.055556
1 0.424479 0.360185 0.013542 0.062963
1 0.07474 0.372222 0.010937 0.062963
1 0.097917 0.388889 0.020833 0.098148
7 0.372656 0.368981 0.018229 0.047222
7 0.388021 0.372222 0.015625 0.044444
10 0.103906 0.408333 0.049479 0.05
1 0.103906 0.377778 0.011979 0.059259
10 0.127865 0.388426 0.034896 0.05463
10 0.677344 0.3125 0.291146 0.223148
7 0.816146 0.392593 0.029167 0.140741
