1 0.601562 0.35 0.03125 0.140741
1 0.507552 0.337037 0.024479 0.137037
1 0.493229 0.348148 0.033333 0.162963
1 0.804688 0.56713 0.125 0.660185
1 0.955729 0.560648 0.133333 0.736111
1 0.348438 0.353241 0.040625 0.199074
1 0.520833 0.338889 0.022917 0.122222
1 0.546354 0.3125 0.011458 0.043519
1 0.573177 0.33287 0.025521 0.128704
10 0.301042 0.402315 0.09375 0.097222
1 0.293229 0.330556 0.025 0.105556
1 0.58125 0.334259 0.020833 0.116667
1 0.632292 0.330093 0.017708 0.106481
1 0.253906 0.340278 0.030729 0.160185
1 0.236719 0.35 0.021354 0.138889
1 0.482812 0.333333 0.020833 0.096296
1 0.46224 0.33287 0.021354 0.10463
1 0.361719 0.343519 0.022396 0.118519
10 0.391406 0.361111 0.050521 0.059259
10 0.359635 0.380093 0.068229 0.076852
1 0.123177 0.309722 0.017188 0.071296
1 0.138542 0.336111 0.022917 0.114815
7 0.471875 0.326852 0.01875 0.05
7 0.499219 0.330093 0.017188 0.049074
10 0.151562 0.357407 0.057292 0.053704
1 0.141927 0.318056 0.017188 0.071296
10 0.184375 0.331019 0.044792 0.069444
1 0.428646 0.311574 0.011458 0.056481
1 0.413281 0.312963 0.008854 0.061111
10 0.799219 0.296759 0.291146 0.223148
1 0.390885 0.318056 0.011979 0.052778
1 0.379688 0.316667 0.011458 0.053704
