1 0.567969 0.390278 0.034896 0.14537
1 0.509896 0.375926 0.025 0.131481
1 0.484375 0.373148 0.029167 0.146296
1 0.776042 0.603704 0.111458 0.644444
1 0.910677 0.612963 0.159896 0.696296
1 0.360938 0.375926 0.045833 0.177778
1 0.520052 0.371759 0.021354 0.119444
1 0.01849 0.388426 0.041146 0.180556
1 0.557552 0.368519 0.019271 0.112963
10 0.314063 0.414815 0.077083 0.087037
1 0.266927 0.361111 0.025521 0.111111
1 0.782031 0.446759 0.065104 0.371296
1 0.561979 0.369907 0.01875 0.102778
1 0.611458 0.368056 0.017708 0.106481
1 0.291667 0.359722 0.025 0.123148
1 0.277865 0.363426 0.021354 0.110185
1 0.523698 0.366667 0.020313 0.092593
1 0.509896 0.364815 0.021875 0.096296
1 0.360156 0.367593 0.019271 0.103704
10 0.389844 0.389352 0.047396 0.060185
10 0.358854 0.403704 0.058333 0.07037
1 0.136979 0.331481 0.014583 0.068519
1 0.15 0.35463 0.020833 0.105556
7 0.469271 0.355556 0.01875 0.05
7 0.484635 0.360648 0.017188 0.049074
10 0.160677 0.370833 0.052604 0.056481
1 0.165104 0.336574 0.014583 0.063889
10 0.200521 0.35463 0.041667 0.061111
1 0.413802 0.34537 0.011979 0.059259
1 0.402604 0.343981 0.009375 0.058333
10 0.77474 0.329167 0.291146 0.223148
1 0.38125 0.347685 0.0125 0.052778
1 0.369531 0.346759 0.010937 0.050926
