1 0.642708 0.384722 0.029167 0.128704
1 0.441667 0.39537 0.032292 0.166667
1 0.478385 0.399537 0.028646 0.150926
1 0.774479 0.393981 0.039583 0.186111
1 0.590365 0.363426 0.016146 0.063889
1 0.004948 0.390278 0.022396 0.115741
1 0.031771 0.393519 0.026042 0.114815
1 0.629167 0.361111 0.014583 0.062963
1 0.610677 0.3625 0.014063 0.067593
7 0.531771 0.40463 0.034375 0.109259
7 0.55599 0.402315 0.031771 0.102778
1 0.359115 0.363426 0.013021 0.052778
1 0.36875 0.363426 0.011458 0.047222
1 0.381771 0.354167 0.011458 0.047222
1 0.417708 0.363889 0.015625 0.055556
