1 0.785417 0.59537 0.0875 0.551852
1 0.48125 0.473611 0.036458 0.160185
1 0.403125 0.442593 0.022917 0.112963
1 0.013802 0.490741 0.039062 0.194444
1 0.282292 0.437037 0.017708 0.085185
1 0.038281 0.475926 0.042188 0.192593
1 0.258073 0.449074 0.026562 0.118519
1 0.37526 0.447222 0.021354 0.105556
1 0.36875 0.43287 0.017708 0.087963
10 0.228125 0.475 0.057292 0.068519
10 0.175521 0.631019 0.121875 0.510185
1 0.063281 0.469444 0.028646 0.133333
1 0.440365 0.438426 0.021354 0.108333
1 0.402344 0.437037 0.018229 0.098148
1 0.325 0.429167 0.013542 0.063889
10 0.570052 0.3625 0.291146 0.223148
7 0.646354 0.456019 0.020833 0.106481
