1 0.610417 0.381944 0.032292 0.14537
1 0.447396 0.365741 0.029167 0.140741
1 0.320833 0.416667 0.06875 0.32037
1 0.989583 0.630556 0.158333 0.727778
1 0.203646 0.397222 0.076042 0.287037
1 0.481771 0.368519 0.028125 0.127778
1 0.519792 0.343981 0.013542 0.056481
1 0.560937 0.373611 0.027083 0.156481
10 0.171615 0.494444 0.157812 0.162963
1 0.297135 0.356019 0.021354 0.100926
1 0.569271 0.375 0.025 0.144444
1 0.655208 0.365741 0.021875 0.114815
1 0.279167 0.363889 0.019792 0.12037
1 0.2625 0.362963 0.022917 0.12037
1 0.289844 0.367593 0.022396 0.12963
10 0.339844 0.410648 0.058854 0.076852
10 0.276823 0.443056 0.101562 0.106481
1 -0.008333 0.366204 0.027083 0.14537
1 0.501823 0.338889 0.009896 0.035185
7 0.448698 0.352778 0.023438 0.053704
7 0.460417 0.362037 0.01875 0.057407
10 0.021094 0.398611 0.076563 0.067593
10 0.09401 0.361111 0.057812 0.081481
1 0.376302 0.343519 0.010937 0.059259
1 0.357292 0.339352 0.0125 0.069444
10 0.820052 0.3625 0.291146 0.223148
1 0.343229 0.343519 0.0125 0.059259
1 0.332031 0.341204 0.011979 0.060185
