1 0.460417 0.443519 0.03125 0.15
1 0.404687 0.419907 0.021875 0.112037
1 0.325521 0.419444 0.01875 0.098148
1 0.946615 0.604167 0.113021 0.523148
1 -0.002604 0.461574 0.05 0.215741
1 0.206771 0.432407 0.028125 0.131481
1 0.385937 0.422222 0.020833 0.107407
1 0.389583 0.414352 0.020833 0.097222
10 0.238802 0.460648 0.059896 0.075
1 0.072917 0.446759 0.030208 0.134259
1 0.480729 0.418056 0.023958 0.134259
1 0.426823 0.416204 0.016146 0.102778
1 0.190104 0.418519 0.017708 0.087037
1 0.186458 0.422222 0.013542 0.074074
1 0.216667 0.419907 0.017708 0.087963
10 0.251042 0.444444 0.040625 0.051852
1 0.340625 0.403241 0.013542 0.063889
1 0.01875 0.431019 0.017708 0.100926
7 0.291146 0.415741 0.01875 0.048148
7 0.297917 0.411111 0.015625 0.044444
10 0.026302 0.443981 0.042188 0.050926
10 0.595573 0.347685 0.291146 0.223148
7 0.684375 0.427315 0.023958 0.121296
