1 0.635938 0.356481 0.03125 0.142593
1 0.4625 0.347222 0.029167 0.144444
1 0.254427 0.431481 0.098437 0.422222
1 1.029427 0.675926 0.173437 0.746296
1 0.220312 0.387963 0.078125 0.309259
1 0.502083 0.349074 0.029167 0.131481
1 0.554167 0.328241 0.014583 0.058333
1 0.601042 0.355093 0.029167 0.160185
10 0.154688 0.502315 0.182292 0.189815
1 0.322656 0.3375 0.021354 0.100926
1 0.60651 0.364352 0.024479 0.150926
1 0.713281 0.347685 0.021354 0.113889
1 0.264583 0.350463 0.021875 0.123148
1 0.241667 0.351852 0.022917 0.12037
1 0.308333 0.362037 0.021875 0.135185
10 0.351562 0.396759 0.071875 0.082407
10 0.282031 0.433796 0.107812 0.119444
1 -0.001302 0.361111 0.026562 0.151852
1 0.520833 0.328241 0.009375 0.037963
7 0.465885 0.344444 0.026562 0.059259
7 0.484896 0.349074 0.01875 0.057407
10 0.026823 0.3875 0.076563 0.067593
10 0.113281 0.35787 0.065104 0.080556
1 0.395313 0.326852 0.015625 0.064815
1 0.372396 0.322685 0.015625 0.073148
10 0.86224 0.349537 0.291146 0.223148
1 0.370833 0.332407 0.0125 0.059259
1 0.359375 0.328241 0.0125 0.060185
