1 0.665625 0.536111 0.0625 0.324074
1 0.569271 0.486111 0.038542 0.162963
1 0.098698 0.548148 0.082812 0.287037
1 0.463542 0.458333 0.023958 0.112963
1 0.016927 0.513426 0.045312 0.191667
1 0.136458 0.503704 0.035417 0.185185
1 0.0625 0.511574 0.033333 0.173148
1 0.147917 0.488889 0.036458 0.157407
1 0.436458 0.463426 0.020833 0.100926
1 0.1 0.509722 0.034375 0.180556
1 0.419792 0.450463 0.016667 0.082407
10 0.304688 0.492593 0.053125 0.062963
10 0.329688 0.597222 0.079167 0.35
1 0.136198 0.484722 0.025521 0.126852
1 0.476823 0.456019 0.019271 0.09537
1 0.453385 0.459722 0.015104 0.097222
1 0.258854 0.45787 0.0125 0.067593
1 0.248438 0.455556 0.010417 0.059259
1 0.266146 0.4625 0.0125 0.071296
1 0.241146 0.452315 0.011458 0.058333
1 0.227865 0.453704 0.010937 0.061111
1 0.21224 0.45463 0.009896 0.051852
1 0.376563 0.449537 0.013542 0.063889
10 0.616927 0.378241 0.291146 0.223148
7 0.682292 0.464815 0.020833 0.1
