1 0.604427 0.352315 0.030729 0.128704
1 0.401562 0.350926 0.032292 0.162963
1 0.447135 0.357407 0.028646 0.15
1 0.665625 0.349074 0.035417 0.135185
1 0.90026 0.470833 0.092188 0.619444
1 0.392708 0.336574 0.022917 0.102778
1 0.844531 0.45 0.082812 0.503704
1 0.542188 0.325 0.015625 0.062963
10 0.05 0.625463 0.222917 0.337963
1 -0.001563 0.331481 0.028125 0.127778
1 0.036198 0.329167 0.020313 0.100926
1 0.061198 0.330093 0.020313 0.100926
1 0.578125 0.329167 0.0125 0.052778
1 0.561458 0.327778 0.0125 0.057407
7 0.486719 0.362037 0.028646 0.094444
7 0.508073 0.366204 0.026562 0.089815
8 0.916927 0.311574 0.030729 0.160185
8 0.953906 0.312963 0.035937 0.162963
1 0.31849 0.318056 0.013021 0.050926
1 0.329688 0.321759 0.011458 0.04537
1 0.336719 0.318056 0.011979 0.043519
1 0.346615 0.313426 0.011979 0.04537
1 0.378385 0.327778 0.015104 0.057407
