1 0.624479 0.334259 0.034375 0.15
1 0.466667 0.324074 0.029167 0.140741
1 0.409896 0.348148 0.048958 0.225926
1 0.944792 0.55463 0.128125 0.707407
1 0.216406 0.352315 0.059896 0.237963
1 0.500521 0.323148 0.028125 0.124074
1 0.532552 0.291667 0.011979 0.053704
1 0.573698 0.324074 0.032813 0.146296
10 0.229948 0.433333 0.128646 0.138889
1 0.296354 0.318056 0.022917 0.102778
1 0.579427 0.326389 0.021354 0.136111
1 0.648438 0.314815 0.01875 0.111111
1 0.08125 0.353704 0.061458 0.246296
1 0.051042 0.370833 0.051042 0.212037
1 0.35599 0.318056 0.020313 0.10463
1 0.340885 0.319907 0.023438 0.110185
1 0.316146 0.334722 0.022917 0.121296
10 0.358854 0.3625 0.058333 0.073148
10 0.308073 0.389352 0.086979 0.099074
1 0.015625 0.304167 0.017708 0.093519
1 0.047917 0.329167 0.028125 0.134259
7 0.457813 0.309259 0.020833 0.05
7 0.471615 0.322222 0.018229 0.055556
10 0.070052 0.353704 0.069271 0.064815
10 0.13776 0.326852 0.052604 0.077778
1 0.395052 0.299074 0.010937 0.059259
1 0.379948 0.298611 0.011979 0.065741
10 0.814844 0.298611 0.291146 0.223148
1 0.360417 0.313889 0.0125 0.059259
1 0.354167 0.300926 0.011458 0.055556
