1 0.604948 0.351852 0.032813 0.144444
1 0.51276 0.338889 0.026562 0.137037
1 0.497656 0.349074 0.032813 0.161111
1 0.809115 0.577315 0.124479 0.671296
1 0.957552 0.573611 0.131771 0.728704
1 0.353646 0.353241 0.04375 0.199074
1 0.525 0.339352 0.022917 0.121296
1 0.550781 0.313426 0.010937 0.043519
1 0.015885 0.370833 0.038021 0.180556
1 0.576562 0.335185 0.028125 0.12963
10 0.304948 0.402778 0.093229 0.096296
1 0.295833 0.330556 0.025 0.105556
1 0.584896 0.335185 0.020833 0.116667
1 0.635417 0.331019 0.017708 0.106481
1 0.259375 0.341204 0.03125 0.160185
1 0.241927 0.349537 0.021354 0.137963
1 0.489063 0.333796 0.020833 0.09537
1 0.466927 0.33287 0.021354 0.10463
1 0.365885 0.343981 0.022396 0.117593
10 0.395052 0.361111 0.050521 0.059259
10 0.36224 0.37963 0.068229 0.075926
1 0.127344 0.309722 0.013021 0.071296
1 0.143229 0.336574 0.022917 0.113889
7 0.475521 0.327778 0.01875 0.05
7 0.501823 0.331019 0.017188 0.049074
10 0.15599 0.35787 0.056771 0.05463
1 0.147135 0.318056 0.017188 0.071296
10 0.186979 0.331481 0.044792 0.068519
1 0.43125 0.3125 0.011458 0.056481
1 0.415885 0.312963 0.008854 0.061111
10 0.801823 0.296759 0.291146 0.223148
1 0.395052 0.318981 0.011979 0.052778
1 0.383854 0.316667 0.011458 0.053704
