1 0.561458 0.394907 0.035417 0.14537
1 0.503646 0.381944 0.025 0.130556
1 0.480729 0.377315 0.022917 0.137963
1 0.776042 0.609259 0.110417 0.640741
1 0.918229 0.616204 0.144792 0.684259
1 0.355729 0.381481 0.035417 0.172222
1 0.514583 0.375 0.021875 0.118519
1 0.015104 0.394444 0.039583 0.17963
1 0.547396 0.381481 0.026042 0.122222
10 0.311198 0.421296 0.074479 0.087037
1 0.258594 0.367593 0.025521 0.111111
1 0.759375 0.44537 0.060417 0.35
1 0.553646 0.376389 0.01875 0.100926
1 0.604167 0.374537 0.017708 0.106481
1 0.28776 0.366667 0.024479 0.122222
1 0.275521 0.370833 0.021875 0.110185
1 0.523698 0.374074 0.020313 0.092593
1 0.509375 0.369444 0.021875 0.096296
1 0.355208 0.369907 0.017708 0.102778
10 0.384115 0.394444 0.047396 0.059259
10 0.354687 0.407407 0.058333 0.068519
1 0.13151 0.3375 0.013021 0.069444
1 0.146354 0.360185 0.020833 0.105556
7 0.463021 0.362037 0.01875 0.05
7 0.478906 0.361574 0.017188 0.049074
10 0.157552 0.375463 0.052604 0.056481
1 0.159375 0.344907 0.014583 0.063889
10 0.194271 0.362037 0.041667 0.061111
1 0.405469 0.351852 0.011979 0.059259
1 0.396615 0.347685 0.009896 0.058333
10 0.767448 0.333796 0.291146 0.223148
1 0.375 0.351852 0.0125 0.051852
1 0.364063 0.35 0.011458 0.048148
