1 0.472396 0.435185 0.036458 0.159259
1 0.413542 0.412963 0.025 0.118519
1 0.347917 0.414815 0.01875 0.1
1 0.965365 0.606019 0.116146 0.523148
1 0.015104 0.456481 0.047917 0.216667
1 0.225781 0.42037 0.032813 0.131481
1 0.398958 0.412963 0.020833 0.107407
1 0.408594 0.408333 0.018229 0.096296
10 0.254427 0.457407 0.061979 0.075926
1 0.094271 0.433796 0.030208 0.134259
1 0.49974 0.411574 0.024479 0.136111
1 0.445573 0.406944 0.016146 0.102778
1 0.210677 0.4125 0.017188 0.089815
1 0.202865 0.41713 0.013021 0.075
1 0.233333 0.419907 0.017708 0.087963
10 0.269792 0.437963 0.040625 0.051852
1 0.357812 0.394444 0.013542 0.064815
1 0.041667 0.425 0.017708 0.098148
7 0.310417 0.407407 0.01875 0.048148
7 0.318229 0.405556 0.015625 0.044444
10 0.048438 0.439815 0.045833 0.05
1 0.039844 0.413889 0.011979 0.059259
10 0.065625 0.424537 0.032292 0.05463
10 0.613281 0.34213 0.291146 0.223148
7 0.708854 0.421296 0.025 0.125926
