1 0.604167 0.352778 0.03125 0.133333
1 0.4 0.355556 0.032292 0.162963
1 0.445833 0.366667 0.029167 0.148148
1 0.670052 0.353704 0.034896 0.140741
1 0.920052 0.489352 0.098437 0.65463
1 0.394271 0.343981 0.022917 0.102778
1 0.859635 0.462963 0.089063 0.527778
1 0.544271 0.331944 0.015625 0.063889
10 0.036719 0.647222 0.222396 0.35
1 0.03125 0.338426 0.019792 0.100926
1 0.05599 0.337037 0.020313 0.101852
1 0.579688 0.334722 0.0125 0.052778
1 0.563021 0.334259 0.0125 0.057407
7 0.488281 0.36713 0.029687 0.097222
7 0.510156 0.371759 0.026562 0.089815
8 0.924219 0.31713 0.030729 0.160185
8 0.961198 0.315741 0.035937 0.162963
1 0.320573 0.325 0.013021 0.051852
1 0.33099 0.325463 0.010937 0.04537
1 0.33776 0.321759 0.011979 0.043519
1 0.347135 0.318519 0.011979 0.044444
1 0.379427 0.335648 0.015104 0.056481
