1 0.614323 0.378241 0.030729 0.132407
1 0.444531 0.371296 0.029687 0.157407
1 0.147135 0.511111 0.152604 0.514815
1 0.494792 0.375926 0.021875 0.142593
1 0.603385 0.347685 0.022396 0.084259
1 0.699479 0.404167 0.053125 0.291667
1 0.35625 0.363889 0.019792 0.1
1 0.680208 0.399537 0.041667 0.252778
1 0.532813 0.347685 0.014583 0.060185
1 0.202604 0.419907 0.033333 0.234259
10 0.269271 0.480093 0.130208 0.147222
10 -0.0125 0.637963 0.144792 0.324074
10 0.107552 0.615741 0.096354 0.275926
1 0.183594 0.351852 0.022396 0.098148
1 0.179427 0.343056 0.014063 0.071296
1 0.557292 0.343981 0.010417 0.043519
1 0.544271 0.339815 0.010417 0.05
7 0.488281 0.376852 0.023438 0.07037
7 0.504687 0.378704 0.022917 0.07037
10 0.005729 0.397685 0.083333 0.100926
1 0.333333 0.352778 0.015625 0.066667
10 1.064323 0.485648 0.291146 0.223148
1 0.388542 0.350926 0.0125 0.059259
1 0.378646 0.349537 0.0125 0.060185
8 0.811719 0.334259 0.023438 0.122222
8 0.838542 0.333333 0.026042 0.12963
8 0.863281 0.334259 0.026562 0.122222
