1 0.636979 0.35463 0.03125 0.137037
1 0.463021 0.344444 0.030208 0.146296
1 0.142969 0.449537 0.091146 0.523148
1 1.042969 0.675463 0.171354 0.75463
1 0.215625 0.389352 0.071875 0.319444
1 0.503125 0.352778 0.029167 0.137037
1 0.558073 0.323148 0.015104 0.059259
1 0.610677 0.359259 0.034896 0.172222
10 0.120833 0.524537 0.202083 0.219444
1 0.329427 0.3375 0.021354 0.100926
1 0.613021 0.354167 0.027083 0.160185
1 0.22526 0.340278 0.025521 0.128704
1 0.204687 0.347685 0.025 0.119444
1 0.514844 0.322685 0.014063 0.058333
1 0.305208 0.351389 0.021875 0.136111
10 0.350521 0.397685 0.076042 0.087963
10 0.276823 0.443056 0.115104 0.126852
1 0.529687 0.321296 0.009375 0.038889
7 0.471615 0.344444 0.027604 0.061111
7 0.488281 0.347685 0.020313 0.056481
10 0.017448 0.385648 0.076563 0.067593
10 0.103906 0.345833 0.065104 0.086111
1 0.391927 0.325926 0.015104 0.066667
1 0.373177 0.323611 0.015104 0.075
10 0.880469 0.356944 0.291146 0.223148
1 0.373437 0.323148 0.0125 0.059259
1 0.361979 0.318056 0.0125 0.060185
