1 0.478125 0.398611 0.030208 0.143519
1 0.420052 0.380093 0.026562 0.128704
1 0.391927 0.381019 0.024479 0.130556
1 0.775 0.596296 0.09375 0.601852
1 0.915625 0.594444 0.141667 0.633333
1 0.288802 0.380556 0.038021 0.157407
1 0.428646 0.381944 0.01875 0.113889
1 0.453385 0.374074 0.019271 0.107407
10 0.246094 0.429167 0.069271 0.087963
1 0.141927 0.388426 0.025521 0.121296
1 0.590365 0.405556 0.038021 0.218519
1 0.466667 0.377778 0.016667 0.096296
1 0.5 0.377315 0.017708 0.106481
1 0.217708 0.37037 0.020833 0.112963
1 0.204948 0.376389 0.016146 0.087963
1 0.483854 0.370833 0.020833 0.086111
1 0.457031 0.374074 0.022396 0.090741
1 0.28099 0.386574 0.017188 0.100926
10 0.298438 0.404167 0.040625 0.056481
10 0.274479 0.412037 0.05625 0.064815
1 0.409375 0.359722 0.013542 0.063889
1 0.039844 0.350463 0.013021 0.065741
1 0.055729 0.371759 0.020833 0.100926
7 0.359896 0.368519 0.01875 0.05
7 0.378125 0.368519 0.015625 0.044444
10 0.066146 0.389352 0.053125 0.050926
1 0.072396 0.363426 0.014583 0.063889
10 0.102865 0.375463 0.039062 0.060185
10 0.664844 0.321759 0.291146 0.223148
7 0.832552 0.419907 0.035937 0.162037
