1 0.591667 0.317593 0.033333 0.144444
1 0.473698 0.309259 0.030729 0.138889
1 0.461458 0.328241 0.036458 0.176852
1 0.834635 0.518981 0.111979 0.673148
1 0.965365 0.51713 0.131771 0.736111
1 0.288021 0.337963 0.055208 0.209259
1 0.493229 0.312037 0.022917 0.122222
1 0.52474 0.279167 0.011979 0.04537
1 0.553646 0.3 0.029167 0.12963
10 0.264583 0.396759 0.101042 0.106481
1 0.279167 0.316667 0.025 0.105556
1 0.559896 0.306019 0.020833 0.121296
1 0.620313 0.29537 0.019792 0.107407
1 0.201302 0.323611 0.035937 0.175
1 0.178906 0.339352 0.028646 0.15463
1 0.425521 0.30463 0.020833 0.1
1 0.416667 0.312963 0.026042 0.105556
1 0.332813 0.316204 0.022917 0.121296
10 0.367188 0.345833 0.052083 0.063889
10 0.327344 0.362963 0.071354 0.081481
1 0.069271 0.294444 0.017708 0.081481
1 0.091667 0.319907 0.025 0.121296
7 0.453906 0.299074 0.019271 0.05
7 0.472656 0.299537 0.017188 0.049074
10 0.108333 0.341667 0.063542 0.053704
1 0.099219 0.297685 0.017188 0.071296
10 0.156771 0.311574 0.045833 0.071296
1 0.399219 0.287963 0.010937 0.059259
1 0.385937 0.293519 0.010417 0.062963
10 0.780469 0.281944 0.291146 0.223148
1 0.361979 0.292593 0.011458 0.055556
1 0.351562 0.287963 0.011458 0.053704
