1 0.440365 0.441204 0.033854 0.15463
1 0.379948 0.412037 0.023438 0.116667
1 0.294792 0.411574 0.01875 0.09537
1 0.94401 0.601389 0.117188 0.499074
1 -0.003385 0.454167 0.043229 0.206481
1 0.197396 0.419444 0.030208 0.127778
1 0.360938 0.418519 0.021875 0.107407
1 0.361719 0.409259 0.019271 0.094444
10 0.206771 0.456944 0.061458 0.075
10 -0.053385 0.667593 0.165104 0.696296
1 0.0375 0.436574 0.030208 0.134259
1 0.448177 0.414352 0.023438 0.123148
1 0.395052 0.413426 0.016146 0.102778
1 0.169271 0.411111 0.017708 0.087037
1 0.153906 0.418056 0.014063 0.069444
1 0.191146 0.418981 0.017708 0.087963
10 0.221875 0.442593 0.040625 0.051852
1 0.314063 0.398611 0.013542 0.063889
7 0.258073 0.404167 0.019271 0.04537
7 0.276562 0.412037 0.015625 0.044444
10 0.56849 0.344907 0.291146 0.223148
7 0.661719 0.428241 0.023438 0.115741
