1 0.504687 0.422222 0.036458 0.159259
1 0.444271 0.406481 0.026042 0.12037
1 0.382552 0.399074 0.019271 0.105556
1 0.979427 0.575463 0.123437 0.525
1 0.036198 0.448148 0.050521 0.22037
1 0.259896 0.407407 0.035417 0.131481
1 0.433854 0.405556 0.021875 0.107407
1 0.441927 0.395833 0.017188 0.097222
10 0.283073 0.448611 0.065104 0.076852
1 0.133854 0.421296 0.029167 0.131481
1 0.534896 0.399074 0.026042 0.138889
1 0.479427 0.391204 0.016146 0.102778
1 0.245052 0.399074 0.017188 0.094444
1 0.235677 0.402778 0.013021 0.077778
1 0.266146 0.405093 0.017708 0.087963
10 0.303125 0.424074 0.040625 0.051852
1 0.395833 0.385648 0.013542 0.063889
1 0.05651 0.388426 0.010937 0.063889
1 0.079948 0.409259 0.017188 0.094444
7 0.344792 0.391667 0.01875 0.048148
7 0.353646 0.391667 0.015625 0.044444
10 0.086198 0.425 0.049479 0.05
1 0.080469 0.399074 0.011979 0.059259
10 0.105208 0.409722 0.032292 0.05463
10 0.646094 0.331019 0.291146 0.223148
7 0.752344 0.411574 0.025521 0.128704
