1 0.607031 0.369907 0.032813 0.143519
1 0.532031 0.353704 0.030729 0.133333
1 0.513542 0.353704 0.030208 0.151852
1 0.8 0.603704 0.11875 0.67963
1 0.960677 0.611574 0.142187 0.719444
1 0.377865 0.361111 0.039062 0.185185
1 0.542708 0.353241 0.022917 0.119444
1 0.560937 0.325 0.010417 0.042593
1 0.040625 0.373148 0.0375 0.17963
1 0.589323 0.347685 0.021354 0.123148
10 0.332292 0.406944 0.082292 0.087963
1 0.300781 0.347685 0.025521 0.110185
1 0.935156 0.45787 0.102604 0.478704
1 0.59375 0.346759 0.01875 0.112037
1 0.65 0.345833 0.017708 0.106481
1 0.30026 0.346296 0.027604 0.142593
1 0.285938 0.354167 0.020833 0.121296
1 0.519531 0.343519 0.020313 0.092593
1 0.509896 0.341204 0.021875 0.097222
1 0.384635 0.346759 0.020313 0.108333
10 0.416927 0.371759 0.047396 0.060185
10 0.379948 0.389352 0.063021 0.071296
1 0.159896 0.319907 0.015625 0.076852
1 0.166927 0.341667 0.020313 0.109259
7 0.496875 0.340741 0.01875 0.05
7 0.51276 0.343056 0.017188 0.049074
10 0.178906 0.362963 0.054688 0.055556
1 0.178385 0.319907 0.017188 0.071296
10 0.223958 0.335185 0.041667 0.061111
1 0.44375 0.325463 0.011458 0.056481
1 0.428385 0.32963 0.008854 0.061111
10 0.810677 0.310648 0.291146 0.223148
1 0.407031 0.325463 0.011979 0.052778
1 0.396615 0.321296 0.010937 0.051852
