1 0.602344 0.325463 0.033854 0.139815
1 0.454427 0.316204 0.027604 0.139815
1 0.425 0.335185 0.039583 0.201852
1 0.867188 0.555556 0.1125 0.712963
1 1.023177 0.551389 0.145313 0.749074
1 0.232552 0.338426 0.034896 0.221296
1 0.490625 0.317593 0.025 0.124074
1 0.520052 0.2875 0.011979 0.050926
1 0.554427 0.308333 0.027604 0.133333
10 0.239062 0.414352 0.116667 0.123148
1 0.278646 0.312037 0.025 0.105556
1 0.559115 0.309722 0.021354 0.126852
1 0.62474 0.302778 0.017188 0.109259
1 0.128906 0.342593 0.043229 0.211111
1 0.108594 0.351389 0.034896 0.186111
1 0.373958 0.312037 0.025 0.105556
1 0.363802 0.312037 0.020313 0.111111
1 0.313542 0.323611 0.022917 0.121296
10 0.355469 0.35 0.056771 0.068519
10 0.308854 0.378704 0.078125 0.092593
1 0.024219 0.305556 0.018229 0.088889
1 0.057292 0.329167 0.028125 0.134259
7 0.44349 0.309722 0.020313 0.049074
7 0.463281 0.312037 0.018229 0.051852
10 0.07474 0.35463 0.069271 0.064815
1 0.058073 0.302315 0.017188 0.071296
10 0.135417 0.313426 0.048958 0.075
1 0.389844 0.294444 0.010937 0.059259
1 0.373958 0.292593 0.010417 0.064815
10 0.791927 0.279167 0.291146 0.223148
1 0.354167 0.302778 0.0125 0.059259
1 0.341667 0.293519 0.011458 0.053704
