1 0.644271 0.364815 0.032292 0.144444
1 0.460938 0.356481 0.030208 0.15
1 0.220052 0.423611 0.097396 0.378704
1 0.511458 0.362037 0.029167 0.138889
1 0.58099 0.327315 0.016146 0.069444
1 0.648438 0.368056 0.029167 0.20463
10 0.002344 0.622685 0.272396 0.308333
1 0.344792 0.35 0.020833 0.094444
1 0.63724 0.365278 0.025521 0.187963
1 0.138281 0.368519 0.036979 0.135185
1 0.094792 0.377315 0.05 0.150926
1 0.527344 0.327315 0.014063 0.058333
1 0.282813 0.372222 0.023958 0.159259
10 0.340885 0.427315 0.088021 0.102778
10 0.229167 0.497222 0.154167 0.164815
1 0.547396 0.325926 0.009375 0.038889
1 0.536458 0.319907 0.009375 0.041667
7 0.485937 0.351852 0.023958 0.064815
7 0.503906 0.356019 0.021354 0.063889
10 -0.020833 0.415278 0.076042 0.078704
10 0.085677 0.368519 0.081771 0.098148
1 0.382552 0.337037 0.015104 0.066667
1 0.36224 0.335185 0.016146 0.077778
10 0.934635 0.389352 0.291146 0.223148
1 0.384375 0.333333 0.0125 0.059259
1 0.374479 0.331019 0.0125 0.060185
8 0.756771 0.319907 0.023958 0.115741
8 0.778646 0.323148 0.022917 0.111111
