1 0.451823 0.444907 0.033854 0.15463
1 0.395052 0.41713 0.023438 0.115741
1 0.313021 0.418519 0.01875 0.098148
1 0.9375 0.598611 0.097917 0.515741
1 -0.00599 0.45787 0.048438 0.212037
1 0.198698 0.432407 0.025521 0.125926
1 0.376563 0.422222 0.020833 0.107407
1 0.382552 0.412963 0.020313 0.096296
10 0.23151 0.459722 0.059896 0.075
1 0.060937 0.444907 0.030208 0.134259
1 0.473438 0.416667 0.023958 0.131481
1 0.411719 0.41713 0.016146 0.102778
1 0.181771 0.418519 0.017708 0.087037
1 0.179167 0.421296 0.013542 0.072222
1 0.208333 0.419907 0.017708 0.087963
10 0.244271 0.443519 0.040625 0.051852
1 0.326042 0.406944 0.013542 0.063889
1 0.007292 0.434259 0.017708 0.101852
7 0.277083 0.414352 0.017708 0.04537
7 0.2875 0.414815 0.015625 0.044444
10 0.015625 0.446759 0.040625 0.050926
10 0.589323 0.346759 0.291146 0.223148
7 0.67474 0.428704 0.023438 0.118519
