1 0.446615 0.444444 0.036979 0.159259
1 0.38125 0.415741 0.025 0.118519
1 0.29401 0.411111 0.018229 0.092593
1 0.938281 0.600463 0.127604 0.491667
1 -0.005729 0.456944 0.04375 0.202778
1 0.203646 0.42037 0.023958 0.127778
1 0.359896 0.422222 0.021875 0.107407
1 0.3625 0.409259 0.01875 0.092593
10 0.209635 0.456481 0.060937 0.074074
10 -0.020573 0.664815 0.165104 0.696296
1 0.038542 0.441204 0.030208 0.134259
1 0.445573 0.414815 0.022396 0.118519
1 0.396094 0.413426 0.016146 0.102778
1 0.170313 0.410185 0.017708 0.087037
1 0.160156 0.418056 0.014063 0.069444
1 0.191146 0.41713 0.017708 0.087963
1 0.316667 0.399537 0.013542 0.063889
7 0.260156 0.406019 0.019271 0.04537
7 0.272396 0.409259 0.015625 0.044444
10 0.567448 0.345833 0.291146 0.223148
7 0.659375 0.42963 0.022917 0.114815
