1 0.625 0.345833 0.030208 0.132407
1 0.448437 0.348148 0.03125 0.162963
1 0.046615 0.546759 0.191146 0.675
1 0.485677 0.351389 0.025521 0.143519
1 0.626042 0.338889 0.01875 0.087037
1 0.739062 0.393519 0.05 0.333333
1 0.379167 0.336111 0.019792 0.1
1 0.717969 0.393981 0.045312 0.287963
1 0.548438 0.325463 0.014583 0.060185
1 0.181771 0.407407 0.053125 0.262963
10 0.246615 0.474537 0.151562 0.175
10 -0.013542 0.669444 0.120833 0.288889
1 0.163542 0.327315 0.021875 0.106481
1 0.15026 0.32037 0.015104 0.072222
1 0.151302 0.322222 0.015104 0.075926
1 0.572917 0.322222 0.010417 0.046296
1 0.5625 0.324074 0.010417 0.051852
7 0.499219 0.344444 0.023438 0.072222
7 0.515625 0.351852 0.022917 0.074074
1 0.33151 0.331481 0.017188 0.066667
1 0.403646 0.331481 0.0125 0.059259
1 0.394271 0.327315 0.0125 0.060185
8 0.846094 0.311574 0.026562 0.132407
8 0.874479 0.3125 0.03125 0.134259
8 0.902865 0.309259 0.026562 0.127778
