1 0.609896 0.372685 0.030208 0.134259
1 0.438021 0.372222 0.03125 0.151852
1 0.2125 0.456481 0.095833 0.45
1 0.492708 0.375463 0.026042 0.139815
1 0.576042 0.343519 0.01875 0.074074
1 0.654948 0.388889 0.035937 0.246296
1 0.330208 0.364352 0.020833 0.09537
1 0.639062 0.390278 0.034375 0.215741
1 0.007812 0.383796 0.039583 0.14537
1 0.514844 0.343981 0.014063 0.060185
1 0.233594 0.393519 0.032813 0.177778
10 0.291146 0.459259 0.105208 0.122222
10 0.104688 0.569907 0.230208 0.225
1 0.540365 0.34213 0.010937 0.037963
1 0.524219 0.339815 0.008854 0.044444
7 0.470573 0.365741 0.023438 0.07037
7 0.491406 0.36713 0.023438 0.067593
10 0.021354 0.389352 0.083333 0.100926
1 0.342969 0.34537 0.015104 0.066667
1 0.317708 0.348611 0.01875 0.076852
10 0.97526 0.435648 0.291146 0.223148
1 0.371354 0.348148 0.0125 0.059259
1 0.360417 0.347685 0.0125 0.060185
8 0.771354 0.326852 0.023958 0.116667
8 0.795052 0.333796 0.022396 0.117593
