1 0.792969 0.603241 0.088021 0.567593
1 0.479687 0.473611 0.035417 0.158333
1 0.402604 0.443519 0.021875 0.111111
1 0.009896 0.490278 0.038542 0.19537
1 0.28125 0.436111 0.017708 0.085185
1 0.035937 0.475926 0.042708 0.192593
1 0.25651 0.449074 0.026562 0.118519
1 0.374479 0.447685 0.020833 0.106481
1 0.367969 0.433333 0.018229 0.088889
10 0.226823 0.474537 0.057812 0.069444
10 0.170573 0.631481 0.124479 0.52037
1 0.061458 0.468519 0.029167 0.133333
1 0.439844 0.438426 0.021354 0.108333
1 0.401302 0.437037 0.018229 0.098148
1 0.323958 0.429167 0.013542 0.063889
10 0.569531 0.3625 0.291146 0.223148
7 0.646354 0.456944 0.020833 0.106481
