1 0.592187 0.326389 0.034375 0.149074
1 0.474479 0.314815 0.03125 0.138889
1 0.463021 0.333333 0.036458 0.175926
1 0.825781 0.531019 0.113021 0.671296
1 0.96276 0.519907 0.130729 0.719444
1 0.295833 0.339815 0.052083 0.207407
1 0.494792 0.313889 0.022917 0.122222
1 0.523698 0.284722 0.011979 0.04537
1 0.553906 0.30463 0.024479 0.12963
10 0.264844 0.399537 0.100521 0.10463
1 0.275521 0.319444 0.025 0.105556
1 0.561458 0.305093 0.020833 0.121296
1 0.61875 0.299537 0.019792 0.106481
1 0.203385 0.327778 0.034896 0.172222
1 0.184115 0.34213 0.028646 0.150926
1 0.429167 0.306944 0.019792 0.099074
1 0.420312 0.315741 0.027083 0.105556
1 0.332813 0.320833 0.022917 0.121296
10 0.367188 0.348611 0.052083 0.063889
10 0.327865 0.367593 0.070312 0.07963
1 0.071094 0.297685 0.017188 0.080556
1 0.09349 0.324074 0.024479 0.12037
7 0.453646 0.305556 0.01875 0.05
7 0.473698 0.305093 0.017188 0.049074
10 0.109896 0.346296 0.063542 0.053704
1 0.102344 0.300463 0.017188 0.071296
10 0.158333 0.314352 0.045833 0.071296
1 0.399219 0.291667 0.010937 0.059259
1 0.385677 0.297685 0.009896 0.062037
10 0.780469 0.281944 0.291146 0.223148
1 0.363021 0.296296 0.011458 0.055556
1 0.352604 0.290741 0.011458 0.053704
