1 0.623177 0.336111 0.033854 0.146296
1 0.464844 0.325 0.028646 0.140741
1 0.40651 0.348611 0.049479 0.226852
1 0.945573 0.560185 0.127604 0.716667
1 0.213021 0.353241 0.058333 0.239815
1 0.49974 0.325463 0.027604 0.125
1 0.53151 0.29537 0.011979 0.053704
1 0.573177 0.326389 0.032813 0.147222
10 0.228125 0.434722 0.129167 0.139815
1 0.295573 0.318981 0.022396 0.102778
1 0.578646 0.329167 0.020833 0.136111
1 0.648177 0.316204 0.018229 0.110185
1 0.075 0.355093 0.061458 0.249074
1 0.045312 0.371759 0.052083 0.213889
1 0.352865 0.320833 0.020313 0.10463
1 0.338281 0.320833 0.023438 0.110185
1 0.315625 0.336574 0.022917 0.121296
10 0.357552 0.362963 0.058854 0.074074
10 0.306771 0.390741 0.0875 0.1
1 0.010937 0.305093 0.017708 0.093519
1 0.046354 0.329167 0.028125 0.134259
7 0.457813 0.310185 0.020833 0.05
7 0.471615 0.324074 0.018229 0.055556
10 0.06901 0.353704 0.069271 0.064815
10 0.135937 0.329167 0.053125 0.078704
1 0.39401 0.299074 0.010937 0.059259
1 0.379167 0.299537 0.0125 0.065741
10 0.814323 0.301389 0.291146 0.223148
1 0.359896 0.315741 0.0125 0.059259
1 0.353125 0.303704 0.011458 0.055556
