1 0.620573 0.342593 0.032813 0.137037
1 0.460677 0.328241 0.027604 0.139815
1 0.400781 0.362037 0.051562 0.231481
1 0.948958 0.578241 0.126042 0.74537
1 0.202865 0.356019 0.053646 0.24537
1 0.498698 0.333796 0.025521 0.126852
1 0.529167 0.30787 0.0125 0.05463
1 0.56849 0.330093 0.022396 0.149074
10 0.222656 0.440741 0.132812 0.142593
1 0.294531 0.320833 0.021354 0.100926
1 0.576562 0.337037 0.020833 0.137037
1 0.648177 0.320833 0.018229 0.110185
1 0.054948 0.364352 0.061979 0.256481
1 0.030208 0.380556 0.055208 0.22037
1 0.34401 0.328241 0.020313 0.10463
1 0.330469 0.324537 0.023438 0.110185
1 0.314063 0.340278 0.022917 0.121296
10 0.354167 0.366667 0.059375 0.075926
10 0.302604 0.396296 0.088542 0.101852
1 0.003646 0.310648 0.017708 0.093519
1 0.041146 0.334259 0.028125 0.135185
7 0.45625 0.317593 0.020833 0.05
7 0.470312 0.328704 0.01875 0.055556
10 0.064062 0.359259 0.070833 0.064815
10 0.129948 0.335648 0.055729 0.080556
1 0.391406 0.303704 0.010937 0.059259
1 0.375781 0.303704 0.013021 0.066667
10 0.814323 0.30787 0.291146 0.223148
1 0.358333 0.32037 0.0125 0.059259
1 0.350521 0.3125 0.011458 0.058333
