1 0.453385 0.447222 0.036979 0.153704
1 0.3875 0.419907 0.021875 0.115741
1 0.294792 0.410185 0.017708 0.090741
1 0.976823 0.586574 0.083854 0.476852
1 -0.003125 0.463426 0.040625 0.199074
1 0.21901 0.421296 0.023438 0.124074
1 0.364583 0.421296 0.021875 0.107407
1 0.365625 0.414352 0.019792 0.091667
10 0.21875 0.458333 0.059375 0.072222
10 0.022917 0.653241 0.142708 0.689815
1 0.042188 0.452315 0.030208 0.134259
1 0.445312 0.418981 0.020833 0.113889
1 0.398438 0.415278 0.016667 0.102778
1 0.178385 0.411574 0.018229 0.084259
1 0.166146 0.42037 0.014583 0.07037
1 0.194792 0.424537 0.017708 0.087963
1 0.322917 0.402315 0.013542 0.063889
7 0.263802 0.4125 0.019271 0.04537
7 0.274479 0.414815 0.015625 0.044444
10 0.569531 0.348611 0.291146 0.223148
7 0.65625 0.43287 0.021875 0.113889
