1 0.644271 0.348148 0.032292 0.144444
1 0.460938 0.339815 0.030208 0.146296
1 0.016927 0.471759 0.169271 0.597222
1 0.202865 0.37963 0.081771 0.333333
1 0.509375 0.35 0.029167 0.137037
1 0.570312 0.313426 0.013542 0.063889
1 0.62526 0.349074 0.026562 0.17963
10 0.092448 0.533333 0.225521 0.25
1 0.336979 0.326389 0.020833 0.09537
1 0.62526 0.352778 0.026562 0.162963
1 0.20599 0.331944 0.027604 0.134259
1 0.178385 0.337037 0.027604 0.137037
1 0.523177 0.316204 0.014063 0.058333
1 0.302865 0.340278 0.025521 0.137963
10 0.35 0.391204 0.079167 0.093519
10 0.259896 0.436574 0.1375 0.137963
1 0.538542 0.308333 0.009375 0.038889
1 0.529687 0.312037 0.008333 0.042593
7 0.481771 0.327778 0.021875 0.059259
7 0.497656 0.330556 0.020313 0.057407
10 0.011198 0.372685 0.076563 0.067593
10 0.104688 0.337037 0.06875 0.085185
1 0.392448 0.307407 0.015104 0.066667
1 0.372656 0.310648 0.015104 0.075
10 0.899219 0.356019 0.291146 0.223148
1 0.38125 0.313889 0.0125 0.059259
1 0.370312 0.3125 0.0125 0.060185
