1 0.554167 0.403241 0.036458 0.152778
1 0.494271 0.393519 0.027083 0.131481
1 0.470312 0.382407 0.029167 0.144444
1 0.778125 0.621759 0.117708 0.639815
1 0.917448 0.639352 0.127604 0.678704
1 0.347656 0.386574 0.048438 0.175
1 0.504948 0.380556 0.022396 0.118519
1 0.008854 0.40463 0.0375 0.17963
1 0.540365 0.387963 0.022396 0.116667
10 0.307031 0.432407 0.071354 0.087037
1 0.246615 0.376852 0.025521 0.111111
1 0.736198 0.450926 0.055729 0.324074
1 0.543229 0.384259 0.01875 0.098148
1 0.594271 0.386574 0.017708 0.106481
1 0.283333 0.375463 0.023958 0.121296
1 0.271354 0.381019 0.021875 0.112037
1 0.523177 0.381481 0.020313 0.092593
1 0.506771 0.375926 0.021875 0.096296
1 0.348177 0.375463 0.017188 0.100926
10 0.37526 0.404167 0.047396 0.056481
10 0.346875 0.416667 0.058333 0.068519
1 0.122656 0.343981 0.013021 0.069444
1 0.138021 0.37037 0.020833 0.105556
7 0.452604 0.375926 0.01875 0.05
7 0.467708 0.372685 0.016667 0.047222
10 0.148177 0.3875 0.052604 0.056481
1 0.152604 0.355093 0.014583 0.063889
10 0.186458 0.371296 0.041667 0.061111
1 0.395052 0.361111 0.011979 0.059259
1 0.386198 0.354167 0.009896 0.056481
10 0.75651 0.341204 0.291146 0.223148
1 0.365625 0.358333 0.0125 0.051852
7 0.973177 0.436111 0.040104 0.166667
