1 0.599219 0.374074 0.033854 0.146296
1 0.528906 0.35787 0.029687 0.134259
1 0.505729 0.357407 0.023958 0.148148
1 0.789844 0.599537 0.121354 0.675
1 0.948698 0.612037 0.143229 0.711111
1 0.374219 0.360648 0.034896 0.180556
1 0.539062 0.357407 0.022917 0.12037
1 0.553125 0.328241 0.010417 0.041667
1 0.036979 0.380093 0.040625 0.182407
1 0.576562 0.350926 0.026042 0.124074
10 0.329427 0.407407 0.081771 0.087037
1 0.296094 0.35 0.025521 0.111111
1 0.90625 0.459259 0.097917 0.462963
1 0.58776 0.351389 0.019271 0.110185
1 0.644271 0.350463 0.017708 0.106481
1 0.297656 0.347685 0.026562 0.137963
1 0.283333 0.353704 0.020833 0.118519
1 0.520573 0.34537 0.020313 0.092593
1 0.510417 0.34537 0.021875 0.096296
1 0.379688 0.350926 0.019792 0.107407
10 0.41276 0.374537 0.047396 0.060185
10 0.376563 0.392593 0.061458 0.072222
1 0.155208 0.325 0.014583 0.074074
1 0.163802 0.349074 0.020313 0.109259
7 0.492708 0.342593 0.01875 0.05
7 0.509635 0.345833 0.017188 0.049074
10 0.175781 0.369444 0.054688 0.055556
1 0.17474 0.322685 0.017188 0.071296
10 0.21875 0.337037 0.041667 0.061111
1 0.4375 0.329167 0.011458 0.056481
1 0.424219 0.334259 0.008854 0.061111
10 0.804948 0.314352 0.291146 0.223148
1 0.401823 0.331019 0.011979 0.052778
1 0.391406 0.325926 0.010937 0.051852
