1 0.607812 0.374074 0.030208 0.135185
1 0.435417 0.373148 0.03125 0.151852
1 0.208594 0.459259 0.094271 0.453704
1 0.492188 0.375926 0.026042 0.140741
1 0.576562 0.346296 0.017708 0.074074
1 0.654948 0.392593 0.036979 0.248148
1 0.329948 0.365741 0.020313 0.096296
1 0.639062 0.393056 0.034375 0.217593
1 0.004167 0.38287 0.039583 0.14537
1 0.513802 0.344907 0.014063 0.060185
1 0.228646 0.39537 0.034375 0.17963
10 0.288281 0.461574 0.106771 0.123148
10 0.098437 0.575926 0.230208 0.22963
1 0.538802 0.34213 0.010937 0.037963
1 0.522656 0.342593 0.008854 0.044444
7 0.470052 0.367593 0.023438 0.07037
7 0.490365 0.368056 0.023438 0.067593
10 0.017188 0.389352 0.083333 0.100926
1 0.339844 0.347222 0.015104 0.066667
1 0.315104 0.348611 0.01875 0.076852
10 0.978385 0.439352 0.291146 0.223148
1 0.369792 0.349074 0.0125 0.059259
1 0.358854 0.348611 0.0125 0.060185
8 0.773958 0.327778 0.023958 0.116667
8 0.797917 0.334259 0.022917 0.118519
