1 0.613021 0.37037 0.030208 0.131481
1 0.446354 0.368981 0.030208 0.160185
1 0.135937 0.511574 0.15625 0.534259
1 0.492188 0.370833 0.023958 0.143519
1 0.609375 0.347685 0.017708 0.082407
1 0.700521 0.401852 0.04375 0.292593
1 0.360417 0.362037 0.019792 0.1
1 0.684896 0.398611 0.041667 0.258333
1 0.534375 0.344907 0.014583 0.060185
1 0.198698 0.418056 0.032813 0.237963
10 0.267188 0.481481 0.133333 0.15
10 -0.033333 0.644907 0.153125 0.34537
10 0.092969 0.621296 0.102604 0.285185
1 0.182031 0.350926 0.022396 0.098148
1 0.163281 0.343056 0.014063 0.062037
1 0.179427 0.339815 0.014063 0.072222
1 0.559115 0.340741 0.009896 0.044444
1 0.546875 0.338889 0.010417 0.051852
7 0.490365 0.374074 0.023438 0.07037
7 0.507292 0.376389 0.022917 0.071296
10 0.003125 0.393981 0.083333 0.100926
1 0.332552 0.348148 0.016146 0.066667
10 1.076302 0.49213 0.289062 0.223148
1 0.389583 0.347222 0.0125 0.059259
1 0.379688 0.345833 0.0125 0.060185
8 0.817187 0.330093 0.023958 0.123148
8 0.844271 0.32963 0.027083 0.12963
8 0.869531 0.32963 0.026562 0.122222
