1 0.607292 0.331019 0.030208 0.130556
1 0.411458 0.339815 0.032292 0.161111
1 0.459375 0.340741 0.027083 0.148148
1 0.653125 0.321296 0.029167 0.12037
1 0.834115 0.409259 0.073438 0.501852
1 0.388542 0.325463 0.022917 0.102778
1 0.792708 0.400463 0.065625 0.417593
1 0.54375 0.309722 0.016667 0.063889
1 0.013021 0.433796 0.055208 0.350926
10 0.111458 0.56713 0.223958 0.271296
1 0.049479 0.332407 0.040625 0.125926
1 0.076042 0.328241 0.017708 0.089815
1 0.099219 0.325 0.020313 0.092593
1 0.575521 0.303241 0.0125 0.052778
1 0.560937 0.301389 0.0125 0.056481
7 0.491406 0.339815 0.028646 0.094444
7 0.511198 0.352315 0.026562 0.089815
8 0.884115 0.299537 0.030729 0.160185
8 0.917448 0.298148 0.035937 0.162963
8 0.948958 0.3 0.030208 0.151852
1 0.325521 0.306481 0.0125 0.048148
1 0.335677 0.308333 0.010937 0.046296
1 0.345833 0.300463 0.011458 0.041667
1 0.351042 0.302315 0.011458 0.043519
