1 0.681771 0.551389 0.06875 0.387963
1 0.520312 0.478241 0.035417 0.158333
1 -0.007812 0.553241 0.094792 0.352778
1 0.425781 0.45 0.022396 0.109259
1 0.071615 0.500926 0.042188 0.187037
1 0.092969 0.485185 0.038021 0.174074
1 0.399479 0.452778 0.020833 0.103704
1 0.0375 0.503704 0.034375 0.185185
1 0.386198 0.443981 0.019271 0.086111
10 0.261198 0.481481 0.054688 0.066667
10 0.264583 0.608796 0.090625 0.393519
1 0.094792 0.478704 0.025 0.12963
1 0.449219 0.448611 0.021354 0.100926
1 0.419531 0.449537 0.015104 0.100926
1 0.21875 0.444907 0.0125 0.067593
1 0.208333 0.450926 0.010417 0.057407
1 0.227344 0.452778 0.016146 0.072222
1 0.192969 0.444444 0.010937 0.061111
1 0.173177 0.448611 0.009896 0.05463
1 0.185156 0.447685 0.010937 0.050926
1 0.341667 0.435648 0.013542 0.063889
10 0.586198 0.369907 0.291146 0.223148
7 0.655208 0.458333 0.020833 0.103704
