1 0.644271 0.359259 0.032292 0.144444
1 0.463021 0.352778 0.030208 0.15
1 0.203385 0.417593 0.096354 0.366667
1 0.510417 0.357407 0.029167 0.137037
1 0.576823 0.336111 0.016146 0.062963
1 0.640104 0.368519 0.026042 0.194444
10 0.039062 0.591667 0.254167 0.292593
1 0.342187 0.342593 0.020833 0.094444
1 0.633333 0.369444 0.026042 0.177778
1 0.158854 0.371296 0.027083 0.133333
1 0.121094 0.368056 0.040104 0.14537
1 0.525781 0.335648 0.014063 0.058333
1 0.290885 0.368056 0.027604 0.150926
10 0.344792 0.418981 0.084375 0.100926
10 0.244271 0.481019 0.144792 0.158333
1 0.54375 0.327778 0.009375 0.038889
1 0.530729 0.326389 0.009375 0.041667
7 0.484896 0.351389 0.023958 0.062037
7 0.504427 0.355093 0.021354 0.063889
10 -0.009896 0.411111 0.076042 0.074074
10 0.089844 0.375926 0.074479 0.085185
1 0.386198 0.336111 0.015104 0.066667
1 0.367708 0.327315 0.014583 0.076852
10 0.923698 0.380093 0.291146 0.223148
1 0.383333 0.337963 0.0125 0.059259
1 0.370833 0.340278 0.0125 0.060185
8 0.754167 0.318981 0.023958 0.115741
