1 0.617708 0.36713 0.032292 0.141667
1 0.452604 0.35463 0.029167 0.140741
1 0.357292 0.396759 0.060417 0.278704
1 0.977083 0.609722 0.134375 0.734259
1 0.201563 0.388889 0.066667 0.266667
1 0.489063 0.362963 0.030208 0.125926
1 0.52526 0.32963 0.013021 0.055556
1 0.56849 0.35463 0.027604 0.153704
10 0.19401 0.471296 0.145313 0.151852
1 0.298177 0.343981 0.021354 0.100926
1 0.574219 0.359722 0.025521 0.136111
1 0.653906 0.348611 0.020313 0.110185
1 0.309375 0.352778 0.019792 0.118519
1 0.292187 0.347222 0.022917 0.112963
1 0.303906 0.357407 0.022396 0.127778
10 0.344271 0.397222 0.059375 0.075926
10 0.28724 0.425463 0.096354 0.102778
1 0.015625 0.361111 0.027083 0.142593
1 0.501823 0.330093 0.009896 0.034259
7 0.448437 0.346296 0.021875 0.051852
7 0.465625 0.352778 0.01875 0.057407
10 0.038281 0.390278 0.076563 0.067593
10 0.113802 0.35 0.057812 0.081481
1 0.384115 0.333333 0.010937 0.059259
1 0.363802 0.330556 0.013021 0.066667
10 0.816927 0.339352 0.291146 0.223148
1 0.352604 0.337037 0.0125 0.059259
1 0.341927 0.332407 0.010937 0.061111
