1 0.604688 0.377778 0.032292 0.138889
1 0.432812 0.380093 0.03125 0.15463
1 0.176302 0.47963 0.133854 0.496296
1 0.490104 0.37963 0.029167 0.142593
1 0.585156 0.352315 0.018229 0.078704
1 0.669531 0.399537 0.039062 0.263889
1 0.338281 0.368981 0.020313 0.097222
1 0.656771 0.400463 0.038542 0.230556
1 0.521875 0.352315 0.014583 0.060185
1 0.213281 0.417593 0.031771 0.209259
10 0.272917 0.474074 0.119792 0.137037
10 0.028646 0.605556 0.155208 0.248148
10 0.145052 0.58287 0.072396 0.202778
1 0.546094 0.346759 0.010937 0.037963
1 0.529948 0.342593 0.010937 0.042593
7 0.473698 0.375926 0.023438 0.07037
7 0.49349 0.374074 0.023438 0.068519
10 0.009375 0.401389 0.083333 0.100926
1 0.333594 0.351852 0.015104 0.066667
10 1.01224 0.464352 0.291146 0.223148
1 0.376563 0.353704 0.0125 0.059259
1 0.365104 0.354167 0.0125 0.060185
8 0.791667 0.334259 0.023958 0.118519
8 0.816927 0.336574 0.024479 0.125
8 0.836458 0.339352 0.027083 0.115741
