1 0.53776 0.416667 0.031771 0.144444
1 0.479948 0.396296 0.022396 0.125926
1 0.452083 0.394444 0.027083 0.138889
1 0.778125 0.646759 0.111458 0.643519
1 0.921615 0.633333 0.135937 0.659259
1 0.334375 0.402778 0.044792 0.164815
1 0.488542 0.397222 0.021875 0.112963
1 0.520312 0.391204 0.019792 0.108333
10 0.295573 0.44537 0.066146 0.092593
1 0.221875 0.389815 0.026042 0.114815
1 0.688021 0.447222 0.048958 0.274074
1 0.522396 0.391667 0.016667 0.096296
1 0.571354 0.393981 0.017708 0.106481
1 0.274479 0.3875 0.023958 0.121296
1 0.259375 0.394444 0.01875 0.1
1 0.517448 0.384259 0.020313 0.088889
1 0.500521 0.391667 0.021875 0.096296
1 0.330469 0.393056 0.017188 0.100926
10 0.357292 0.417593 0.052083 0.055556
10 0.332813 0.428704 0.058333 0.068519
1 0.102865 0.361574 0.013021 0.065741
1 0.122917 0.384259 0.020833 0.105556
7 0.430729 0.384259 0.01875 0.05
7 0.44375 0.387037 0.015625 0.044444
10 0.132552 0.405093 0.052604 0.056481
1 0.133854 0.364352 0.014583 0.063889
10 0.165625 0.37963 0.041667 0.061111
1 0.370052 0.371759 0.011979 0.058333
1 0.361198 0.368981 0.009896 0.052778
10 0.735156 0.345833 0.291146 0.223148
7 0.926562 0.440278 0.0375 0.167593
