1 0.592187 0.322685 0.029167 0.132407
1 0.404167 0.331944 0.032292 0.160185
1 0.445573 0.331481 0.026562 0.146296
1 0.623958 0.312963 0.03125 0.111111
1 0.800521 0.4 0.098958 0.444444
1 0.368229 0.321296 0.020833 0.103704
1 0.750781 0.386574 0.058854 0.371296
1 0.523698 0.298611 0.015104 0.063889
1 0.044531 0.421296 0.055729 0.340741
10 0.127604 0.521759 0.21875 0.234259
1 0.063542 0.317593 0.025 0.12037
1 0.06875 0.316204 0.017708 0.086111
1 0.097917 0.318981 0.019792 0.084259
1 0.553646 0.297685 0.0125 0.052778
1 0.544271 0.300926 0.010417 0.051852
7 0.473698 0.325463 0.024479 0.086111
7 0.496875 0.332407 0.025 0.083333
1 0.386458 0.308333 0.0125 0.059259
8 0.86849 0.299074 0.029687 0.155556
8 0.89974 0.296296 0.034896 0.157407
8 0.93099 0.296296 0.029687 0.148148
1 0.309115 0.295833 0.013021 0.04537
1 0.31901 0.299074 0.010937 0.046296
1 0.33151 0.291667 0.010937 0.038889
1 0.339062 0.3 0.011458 0.042593
