1 0.641146 0.365741 0.032292 0.144444
1 0.458854 0.357407 0.030208 0.15
1 0.216927 0.423611 0.103646 0.387963
1 0.508333 0.363426 0.029167 0.139815
1 0.580208 0.329167 0.016667 0.067593
1 0.647917 0.365741 0.029167 0.207407
10 -0.009896 0.627315 0.272917 0.308333
1 0.342187 0.35 0.020833 0.094444
1 0.636979 0.366204 0.026042 0.189815
1 0.130729 0.366667 0.0375 0.137037
1 0.082292 0.377315 0.05 0.152778
1 0.527865 0.325463 0.014063 0.058333
1 0.28099 0.374074 0.023438 0.161111
10 0.33724 0.428241 0.089063 0.10463
10 0.222396 0.5 0.157292 0.166667
1 0.546354 0.322222 0.009375 0.038889
1 0.534115 0.318056 0.008854 0.041667
7 0.483854 0.350926 0.023958 0.064815
7 0.502865 0.355093 0.021354 0.063889
10 0.084896 0.36713 0.083333 0.100926
1 0.379427 0.334259 0.015104 0.066667
1 0.358854 0.336574 0.016667 0.076852
10 0.935156 0.390278 0.291146 0.223148
1 0.384375 0.331481 0.0125 0.059259
1 0.375521 0.329167 0.0125 0.060185
8 0.757292 0.320833 0.023958 0.115741
8 0.779167 0.324074 0.022917 0.111111
