1 0.441927 0.44213 0.033854 0.15463
1 0.379427 0.412963 0.023438 0.116667
1 0.293229 0.410185 0.01875 0.094444
1 0.946615 0.612963 0.128646 0.496296
1 -0.004167 0.455556 0.04375 0.205556
1 0.195573 0.420833 0.025521 0.126852
1 0.359896 0.418519 0.021875 0.107407
1 0.361458 0.408333 0.019792 0.094444
10 0.204948 0.456481 0.060937 0.074074
10 -0.036719 0.663889 0.165104 0.696296
1 0.036979 0.436574 0.030208 0.134259
1 0.445052 0.413889 0.023438 0.12037
1 0.394531 0.413426 0.016146 0.102778
1 0.167187 0.410185 0.017708 0.087037
1 0.15599 0.418056 0.014063 0.069444
1 0.191146 0.418981 0.017708 0.087963
1 0.314583 0.398611 0.013542 0.063889
7 0.258073 0.403241 0.019271 0.04537
7 0.274479 0.410185 0.015625 0.044444
10 0.565885 0.344907 0.291146 0.223148
7 0.660937 0.428704 0.022917 0.114815
