1 0.667188 0.533333 0.051042 0.307407
1 0.601562 0.5 0.038542 0.162963
1 0.155208 0.536111 0.0625 0.261111
1 0.489063 0.469444 0.023958 0.112963
1 0.059896 0.510185 0.044792 0.187037
1 0.180729 0.501852 0.034375 0.181481
1 0.10625 0.517593 0.033333 0.17037
1 0.464583 0.472222 0.020833 0.1
1 0.144271 0.511111 0.034375 0.177778
1 0.445833 0.455556 0.016667 0.081481
10 0.334896 0.488889 0.051042 0.061111
10 0.372917 0.587037 0.073958 0.318519
1 0.177344 0.480093 0.026562 0.125
1 0.477083 0.469444 0.015625 0.094444
1 0.286719 0.456944 0.011979 0.065741
1 0.276823 0.4625 0.010937 0.056481
1 0.298698 0.461574 0.011979 0.069444
1 0.267188 0.45787 0.011458 0.058333
1 0.252344 0.457407 0.010937 0.059259
1 0.239062 0.459722 0.010417 0.050926
10 0.64401 0.381944 0.291146 0.223148
10 0.034115 0.51713 0.098437 0.084259
7 0.701823 0.479167 0.021354 0.099074
