1 0.735677 0.489352 0.045312 0.24537
1 0.744271 0.481481 0.038542 0.162963
1 0.334635 0.491204 0.048438 0.200926
1 0.619792 0.441667 0.025 0.112963
1 0.225 0.48287 0.040625 0.171296
1 0.338542 0.48287 0.034375 0.175
1 0.263542 0.488889 0.032292 0.162963
1 0.5875 0.447685 0.019792 0.099074
1 0.289844 0.484722 0.032813 0.167593
1 0.560937 0.436574 0.015625 0.076852
10 0.454948 0.471759 0.049479 0.056481
3 0.002083 0.517593 0.234375 0.346296
10 0.511719 0.543056 0.067187 0.267593
1 0.172135 0.43287 0.015104 0.063889
1 0.309115 0.466667 0.026562 0.125926
1 0.599219 0.44537 0.016146 0.094444
1 0.413281 0.436111 0.010937 0.061111
1 0.409115 0.435648 0.010937 0.052778
1 0.419531 0.445833 0.010937 0.065741
1 0.396354 0.436574 0.011458 0.052778
1 0.382812 0.434259 0.011458 0.057407
1 0.364583 0.441204 0.010417 0.050926
10 0.75599 0.370833 0.291146 0.223148
10 0.191146 0.483796 0.1 0.076852
7 0.81849 0.456944 0.021354 0.099074
