1 0.610677 0.380556 0.031771 0.144444
1 0.446354 0.366667 0.029167 0.142593
1 0.308594 0.423148 0.072396 0.346296
1 1.014063 0.635185 0.167708 0.751852
1 0.205469 0.396759 0.079687 0.276852
1 0.483854 0.368981 0.025 0.128704
1 0.526302 0.341667 0.014063 0.057407
1 0.56901 0.372222 0.025521 0.157407
10 0.164323 0.500926 0.166146 0.172222
1 0.305469 0.349537 0.021354 0.100926
1 0.575 0.374074 0.025 0.144444
1 0.667969 0.365741 0.018229 0.114815
1 0.271354 0.364815 0.019792 0.12037
1 0.248958 0.362963 0.022917 0.12037
1 0.292969 0.37037 0.022396 0.12963
10 0.339844 0.4125 0.058854 0.080556
10 0.276302 0.447685 0.101562 0.106481
1 -0.010156 0.37037 0.026562 0.148148
1 0.507552 0.335648 0.009896 0.036111
7 0.454167 0.348148 0.023958 0.055556
7 0.4625 0.358333 0.01875 0.057407
10 0.015365 0.398611 0.076563 0.067593
10 0.101823 0.361111 0.057812 0.081481
1 0.377344 0.347685 0.011979 0.060185
1 0.353646 0.34213 0.0125 0.073148
10 0.827344 0.360648 0.291146 0.223148
1 0.348438 0.341667 0.0125 0.059259
1 0.340625 0.3375 0.0125 0.060185
