1 0.604948 0.37037 0.031771 0.140741
1 0.531771 0.356481 0.030208 0.133333
1 0.510938 0.355093 0.028125 0.150926
1 0.797917 0.606019 0.115625 0.678704
1 0.95651 0.611111 0.142187 0.716667
1 0.378385 0.362963 0.032813 0.183333
1 0.541927 0.355093 0.022396 0.119444
1 0.558333 0.325926 0.010417 0.042593
1 0.039583 0.374074 0.0375 0.17963
1 0.5875 0.348611 0.021875 0.123148
10 0.332031 0.407407 0.081771 0.087037
1 0.299219 0.35 0.025521 0.111111
1 0.924479 0.458796 0.103125 0.475
1 0.591667 0.348148 0.01875 0.111111
1 0.648958 0.347685 0.017708 0.106481
1 0.299479 0.346759 0.027083 0.141667
1 0.284896 0.353704 0.020833 0.12037
1 0.519531 0.344444 0.020313 0.092593
1 0.510938 0.342593 0.021875 0.096296
1 0.383073 0.348611 0.020313 0.108333
10 0.416406 0.373611 0.047396 0.060185
10 0.378906 0.390741 0.061979 0.072222
1 0.159375 0.323148 0.016667 0.077778
1 0.165885 0.344444 0.020313 0.109259
7 0.496354 0.341667 0.01875 0.05
7 0.511719 0.343981 0.017188 0.049074
10 0.177865 0.364815 0.054688 0.055556
1 0.177344 0.320833 0.017188 0.071296
10 0.222396 0.335185 0.041667 0.061111
1 0.441667 0.326389 0.011458 0.056481
1 0.426823 0.331481 0.008854 0.061111
10 0.809635 0.3125 0.291146 0.223148
1 0.405469 0.327315 0.011979 0.052778
1 0.394531 0.323148 0.010937 0.051852
