1 0.540885 0.406019 0.034896 0.15463
1 0.482031 0.383796 0.023438 0.117593
1 0.433854 0.375 0.020833 0.114815
1 0.988281 0.56713 0.100521 0.549074
1 0.057552 0.434259 0.056771 0.22963
1 0.326042 0.396296 0.0375 0.140741
1 0.476042 0.384259 0.020833 0.109259
1 0.014844 0.449074 0.041146 0.17963
1 0.49375 0.375 0.017708 0.096296
10 0.325 0.437963 0.057292 0.075926
1 0.192448 0.402315 0.025521 0.121296
1 0.594531 0.389352 0.029687 0.158333
1 0.532031 0.378704 0.016146 0.107407
1 0.288542 0.385185 0.016667 0.096296
1 0.278906 0.387963 0.014063 0.077778
1 0.317448 0.384722 0.017188 0.09537
10 0.35 0.406944 0.0375 0.050926
10 0.341146 0.416204 0.040625 0.05463
1 0.442448 0.366204 0.013021 0.063889
1 0.105469 0.375463 0.010937 0.062037
1 0.13151 0.39537 0.017188 0.094444
7 0.395052 0.375 0.018229 0.046296
7 0.403646 0.376852 0.015625 0.044444
10 0.135677 0.411111 0.049479 0.05
1 0.133594 0.375926 0.011979 0.059259
10 0.155729 0.388426 0.032292 0.05463
10 0.698698 0.315278 0.291146 0.223148
7 0.817187 0.397222 0.030208 0.135185
