1 0.613802 0.380556 0.031771 0.140741
1 0.447396 0.366667 0.029167 0.142593
1 0.308333 0.424074 0.075 0.351852
1 1.016406 0.64213 0.169271 0.756481
1 0.203646 0.398611 0.08125 0.269444
1 0.486458 0.371759 0.020833 0.128704
1 0.528906 0.341204 0.014063 0.056481
1 0.571094 0.371759 0.025521 0.156481
10 0.163281 0.502315 0.167187 0.173148
1 0.307031 0.348611 0.021354 0.100926
1 0.578385 0.372222 0.025521 0.144444
1 0.670833 0.366204 0.017708 0.113889
1 0.270833 0.364815 0.019792 0.12037
1 0.246875 0.362963 0.022917 0.12037
1 0.294531 0.37037 0.022396 0.12963
10 0.339844 0.412963 0.058854 0.081481
10 0.276562 0.44537 0.102083 0.107407
1 -0.008073 0.369907 0.026562 0.150926
1 0.508333 0.335185 0.009375 0.035185
7 0.454948 0.347222 0.024479 0.055556
7 0.465104 0.356481 0.01875 0.057407
10 0.016927 0.396759 0.076563 0.067593
10 0.102865 0.361111 0.057812 0.081481
1 0.379167 0.343981 0.0125 0.060185
1 0.355208 0.339352 0.0125 0.073148
10 0.828906 0.360648 0.291146 0.223148
1 0.350521 0.340741 0.0125 0.059259
1 0.342187 0.336574 0.0125 0.060185
