1 0.64401 0.35 0.030729 0.138889
1 0.464062 0.341667 0.030208 0.146296
1 0.199479 0.390741 0.088542 0.348148
1 0.507812 0.346296 0.028125 0.135185
1 0.571615 0.32037 0.015104 0.066667
1 0.628906 0.356019 0.025521 0.182407
10 0.083854 0.5375 0.23125 0.258333
1 0.338542 0.325 0.020833 0.094444
1 0.627865 0.356481 0.026562 0.164815
1 0.198437 0.337037 0.026042 0.131481
1 0.170052 0.336574 0.028646 0.141667
1 0.524219 0.319907 0.014063 0.058333
1 0.3 0.343981 0.029167 0.139815
10 0.348958 0.39213 0.080208 0.09537
10 0.25625 0.442593 0.139583 0.142593
1 0.540104 0.312037 0.009375 0.038889
1 0.53099 0.313889 0.007812 0.044444
7 0.48099 0.331481 0.024479 0.061111
7 0.498958 0.337037 0.020833 0.059259
10 0.00651 0.378241 0.076563 0.067593
10 0.102865 0.340741 0.071354 0.085185
1 0.391406 0.312963 0.015104 0.066667
1 0.371615 0.311574 0.015104 0.075
10 0.903906 0.35787 0.291146 0.223148
1 0.382292 0.318519 0.0125 0.059259
1 0.371875 0.31713 0.0125 0.060185
