1 0.569792 0.390278 0.035417 0.149074
1 0.510417 0.376389 0.026042 0.132407
1 0.485937 0.372685 0.028125 0.14537
1 0.776302 0.604167 0.115104 0.64537
1 0.911719 0.618056 0.160938 0.697222
1 0.3625 0.375 0.05 0.17963
1 0.520052 0.371296 0.021354 0.12037
1 0.019531 0.387037 0.041146 0.181481
1 0.557813 0.368056 0.020833 0.115741
10 0.314583 0.413889 0.078125 0.087037
1 0.26901 0.359259 0.025521 0.111111
1 0.788542 0.449074 0.066667 0.375926
1 0.564323 0.368981 0.018229 0.102778
1 0.613021 0.36713 0.017708 0.106481
1 0.291667 0.358333 0.025 0.124074
1 0.277865 0.3625 0.021354 0.110185
1 0.523698 0.364815 0.020313 0.092593
1 0.509375 0.363889 0.021875 0.096296
1 0.361198 0.36713 0.019271 0.10463
10 0.391406 0.388426 0.047396 0.060185
10 0.359635 0.402778 0.058854 0.07037
1 0.138542 0.330556 0.014583 0.068519
1 0.151042 0.353704 0.020833 0.105556
7 0.470312 0.35463 0.01875 0.05
7 0.485677 0.360648 0.017188 0.049074
10 0.161719 0.369907 0.052604 0.056481
1 0.166667 0.334722 0.014583 0.063889
10 0.202604 0.353704 0.041667 0.061111
1 0.414844 0.343981 0.011979 0.058333
1 0.403646 0.343056 0.009375 0.058333
10 0.776302 0.328241 0.291146 0.223148
1 0.382812 0.346759 0.0125 0.052778
1 0.371094 0.345833 0.010937 0.050926
