1 0.621615 0.327315 0.031771 0.143519
1 0.465625 0.319444 0.029167 0.140741
1 0.421354 0.338426 0.044792 0.213889
1 0.909115 0.565278 0.125521 0.737963
1 0.22474 0.342593 0.051562 0.22963
1 0.501563 0.32037 0.026042 0.122222
1 0.533854 0.287963 0.011458 0.053704
1 0.572135 0.312037 0.026562 0.140741
10 0.241406 0.421759 0.121354 0.132407
1 0.297396 0.314815 0.025 0.105556
1 0.575781 0.313426 0.021354 0.134259
1 0.646875 0.304167 0.019792 0.110185
1 0.107292 0.350926 0.055208 0.233333
1 0.085156 0.363889 0.044271 0.2
1 0.367448 0.311574 0.022396 0.108333
1 0.357552 0.313426 0.023438 0.110185
1 0.319792 0.325463 0.022917 0.121296
10 0.365365 0.355556 0.056771 0.068519
10 0.319271 0.379167 0.084375 0.091667
1 0.026562 0.306019 0.017708 0.093519
1 0.059896 0.330093 0.028125 0.134259
7 0.459115 0.308796 0.020313 0.049074
7 0.473958 0.312037 0.017708 0.053704
10 0.078906 0.353704 0.069271 0.064815
1 0.058073 0.304167 0.017188 0.071296
10 0.142969 0.318056 0.050521 0.076852
1 0.402344 0.29537 0.010937 0.059259
1 0.386979 0.292593 0.010417 0.064815
10 0.813281 0.285648 0.291146 0.223148
1 0.364063 0.302778 0.0125 0.059259
1 0.353646 0.291667 0.011458 0.053704
