1 0.613542 0.381019 0.032292 0.143519
1 0.448437 0.364352 0.029167 0.141667
1 0.34375 0.40787 0.065625 0.300926
1 0.976823 0.625926 0.148438 0.72037
1 0.201042 0.391204 0.066667 0.267593
1 0.484896 0.367593 0.026042 0.127778
1 0.521094 0.344907 0.013021 0.05463
1 0.565104 0.366667 0.034375 0.155556
10 0.180469 0.485648 0.151562 0.156481
1 0.294531 0.355093 0.021354 0.100926
1 0.571615 0.36713 0.025521 0.139815
1 0.655729 0.3625 0.020833 0.110185
1 0.294792 0.358333 0.019792 0.12037
1 0.275521 0.358333 0.022917 0.118519
1 0.297656 0.362963 0.022396 0.12963
10 0.341146 0.406481 0.059375 0.075926
10 0.279167 0.4375 0.101042 0.106481
1 0.003646 0.36713 0.027083 0.14537
1 0.498698 0.339352 0.009896 0.034259
7 0.44401 0.356944 0.022396 0.052778
7 0.463542 0.362037 0.01875 0.057407
10 0.028385 0.397685 0.076563 0.067593
10 0.103906 0.355556 0.057812 0.081481
1 0.383594 0.341667 0.010937 0.059259
1 0.360677 0.336111 0.013021 0.066667
10 0.816406 0.356019 0.291146 0.223148
1 0.348438 0.340741 0.0125 0.059259
1 0.336979 0.336574 0.011458 0.060185
