1 0.64375 0.348148 0.032292 0.142593
1 0.461458 0.337963 0.030208 0.146296
1 0.066406 0.462963 0.155729 0.572222
1 0.208854 0.382407 0.082292 0.335185
1 0.508333 0.349074 0.029167 0.137037
1 0.566146 0.313889 0.014583 0.061111
1 0.61849 0.348148 0.025521 0.175926
10 0.105729 0.531019 0.214583 0.236111
1 0.333073 0.33287 0.021354 0.099074
1 0.620833 0.347685 0.027083 0.160185
1 0.214844 0.335185 0.026562 0.131481
1 0.191927 0.343981 0.026562 0.126852
1 0.521094 0.311574 0.014063 0.058333
1 0.305208 0.340278 0.021875 0.136111
10 0.350521 0.394907 0.078125 0.089815
10 0.26875 0.439815 0.126042 0.131481
1 0.536979 0.310185 0.009375 0.038889
1 0.527604 0.309722 0.008333 0.039815
7 0.477083 0.33287 0.025 0.060185
7 0.49349 0.336574 0.020313 0.056481
10 0.013802 0.379167 0.076563 0.067593
10 0.10651 0.333796 0.065104 0.086111
1 0.392448 0.312963 0.015104 0.066667
1 0.372656 0.31713 0.015104 0.075
10 0.890365 0.35787 0.291146 0.223148
1 0.378646 0.312963 0.0125 0.059259
1 0.367708 0.30787 0.0125 0.060185
