1 0.599479 0.342593 0.032292 0.137037
1 0.421354 0.336111 0.032292 0.161111
1 0.4625 0.344444 0.029167 0.144444
1 0.614062 0.329167 0.019792 0.100926
1 0.736198 0.392593 0.051562 0.366667
1 0.365885 0.333796 0.021354 0.102778
1 0.715365 0.382407 0.049479 0.311111
1 0.528385 0.315741 0.014063 0.064815
1 0.117448 0.399074 0.056771 0.277778
10 0.196354 0.484722 0.172917 0.197222
1 0.1125 0.330093 0.021875 0.106481
1 0.111198 0.318981 0.015104 0.080556
1 0.13151 0.309722 0.015104 0.078704
1 0.555729 0.311574 0.0125 0.050926
1 0.542188 0.312037 0.011458 0.051852
7 0.479167 0.341204 0.022917 0.080556
7 0.497396 0.347222 0.025 0.077778
1 0.384896 0.321296 0.0125 0.059259
8 0.854948 0.306944 0.027604 0.141667
8 0.884375 0.306019 0.032292 0.143519
8 0.913802 0.304167 0.027604 0.136111
