1 0.590104 0.32963 0.034375 0.151852
1 0.452083 0.315741 0.029167 0.140741
1 0.425781 0.331944 0.039062 0.191667
1 0.842187 0.552778 0.109375 0.705556
1 0.984896 0.562963 0.155208 0.759259
1 0.236719 0.327778 0.040104 0.216667
1 0.488542 0.310185 0.023958 0.124074
1 0.507292 0.288889 0.0125 0.048148
1 0.542448 0.312963 0.026562 0.133333
10 0.235417 0.400463 0.111458 0.117593
1 0.268229 0.306481 0.025 0.105556
1 0.546875 0.31713 0.020833 0.121296
1 0.611198 0.308796 0.017188 0.110185
1 0.135937 0.335648 0.039583 0.202778
1 0.115885 0.343981 0.029687 0.178704
1 0.376563 0.313889 0.025 0.105556
1 0.367188 0.308333 0.019792 0.111111
1 0.310937 0.322685 0.022917 0.121296
10 0.349219 0.343519 0.056771 0.068519
10 0.305208 0.367593 0.078125 0.092593
1 0.01875 0.297685 0.017708 0.087963
1 0.057812 0.316204 0.027083 0.128704
7 0.441406 0.301389 0.020313 0.049074
7 0.460417 0.303704 0.017708 0.05
10 0.07526 0.341667 0.069271 0.064815
1 0.057031 0.304167 0.017188 0.071296
10 0.127083 0.3125 0.045833 0.071296
1 0.371615 0.3 0.010937 0.059259
1 0.369271 0.286111 0.010417 0.064815
10 0.782552 0.279167 0.291146 0.223148
1 0.347917 0.303241 0.0125 0.058333
1 0.333854 0.298148 0.011458 0.053704
