1 0.615104 0.380556 0.03125 0.133333
1 0.44375 0.372222 0.030208 0.159259
1 0.148177 0.506944 0.151562 0.517593
1 0.494792 0.376852 0.023958 0.142593
1 0.601562 0.348148 0.023958 0.085185
1 0.702083 0.40463 0.0625 0.298148
1 0.355208 0.363889 0.019792 0.1
1 0.678906 0.400463 0.042188 0.250926
1 0.532292 0.348611 0.014583 0.060185
1 0.203906 0.419907 0.032813 0.232407
10 0.269792 0.47963 0.129167 0.146296
10 -0.009115 0.635185 0.145313 0.316667
10 0.110677 0.613426 0.094271 0.269444
1 0.184115 0.352778 0.022396 0.098148
1 0.179427 0.343981 0.014063 0.071296
1 0.55651 0.344444 0.009896 0.042593
1 0.54375 0.340278 0.010417 0.049074
7 0.48776 0.377778 0.023438 0.07037
7 0.504167 0.37963 0.022917 0.07037
10 0.00625 0.398611 0.083333 0.100926
1 0.333333 0.35463 0.015625 0.066667
10 1.060677 0.483796 0.291146 0.223148
1 0.388542 0.351852 0.0125 0.059259
1 0.378125 0.350463 0.0125 0.060185
8 0.809896 0.335185 0.023958 0.122222
8 0.836458 0.334259 0.026042 0.12963
8 0.861198 0.335648 0.026562 0.121296
