1 0.614844 0.366667 0.031771 0.135185
1 0.447917 0.363889 0.030208 0.162963
1 0.120833 0.515741 0.1625 0.557407
1 0.489583 0.363889 0.029167 0.144444
1 0.610938 0.344444 0.019792 0.085185
1 0.708073 0.398148 0.044271 0.3
1 0.367188 0.357407 0.019792 0.1
1 0.695833 0.393519 0.04375 0.266667
1 0.539583 0.338426 0.014583 0.060185
1 0.195833 0.412963 0.032292 0.244444
10 0.264583 0.48287 0.138542 0.152778
10 0.064844 0.629167 0.114062 0.287963
1 0.179427 0.349074 0.022396 0.098148
1 0.163281 0.341667 0.014063 0.064815
1 0.172135 0.334722 0.014063 0.073148
1 0.564583 0.338426 0.009375 0.047222
1 0.549479 0.335648 0.011458 0.050926
7 0.49401 0.369444 0.023438 0.07037
7 0.510938 0.373148 0.022917 0.072222
10 0.002083 0.389352 0.083333 0.100926
1 0.332031 0.343981 0.017188 0.065741
10 1.097656 0.502315 0.282813 0.223148
1 0.39375 0.340741 0.0125 0.059259
1 0.384896 0.338426 0.0125 0.060185
8 0.826823 0.324537 0.024479 0.125
8 0.854167 0.324537 0.028125 0.128704
8 0.880208 0.322685 0.026042 0.123148
