1 0.622396 0.349074 0.032292 0.138889
1 0.44375 0.346296 0.03125 0.162963
1 0.029687 0.559722 0.191667 0.682407
1 0.479167 0.353704 0.029167 0.144444
1 0.62474 0.338426 0.020313 0.091667
1 0.739062 0.396759 0.051042 0.337963
1 0.376823 0.335185 0.020313 0.1
1 0.718229 0.393981 0.045833 0.289815
1 0.547917 0.325463 0.014583 0.060185
1 0.178646 0.408333 0.058333 0.264815
10 0.238542 0.476389 0.154167 0.176852
10 -0.029167 0.687037 0.120833 0.288889
1 0.157812 0.327315 0.021875 0.106481
1 0.14349 0.32037 0.015104 0.074074
1 0.148438 0.319907 0.014583 0.076852
1 0.572396 0.322222 0.010417 0.046296
1 0.559115 0.324074 0.010937 0.055556
7 0.495573 0.344444 0.023438 0.074074
7 0.513542 0.351389 0.022917 0.075
1 0.327344 0.329167 0.017188 0.065741
1 0.403125 0.331481 0.0125 0.059259
1 0.394271 0.327315 0.0125 0.060185
8 0.847135 0.311111 0.026562 0.133333
8 0.876042 0.311574 0.03125 0.134259
8 0.904167 0.308333 0.027083 0.12963
