1 0.617188 0.325926 0.034375 0.151852
1 0.464583 0.312963 0.029167 0.140741
1 0.422917 0.334722 0.042708 0.213889
1 0.901562 0.563889 0.113542 0.735185
1 0.225781 0.340278 0.054688 0.226852
1 0.496875 0.317593 0.027083 0.124074
1 0.532813 0.286574 0.011458 0.052778
1 0.570312 0.310648 0.028125 0.139815
10 0.241146 0.421296 0.120833 0.131481
1 0.295312 0.314815 0.025 0.105556
1 0.574479 0.312037 0.021875 0.133333
1 0.644792 0.302315 0.019792 0.110185
1 0.109896 0.349537 0.054167 0.230556
1 0.08776 0.362963 0.043229 0.198148
1 0.36875 0.311111 0.022917 0.107407
1 0.358333 0.313426 0.022917 0.110185
1 0.320312 0.323611 0.022917 0.121296
10 0.364323 0.355556 0.056771 0.068519
10 0.317969 0.378704 0.083854 0.092593
1 0.027604 0.306944 0.017708 0.093519
1 0.061979 0.331019 0.028125 0.134259
7 0.457552 0.308796 0.020313 0.049074
7 0.474479 0.310185 0.017708 0.053704
10 0.080469 0.353704 0.069271 0.064815
1 0.058073 0.303241 0.017188 0.071296
10 0.142448 0.31713 0.050521 0.076852
1 0.401302 0.293519 0.010937 0.059259
1 0.385417 0.292593 0.010417 0.064815
10 0.811198 0.284722 0.291146 0.223148
1 0.364583 0.301852 0.0125 0.059259
1 0.353125 0.290741 0.011458 0.053704
