1 0.665885 0.534722 0.052604 0.299074
1 0.597396 0.498148 0.0375 0.161111
1 0.150521 0.536574 0.063542 0.263889
1 0.485417 0.46713 0.023958 0.112037
1 0.055208 0.510648 0.044792 0.187963
1 0.175521 0.503241 0.034375 0.178704
1 0.100781 0.516204 0.033854 0.169444
1 0.461198 0.471296 0.020313 0.1
1 0.139063 0.511111 0.034375 0.177778
1 0.442448 0.45463 0.017188 0.081481
10 0.33099 0.489815 0.051562 0.061111
10 0.366927 0.589352 0.073438 0.321296
1 0.172135 0.480093 0.026562 0.125
1 0.474479 0.467593 0.015625 0.094444
1 0.283594 0.456944 0.011979 0.065741
1 0.273698 0.461111 0.010937 0.055556
1 0.294531 0.4625 0.011979 0.069444
1 0.264583 0.45787 0.011458 0.058333
1 0.249219 0.456944 0.010937 0.060185
1 0.235937 0.460648 0.010417 0.050926
10 0.640365 0.381944 0.291146 0.223148
10 0.030469 0.51713 0.095312 0.084259
7 0.69974 0.477315 0.021354 0.099074
