1 0.60026 0.381019 0.030729 0.132407
1 0.429167 0.381481 0.03125 0.151852
1 0.191146 0.472685 0.126042 0.45463
1 0.488281 0.380093 0.025521 0.139815
1 0.577083 0.355556 0.019792 0.077778
1 0.659115 0.4 0.048438 0.257407
1 0.329948 0.372685 0.020313 0.097222
1 0.647396 0.398148 0.036458 0.224074
1 0.515625 0.348611 0.014583 0.060185
1 0.217448 0.40787 0.033854 0.19537
10 0.273177 0.471296 0.117188 0.133333
10 0.07474 0.6 0.229687 0.248148
1 0.539844 0.346759 0.010937 0.037963
1 0.519271 0.347685 0.009375 0.050926
7 0.467969 0.376852 0.023438 0.07037
7 0.488802 0.370833 0.023438 0.067593
10 0.010417 0.395833 0.083333 0.100926
1 0.333073 0.35463 0.015104 0.066667
10 0.990885 0.456944 0.291146 0.223148
1 0.370312 0.351852 0.0125 0.059259
1 0.360417 0.352315 0.0125 0.060185
8 0.784115 0.331481 0.023438 0.118519
8 0.808854 0.335185 0.023958 0.122222
8 0.82526 0.338426 0.027604 0.112037
