1 0.64375 0.35 0.029167 0.131481
1 0.466667 0.340741 0.030208 0.146296
1 0.201563 0.385185 0.083333 0.337037
1 0.50651 0.340741 0.026562 0.133333
1 0.571354 0.318056 0.014583 0.065741
1 0.628125 0.353241 0.025 0.180556
10 0.08724 0.534259 0.229687 0.255556
1 0.338542 0.324074 0.020833 0.094444
1 0.626823 0.355093 0.026562 0.163889
1 0.202604 0.330556 0.028125 0.135185
1 0.173437 0.334722 0.028125 0.141667
1 0.524219 0.318981 0.014063 0.058333
1 0.300781 0.342593 0.027604 0.138889
10 0.34974 0.389815 0.079687 0.094444
10 0.257292 0.438889 0.139583 0.140741
1 0.539583 0.310185 0.009375 0.038889
1 0.530469 0.313426 0.007812 0.043519
7 0.48099 0.330093 0.024479 0.060185
7 0.498437 0.334722 0.020833 0.058333
10 0.008073 0.376389 0.076563 0.067593
10 0.103385 0.339815 0.070312 0.085185
1 0.391406 0.311111 0.015104 0.066667
1 0.372135 0.310648 0.015104 0.075
10 0.902865 0.356019 0.291146 0.223148
1 0.382292 0.316667 0.0125 0.059259
1 0.371354 0.316204 0.0125 0.060185
