1 0.571875 0.390741 0.035417 0.151852
1 0.511458 0.377778 0.027083 0.133333
1 0.4875 0.372222 0.027083 0.144444
1 0.777083 0.60463 0.11875 0.646296
1 0.91276 0.623611 0.161979 0.699074
1 0.36276 0.373611 0.045312 0.180556
1 0.520312 0.371296 0.021875 0.12037
1 0.020313 0.386111 0.041667 0.181481
1 0.558073 0.368056 0.022396 0.117593
10 0.315104 0.412963 0.078125 0.087037
1 0.271094 0.358333 0.025521 0.111111
1 0.795312 0.451389 0.067708 0.382407
1 0.565365 0.367593 0.018229 0.103704
1 0.615104 0.36713 0.017708 0.106481
1 0.291667 0.357407 0.025 0.124074
1 0.277865 0.361574 0.021354 0.110185
1 0.523698 0.362963 0.020313 0.092593
1 0.509375 0.362963 0.021875 0.096296
1 0.3625 0.366667 0.019792 0.105556
10 0.392448 0.3875 0.047396 0.060185
10 0.360677 0.402778 0.058854 0.07037
1 0.139323 0.32963 0.014063 0.068519
1 0.151562 0.351852 0.020833 0.105556
7 0.471875 0.353704 0.01875 0.05
7 0.48724 0.359722 0.017188 0.049074
10 0.16224 0.368056 0.052604 0.056481
1 0.166667 0.333333 0.014583 0.064815
10 0.203125 0.351852 0.041667 0.061111
1 0.415885 0.343056 0.011979 0.058333
1 0.405208 0.34213 0.009375 0.058333
10 0.777865 0.327315 0.291146 0.223148
1 0.384375 0.345833 0.0125 0.052778
1 0.372656 0.34537 0.010937 0.051852
