1 0.590365 0.325463 0.026562 0.130556
1 0.401042 0.333333 0.032292 0.159259
1 0.447135 0.333333 0.025521 0.146296
1 0.627083 0.318519 0.03125 0.111111
1 0.785417 0.392593 0.063542 0.45
1 0.370052 0.322222 0.021354 0.103704
1 0.757031 0.391667 0.063021 0.381481
1 0.523438 0.303241 0.015625 0.063889
1 0.034635 0.425463 0.055729 0.34537
10 0.11901 0.529167 0.224479 0.243519
1 0.061458 0.323148 0.03125 0.122222
1 0.066146 0.31713 0.017708 0.086111
1 0.092969 0.323148 0.020313 0.087037
1 0.557292 0.298611 0.0125 0.052778
1 0.544792 0.302778 0.010417 0.051852
7 0.47526 0.333796 0.024479 0.087963
7 0.50026 0.337963 0.025521 0.085185
1 0.388021 0.312963 0.0125 0.059259
8 0.870312 0.297685 0.030208 0.158333
8 0.902083 0.294907 0.035417 0.160185
8 0.933594 0.29537 0.029687 0.15
1 0.308073 0.304167 0.013021 0.04537
1 0.320052 0.307407 0.010937 0.046296
1 0.333073 0.302778 0.010937 0.038889
1 0.339583 0.303241 0.011458 0.041667
