1 0.523438 0.417593 0.036458 0.153704
1 0.472917 0.394444 0.027083 0.12963
1 0.447656 0.396759 0.024479 0.134259
1 0.784896 0.637037 0.117708 0.637037
1 0.926042 0.626852 0.145833 0.657407
1 0.332552 0.405093 0.043229 0.162037
1 0.477604 0.393519 0.021875 0.116667
1 0.507292 0.393519 0.025 0.116667
10 0.289583 0.44537 0.065625 0.090741
1 0.209635 0.392593 0.026562 0.116667
1 0.668229 0.440278 0.046875 0.258333
1 0.515104 0.387037 0.016667 0.096296
1 0.559375 0.39213 0.017708 0.106481
1 0.267708 0.3875 0.023958 0.121296
1 0.252865 0.393981 0.017188 0.100926
1 0.515104 0.385648 0.020833 0.086111
1 0.496354 0.391667 0.021875 0.096296
1 0.325781 0.393056 0.017188 0.100926
10 0.347656 0.416667 0.052604 0.055556
10 0.325521 0.429167 0.058333 0.067593
1 0.098177 0.369907 0.013021 0.065741
1 0.114583 0.387963 0.020833 0.105556
7 0.423437 0.385648 0.015625 0.049074
7 0.434896 0.387037 0.015625 0.044444
10 0.12474 0.40787 0.052604 0.056481
1 0.125 0.368981 0.014583 0.063889
10 0.156771 0.385185 0.041667 0.061111
1 0.360938 0.370833 0.0125 0.056481
1 0.348177 0.370833 0.009896 0.052778
10 0.724219 0.343981 0.291146 0.223148
7 0.910937 0.428241 0.0375 0.167593
