1 0.667188 0.533333 0.059375 0.292593
1 0.586198 0.493056 0.034896 0.15463
1 0.136719 0.539815 0.066146 0.27037
1 0.47474 0.461574 0.023438 0.106481
1 0.042188 0.513889 0.045833 0.188889
1 0.160677 0.50787 0.033854 0.171296
1 0.085156 0.513889 0.035937 0.166667
1 0.167969 0.490741 0.035937 0.151852
1 0.451562 0.468981 0.017708 0.100926
1 0.123437 0.512963 0.034375 0.177778
1 0.432292 0.454167 0.01875 0.082407
10 0.31875 0.49213 0.052083 0.062037
10 0.34974 0.59537 0.073438 0.331481
1 0.156771 0.482407 0.026042 0.125926
1 0.48776 0.456944 0.019271 0.09537
1 0.466667 0.462963 0.015625 0.094444
1 0.274479 0.45787 0.0125 0.067593
1 0.264323 0.458796 0.010937 0.052778
1 0.28099 0.465278 0.011979 0.069444
1 0.25625 0.456944 0.011458 0.058333
1 0.240885 0.45463 0.010937 0.061111
1 0.227083 0.460648 0.010417 0.050926
1 0.390625 0.453241 0.013542 0.063889
10 0.629427 0.381944 0.291146 0.223148
7 0.692969 0.469907 0.021354 0.099074
