1 0.613021 0.38287 0.032292 0.141667
1 0.447396 0.36713 0.029167 0.141667
1 0.338802 0.409722 0.066146 0.30463
1 0.976562 0.629167 0.151042 0.717593
1 0.201042 0.390741 0.064583 0.264815
1 0.483854 0.369444 0.023958 0.127778
1 0.520573 0.347685 0.013021 0.05463
1 0.564323 0.37037 0.028646 0.155556
10 0.177865 0.488889 0.152604 0.157407
1 0.29349 0.356944 0.021354 0.100926
1 0.571094 0.368519 0.025521 0.140741
1 0.655469 0.366204 0.019271 0.110185
1 0.291667 0.360185 0.019792 0.12037
1 0.272396 0.360648 0.022917 0.119444
1 0.296094 0.363889 0.022396 0.12963
10 0.340625 0.408333 0.059375 0.075926
10 0.277865 0.440278 0.101562 0.106481
1 0.002083 0.364352 0.027083 0.14537
1 0.498177 0.341204 0.009896 0.034259
7 0.445052 0.356019 0.022396 0.052778
7 0.463021 0.362037 0.01875 0.057407
10 0.026823 0.397685 0.076563 0.067593
10 0.101823 0.356481 0.057812 0.081481
1 0.382552 0.343519 0.010937 0.059259
1 0.360156 0.337963 0.013021 0.066667
10 0.816406 0.359722 0.291146 0.223148
1 0.347396 0.341667 0.0125 0.059259
1 0.336198 0.3375 0.011979 0.060185
