1 0.620052 0.346759 0.032813 0.139815
1 0.459896 0.330556 0.028125 0.140741
1 0.398958 0.366667 0.052083 0.233333
1 0.950521 0.587963 0.123958 0.746296
1 0.20599 0.359722 0.057812 0.247222
1 0.497656 0.3375 0.026562 0.126852
1 0.528125 0.311574 0.0125 0.05463
1 0.567448 0.335185 0.023438 0.15
10 0.220573 0.442593 0.133854 0.142593
1 0.295052 0.321759 0.021354 0.100926
1 0.576042 0.339815 0.020833 0.137037
1 0.648698 0.325 0.018229 0.111111
1 0.047656 0.371296 0.061979 0.259259
1 0.026562 0.387963 0.05625 0.222222
1 0.341406 0.330093 0.020313 0.10463
1 0.327344 0.325463 0.023438 0.110185
1 0.313542 0.34213 0.022917 0.121296
10 0.353125 0.368519 0.059375 0.075926
10 0.301823 0.398148 0.089063 0.101852
1 0.039583 0.336574 0.028125 0.136111
7 0.455729 0.32037 0.020833 0.05
7 0.470052 0.330093 0.018229 0.056481
10 0.061979 0.3625 0.071875 0.065741
10 0.128125 0.3375 0.05625 0.080556
1 0.390885 0.307407 0.010937 0.059259
1 0.37474 0.306481 0.013021 0.066667
10 0.814323 0.309722 0.291146 0.223148
1 0.357812 0.322222 0.0125 0.059259
1 0.34974 0.314815 0.010937 0.059259
