1 0.624479 0.331481 0.034375 0.15
1 0.467187 0.322222 0.029167 0.140741
1 0.413281 0.348148 0.048438 0.224074
1 0.940625 0.559259 0.130208 0.714815
1 0.220312 0.351852 0.061458 0.237037
1 0.502604 0.321759 0.028125 0.123148
1 0.533594 0.292593 0.011979 0.053704
1 0.573958 0.320833 0.032292 0.14537
10 0.232031 0.431481 0.127604 0.137037
1 0.296875 0.318056 0.022917 0.102778
1 0.579948 0.323611 0.021354 0.136111
1 0.648438 0.313426 0.01875 0.110185
1 0.08776 0.352778 0.060937 0.244444
1 0.056771 0.369907 0.05 0.210185
1 0.359115 0.315278 0.020313 0.10463
1 0.34349 0.318981 0.023438 0.110185
1 0.316667 0.333796 0.022917 0.121296
10 0.360156 0.361111 0.057812 0.072222
10 0.309896 0.387963 0.086458 0.098148
1 0.020313 0.303241 0.017708 0.093519
1 0.049479 0.329167 0.028125 0.134259
7 0.458333 0.309259 0.020833 0.05
7 0.472135 0.321296 0.018229 0.055556
10 0.071615 0.353704 0.069271 0.064815
10 0.139844 0.325 0.051562 0.077778
1 0.396094 0.298148 0.010937 0.059259
1 0.38099 0.297685 0.011979 0.065741
10 0.814844 0.296759 0.291146 0.223148
1 0.360938 0.312963 0.0125 0.059259
1 0.355208 0.297685 0.011458 0.05463
