1 0.609375 0.381481 0.032292 0.148148
1 0.447396 0.365278 0.029167 0.141667
1 0.314844 0.419444 0.068229 0.327778
1 0.998437 0.62963 0.161458 0.735185
1 0.20651 0.395833 0.076563 0.289815
1 0.48151 0.36713 0.029687 0.128704
1 0.51875 0.343056 0.013542 0.056481
1 0.561979 0.374074 0.026042 0.157407
10 0.169271 0.496759 0.160417 0.165741
1 0.29974 0.354167 0.021354 0.100926
1 0.569271 0.375926 0.025 0.144444
1 0.657552 0.364815 0.022396 0.116667
1 0.275521 0.364815 0.019792 0.12037
1 0.257812 0.362963 0.022917 0.12037
1 0.286719 0.37037 0.022396 0.12963
10 0.339844 0.411574 0.058854 0.078704
10 0.276823 0.443981 0.101562 0.106481
1 -0.014583 0.365278 0.027083 0.14537
1 0.503646 0.337963 0.009375 0.035185
7 0.450521 0.351389 0.023958 0.05463
7 0.459375 0.362037 0.01875 0.057407
10 0.017969 0.399537 0.076563 0.067593
10 0.096615 0.361111 0.057812 0.081481
1 0.37526 0.344444 0.010937 0.059259
1 0.35599 0.339815 0.013021 0.07037
10 0.822656 0.361574 0.291146 0.223148
1 0.341146 0.34537 0.0125 0.059259
1 0.332813 0.341204 0.0125 0.060185
