1 0.609635 0.369907 0.031771 0.136111
1 0.439062 0.372222 0.03125 0.151852
1 0.217188 0.451852 0.113542 0.448148
1 0.492708 0.375926 0.029167 0.140741
1 0.577083 0.343056 0.016667 0.073148
1 0.653646 0.384259 0.036458 0.244444
1 0.330208 0.3625 0.020833 0.09537
1 0.639062 0.387963 0.034375 0.214815
1 0.013021 0.38287 0.039583 0.14537
1 0.515365 0.342593 0.014063 0.061111
1 0.238281 0.391204 0.031771 0.175
10 0.293229 0.457407 0.104167 0.122222
10 0.111979 0.566204 0.223958 0.221296
1 0.539323 0.341204 0.010937 0.037963
1 0.52474 0.336574 0.009896 0.043519
7 0.471615 0.363889 0.023438 0.07037
7 0.492448 0.36713 0.023438 0.067593
10 0.025 0.388426 0.083333 0.100926
1 0.346615 0.344444 0.015104 0.066667
1 0.31875 0.348611 0.01875 0.076852
10 0.972135 0.433796 0.291146 0.223148
1 0.372917 0.347222 0.0125 0.059259
1 0.361458 0.346759 0.0125 0.060185
8 0.769271 0.326389 0.023958 0.115741
8 0.792448 0.334259 0.022396 0.116667
