1 0.607552 0.368056 0.028646 0.126852
1 0.40625 0.37037 0.032292 0.162963
1 0.447396 0.375926 0.029167 0.148148
1 0.678385 0.365278 0.039062 0.14537
1 0.96901 0.516204 0.108854 0.717593
1 0.397396 0.358796 0.022917 0.102778
1 0.901562 0.489815 0.104167 0.575926
1 0.546875 0.34213 0.016667 0.067593
10 0.01901 0.683333 0.222396 0.366667
1 0.023177 0.353241 0.020313 0.100926
1 0.047396 0.350926 0.026042 0.103704
1 0.582812 0.343981 0.0125 0.052778
1 0.568229 0.349074 0.0125 0.057407
7 0.491146 0.376389 0.030208 0.100926
7 0.514844 0.382407 0.027604 0.090741
8 0.950781 0.326389 0.030729 0.160185
1 0.324219 0.338426 0.013021 0.052778
1 0.334375 0.339815 0.011458 0.046296
1 0.340104 0.330556 0.011458 0.042593
1 0.350781 0.335648 0.011979 0.04537
1 0.384115 0.349074 0.015104 0.053704
