1 0.678125 0.541204 0.064583 0.367593
1 0.530208 0.480556 0.0375 0.162963
1 0.020313 0.555093 0.09375 0.343519
1 0.434896 0.451852 0.023958 0.112963
1 0.086719 0.501852 0.040104 0.187037
1 0.10599 0.486111 0.038021 0.17037
1 0.407812 0.450926 0.020833 0.103704
1 0.053125 0.503241 0.034375 0.186111
1 0.39401 0.445833 0.018229 0.084259
10 0.272396 0.485648 0.054167 0.065741
10 0.281771 0.605093 0.088542 0.384259
1 0.102604 0.481944 0.025 0.128704
1 0.455469 0.451389 0.020313 0.099074
1 0.427344 0.452315 0.015104 0.100926
1 0.226562 0.443056 0.0125 0.067593
1 0.2125 0.445833 0.010417 0.060185
1 0.23724 0.451852 0.015104 0.072222
1 0.19974 0.443519 0.010937 0.061111
1 0.18099 0.445833 0.009896 0.05463
1 0.192969 0.446759 0.010937 0.050926
1 0.349479 0.439352 0.013542 0.063889
10 0.592969 0.371759 0.291146 0.223148
7 0.661458 0.459722 0.020833 0.102778
