1 0.591667 0.322222 0.03125 0.137037
1 0.407812 0.332407 0.032292 0.161111
1 0.445833 0.330556 0.029167 0.146296
1 0.622135 0.306944 0.024479 0.108333
1 0.772656 0.385648 0.064062 0.426852
1 0.36875 0.32037 0.020833 0.103704
1 0.746354 0.38287 0.05625 0.363889
1 0.524219 0.296759 0.015104 0.063889
1 0.051302 0.418519 0.055729 0.337037
10 0.135417 0.518056 0.213542 0.226852
1 0.067187 0.315278 0.022917 0.119444
1 0.072656 0.316667 0.017188 0.085185
1 0.100781 0.316204 0.019271 0.082407
1 0.553646 0.297685 0.0125 0.052778
1 0.544271 0.3 0.010417 0.051852
7 0.47474 0.323611 0.024479 0.084259
7 0.495833 0.331019 0.025 0.082407
1 0.385417 0.30463 0.0125 0.059259
8 0.867448 0.299537 0.029687 0.15463
8 0.898177 0.297222 0.034896 0.157407
8 0.929688 0.297222 0.029167 0.146296
1 0.310156 0.293981 0.013021 0.04537
1 0.319792 0.299074 0.010417 0.046296
1 0.332031 0.29213 0.010937 0.039815
1 0.338542 0.297222 0.011458 0.042593
