1 0.635156 0.360648 0.030729 0.134259
1 0.464062 0.351852 0.030208 0.144444
1 0.19375 0.439815 0.116667 0.472222
1 1.032552 0.675463 0.165104 0.750926
1 0.226562 0.387963 0.066667 0.305556
1 0.49974 0.356481 0.024479 0.133333
1 0.554427 0.327778 0.015104 0.059259
1 0.603125 0.358796 0.030208 0.171296
10 0.138542 0.513426 0.188542 0.199074
1 0.326302 0.3375 0.021354 0.100926
1 0.607552 0.358333 0.026562 0.157407
1 0.72474 0.351852 0.018229 0.112963
1 0.238021 0.345833 0.023958 0.125
1 0.216146 0.346296 0.022917 0.12037
1 0.511719 0.327315 0.014063 0.056481
1 0.307292 0.35787 0.021875 0.136111
10 0.349479 0.4 0.071875 0.088889
10 0.280208 0.443056 0.108333 0.126852
1 0.526563 0.324537 0.009375 0.037963
7 0.466927 0.339815 0.027604 0.061111
7 0.4875 0.350926 0.01875 0.057407
10 0.021094 0.389352 0.076563 0.067593
10 0.107031 0.354167 0.065104 0.084259
1 0.395052 0.328704 0.015104 0.066667
1 0.373177 0.327315 0.015104 0.075
10 0.86849 0.354167 0.291146 0.223148
1 0.372917 0.32963 0.0125 0.059259
1 0.359896 0.325463 0.0125 0.060185
