1 0.615104 0.366667 0.035417 0.151852
1 0.535677 0.344444 0.031771 0.135185
1 0.51901 0.346296 0.027604 0.15
1 0.81849 0.573611 0.114062 0.656481
1 0.975521 0.575463 0.136458 0.713889
1 0.379167 0.356019 0.052083 0.191667
1 0.547917 0.347222 0.022917 0.12037
1 0.56875 0.312963 0.010417 0.042593
1 0.044531 0.365741 0.038021 0.17963
1 0.589583 0.339815 0.027083 0.124074
10 0.334635 0.405556 0.085938 0.090741
1 0.310156 0.339815 0.025521 0.107407
1 0.599479 0.343056 0.01875 0.113889
1 0.65599 0.338426 0.019271 0.108333
1 0.301042 0.337037 0.029167 0.15
1 0.282552 0.352315 0.021354 0.126852
1 0.517448 0.340741 0.020313 0.092593
1 0.506771 0.3375 0.021875 0.100926
1 0.389583 0.341667 0.020833 0.111111
10 0.420573 0.36713 0.047396 0.060185
10 0.384896 0.381944 0.066667 0.071296
1 0.163542 0.307407 0.0125 0.07037
1 0.172135 0.330556 0.020313 0.109259
7 0.501042 0.336111 0.01875 0.05
7 0.517969 0.338426 0.017188 0.049074
10 0.184115 0.353704 0.054688 0.055556
1 0.178906 0.318981 0.017188 0.071296
10 0.219271 0.333333 0.042708 0.062963
1 0.446875 0.321759 0.011458 0.056481
1 0.435677 0.32037 0.008854 0.061111
10 0.816927 0.304167 0.291146 0.223148
1 0.413281 0.318056 0.011979 0.052778
1 0.401302 0.317593 0.010937 0.051852
