1 0.591667 0.32963 0.034375 0.151852
1 0.452083 0.316667 0.029167 0.140741
1 0.423958 0.333333 0.039583 0.192593
1 0.845833 0.557407 0.1125 0.707407
1 0.991406 0.561111 0.153646 0.757407
1 0.235156 0.32963 0.041146 0.216667
1 0.489063 0.311111 0.023958 0.124074
1 0.506771 0.292593 0.0125 0.048148
1 0.543229 0.312963 0.030208 0.133333
10 0.236198 0.402778 0.111979 0.118519
1 0.270313 0.307407 0.025 0.105556
1 0.548698 0.315741 0.021354 0.122222
1 0.611719 0.3125 0.017188 0.110185
1 0.135156 0.339352 0.040104 0.20463
1 0.114583 0.34537 0.030208 0.17963
1 0.373958 0.316667 0.025 0.105556
1 0.366667 0.308796 0.019792 0.112037
1 0.309375 0.324537 0.022917 0.121296
10 0.35026 0.344444 0.056771 0.068519
10 0.305729 0.369444 0.078125 0.092593
1 0.019792 0.299537 0.017708 0.087963
1 0.057552 0.318519 0.027604 0.12963
7 0.441406 0.304167 0.020313 0.049074
7 0.460417 0.305556 0.017708 0.05
10 0.07474 0.344444 0.069271 0.064815
1 0.057031 0.303241 0.017188 0.071296
10 0.128385 0.312037 0.046354 0.072222
1 0.37526 0.298148 0.010937 0.059259
1 0.370312 0.287037 0.010417 0.064815
10 0.784115 0.279167 0.291146 0.223148
1 0.346875 0.305093 0.0125 0.058333
1 0.332292 0.3 0.011458 0.053704
