1 0.555729 0.402315 0.036458 0.152778
1 0.495833 0.392593 0.027083 0.131481
1 0.471875 0.381481 0.029167 0.144444
1 0.777865 0.619907 0.117188 0.639815
1 0.918229 0.633796 0.135417 0.682407
1 0.349479 0.385185 0.048958 0.175926
1 0.50651 0.37963 0.022396 0.118519
1 0.010937 0.404167 0.038542 0.178704
1 0.542188 0.387963 0.026042 0.12037
10 0.307812 0.430556 0.071875 0.087037
1 0.249219 0.375 0.025521 0.111111
1 0.740885 0.45 0.056771 0.32963
1 0.545312 0.382407 0.01875 0.098148
1 0.596354 0.383796 0.017708 0.106481
1 0.284375 0.373611 0.023958 0.121296
1 0.272135 0.379167 0.021354 0.112037
1 0.523698 0.381481 0.020313 0.092593
1 0.507292 0.375 0.021875 0.096296
1 0.34974 0.373611 0.017188 0.100926
10 0.377083 0.402315 0.047917 0.056481
10 0.348438 0.414815 0.058333 0.068519
1 0.12474 0.343056 0.013021 0.069444
1 0.139583 0.367593 0.020833 0.105556
7 0.454687 0.373148 0.01875 0.05
7 0.470052 0.369907 0.017188 0.047222
10 0.14974 0.384722 0.052604 0.056481
1 0.153646 0.352315 0.014583 0.063889
10 0.188021 0.369444 0.041667 0.061111
1 0.397135 0.359259 0.011979 0.059259
1 0.388281 0.352778 0.009896 0.057407
10 0.758594 0.339352 0.291146 0.223148
1 0.367708 0.356481 0.0125 0.051852
1 0.358854 0.354167 0.011458 0.04537
7 0.977344 0.434259 0.040104 0.166667
