1 0.488021 0.42963 0.036458 0.159259
1 0.430729 0.410185 0.026042 0.12037
1 0.365365 0.403704 0.019271 0.103704
1 0.97526 0.574537 0.085938 0.521296
1 0.026302 0.451389 0.052604 0.217593
1 0.244792 0.418056 0.030208 0.130556
1 0.415625 0.405556 0.020833 0.107407
1 0.427344 0.403704 0.020313 0.098148
10 0.270052 0.45463 0.064062 0.077778
1 0.115885 0.428241 0.029687 0.134259
1 0.51875 0.405556 0.025 0.137037
1 0.464323 0.398611 0.016146 0.102778
1 0.229427 0.407407 0.017188 0.092593
1 0.220312 0.410648 0.013542 0.076852
1 0.249479 0.4125 0.017708 0.087963
10 0.288542 0.431481 0.040625 0.051852
1 0.378125 0.390278 0.013542 0.063889
1 0.038802 0.396759 0.010937 0.065741
1 0.064844 0.419444 0.017188 0.094444
7 0.329688 0.4 0.01875 0.048148
7 0.3375 0.399074 0.015625 0.044444
10 0.070573 0.436111 0.049479 0.05
1 0.060156 0.406481 0.011979 0.059259
10 0.085417 0.41713 0.032292 0.05463
10 0.63151 0.336574 0.291146 0.223148
7 0.730469 0.416204 0.025521 0.126852
