1 0.610156 0.365741 0.028646 0.133333
1 0.438802 0.369444 0.029687 0.146296
1 0.23125 0.447222 0.114583 0.431481
1 0.49401 0.371759 0.026562 0.137963
1 0.575 0.34213 0.016667 0.071296
1 0.645833 0.384259 0.042708 0.22963
1 0.330208 0.357407 0.020833 0.094444
1 0.636719 0.384259 0.033854 0.209259
1 0.030729 0.381944 0.038542 0.143519
1 0.514583 0.343056 0.013542 0.060185
1 0.241667 0.391667 0.027083 0.168519
10 0.29974 0.451389 0.100521 0.123148
10 0.134375 0.556481 0.20625 0.209259
1 0.536198 0.340278 0.010937 0.037963
1 0.523698 0.334259 0.008854 0.044444
7 0.471094 0.363889 0.023438 0.07037
7 0.488802 0.369907 0.022396 0.065741
10 0.032292 0.390278 0.083333 0.100926
1 0.348177 0.349074 0.015104 0.066667
1 0.322917 0.350463 0.01875 0.076852
10 0.96276 0.427315 0.291146 0.223148
1 0.371354 0.349074 0.0125 0.059259
1 0.360938 0.346759 0.0125 0.060185
8 0.766667 0.324537 0.023958 0.115741
8 0.789844 0.331944 0.022396 0.115741
