1 0.636979 0.383333 0.030208 0.133333
1 0.435937 0.386574 0.032292 0.167593
1 0.475 0.393056 0.036458 0.15463
1 0.74974 0.381019 0.041146 0.176852
1 0.584115 0.35787 0.016146 0.063889
10 -0.082812 0.796296 0.221875 0.388889
1 0.010937 0.3875 0.025 0.108333
1 0.0375 0.381481 0.021875 0.112963
1 0.619792 0.359259 0.014583 0.059259
1 0.6 0.356019 0.0125 0.067593
7 0.523698 0.398148 0.031771 0.107407
7 0.549219 0.403241 0.031771 0.100926
1 0.352344 0.357407 0.013021 0.051852
1 0.363281 0.35787 0.010937 0.047222
1 0.376042 0.350926 0.011458 0.046296
1 0.410938 0.358333 0.015625 0.053704
