1 0.634896 0.358333 0.029167 0.138889
1 0.460938 0.347222 0.029167 0.142593
1 0.282292 0.424074 0.078125 0.383333
1 1.03724 0.67963 0.158854 0.746296
1 0.227604 0.386574 0.063542 0.289815
1 0.501563 0.350926 0.029167 0.12963
1 0.548698 0.324537 0.014063 0.056481
1 0.594271 0.354167 0.03125 0.162037
10 0.161979 0.498148 0.179167 0.185185
1 0.320052 0.338426 0.021354 0.100926
1 0.600781 0.356019 0.025521 0.149074
1 0.702865 0.344907 0.022396 0.113889
1 0.275781 0.353704 0.021354 0.122222
1 0.251563 0.35463 0.022917 0.12037
1 0.305469 0.366204 0.022396 0.132407
10 0.351302 0.396759 0.071354 0.080556
10 0.283073 0.428241 0.107812 0.113889
1 0.00026 0.358333 0.026562 0.157407
1 0.516927 0.330556 0.009896 0.037037
7 0.463021 0.343056 0.026042 0.058333
7 0.482292 0.34537 0.01875 0.057407
10 0.029948 0.383796 0.076563 0.067593
10 0.111198 0.359259 0.061979 0.081481
1 0.394271 0.324074 0.015625 0.062963
1 0.372396 0.319444 0.015625 0.072222
10 0.857031 0.349537 0.291146 0.223148
1 0.365104 0.334259 0.0125 0.059259
1 0.355208 0.331019 0.0125 0.060185
