1 0.64375 0.359259 0.03125 0.142593
1 0.463542 0.352315 0.030208 0.149074
1 0.198958 0.414815 0.097917 0.37037
1 0.509635 0.356481 0.028646 0.137037
1 0.575781 0.335648 0.016146 0.063889
1 0.639062 0.366667 0.023958 0.192593
10 0.042969 0.587037 0.251563 0.288889
1 0.341667 0.341667 0.020833 0.094444
1 0.633333 0.37037 0.026042 0.175926
1 0.16224 0.366667 0.027604 0.133333
1 0.123958 0.366204 0.038542 0.14537
1 0.525781 0.333796 0.014063 0.058333
1 0.290625 0.367593 0.027083 0.15
10 0.344792 0.418056 0.084375 0.100926
10 0.245312 0.478241 0.14375 0.158333
1 0.543229 0.326852 0.009375 0.038889
1 0.53125 0.325463 0.009375 0.041667
7 0.484635 0.35 0.024479 0.061111
7 0.503906 0.354167 0.021354 0.063889
10 -0.008594 0.408796 0.076563 0.073148
10 0.090885 0.372222 0.074479 0.085185
1 0.386719 0.334259 0.015104 0.066667
1 0.367708 0.325926 0.014583 0.075926
10 0.922135 0.379167 0.291146 0.223148
1 0.383333 0.336111 0.0125 0.059259
1 0.370833 0.338426 0.0125 0.060185
8 0.753646 0.318981 0.023958 0.115741
