1 0.448958 0.446296 0.0375 0.159259
1 0.382292 0.418519 0.025 0.118519
1 0.29349 0.415278 0.018229 0.091667
1 0.946615 0.597222 0.124479 0.498148
1 -0.00651 0.458333 0.044271 0.201852
1 0.205729 0.422222 0.028125 0.127778
1 0.359896 0.422222 0.021875 0.107407
1 0.363021 0.409722 0.017708 0.091667
10 0.2125 0.456944 0.060417 0.073148
10 -0.009115 0.662037 0.165104 0.696296
1 0.039583 0.443981 0.030208 0.134259
1 0.445833 0.415741 0.021875 0.116667
1 0.397135 0.413426 0.016146 0.102778
1 0.172656 0.410648 0.018229 0.086111
1 0.16224 0.418056 0.014063 0.069444
1 0.191146 0.41713 0.017708 0.087963
1 0.31875 0.400463 0.013542 0.063889
7 0.261198 0.40787 0.019271 0.04537
7 0.272917 0.411111 0.015625 0.044444
10 0.567969 0.345833 0.291146 0.223148
7 0.658594 0.430556 0.022396 0.114815
