1 0.642188 0.381481 0.029167 0.133333
1 0.441406 0.391667 0.032813 0.166667
1 0.478906 0.396296 0.028646 0.153704
1 0.772396 0.3875 0.045833 0.19537
1 0.592448 0.361574 0.016146 0.063889
1 -0.00026 0.390278 0.022396 0.115741
1 0.025781 0.389352 0.026562 0.113889
1 0.632292 0.3625 0.014583 0.063889
1 0.611979 0.361574 0.014583 0.067593
7 0.531771 0.400926 0.034375 0.109259
7 0.557031 0.402315 0.031771 0.102778
1 0.359635 0.363426 0.013021 0.052778
1 0.369271 0.364352 0.011458 0.049074
1 0.383333 0.355556 0.011458 0.048148
1 0.419792 0.365741 0.015625 0.055556
