1 0.60026 0.3375 0.029687 0.132407
1 0.41875 0.334259 0.032292 0.161111
1 0.459896 0.34213 0.029167 0.14537
1 0.614583 0.319444 0.029167 0.101852
1 0.745313 0.387963 0.0625 0.372222
1 0.365885 0.327778 0.021354 0.103704
1 0.717448 0.380093 0.049479 0.315741
1 0.528385 0.312037 0.014063 0.064815
1 0.111458 0.398148 0.055208 0.283333
10 0.190365 0.486111 0.176563 0.201852
1 0.106771 0.328704 0.021875 0.107407
1 0.107292 0.318519 0.015625 0.081481
1 0.128646 0.30787 0.015625 0.078704
1 0.55625 0.310185 0.0125 0.051852
1 0.542448 0.306481 0.010937 0.051852
7 0.478385 0.339815 0.023438 0.081481
7 0.495833 0.345833 0.025 0.078704
1 0.384896 0.317593 0.0125 0.059259
8 0.85599 0.306019 0.027604 0.143519
8 0.885677 0.305556 0.032813 0.144444
8 0.915365 0.303704 0.027604 0.137037
1 0.338021 0.297685 0.010417 0.037963
1 0.344531 0.299537 0.010937 0.041667
