1 0.614062 0.376389 0.03125 0.134259
1 0.442708 0.373148 0.030208 0.161111
1 0.148958 0.503241 0.15 0.519444
1 0.495052 0.377778 0.026562 0.142593
1 0.601302 0.352778 0.020313 0.083333
1 0.695573 0.404167 0.052604 0.289815
1 0.354167 0.363889 0.019792 0.1
1 0.677344 0.400463 0.042188 0.249074
1 0.531771 0.349537 0.014583 0.060185
1 0.205208 0.420833 0.033333 0.230556
10 0.270313 0.479167 0.128125 0.14537
10 -0.005729 0.632407 0.145833 0.309259
10 0.113802 0.611111 0.092188 0.261111
1 0.184635 0.352778 0.022396 0.098148
1 0.179948 0.34537 0.014063 0.07037
1 0.555729 0.345833 0.010417 0.041667
1 0.542969 0.340741 0.010937 0.048148
7 0.48724 0.378704 0.023438 0.07037
7 0.503646 0.380556 0.022917 0.07037
10 0.006771 0.400463 0.083333 0.100926
1 0.333594 0.356481 0.015104 0.066667
10 1.057031 0.481944 0.291146 0.223148
1 0.388021 0.352778 0.0125 0.059259
1 0.377604 0.351389 0.0125 0.060185
8 0.808073 0.336574 0.023438 0.121296
8 0.834635 0.335185 0.025521 0.12963
8 0.859115 0.337037 0.026562 0.122222
