1 0.644271 0.360185 0.032292 0.144444
1 0.463021 0.355556 0.030208 0.15
1 0.208073 0.421296 0.094271 0.362963
1 0.510417 0.359259 0.029167 0.137037
1 0.577865 0.336574 0.016146 0.062037
1 0.641406 0.370833 0.028646 0.19537
10 0.034896 0.596296 0.257292 0.294444
1 0.343229 0.344444 0.020833 0.094444
1 0.633854 0.368981 0.026042 0.178704
1 0.15651 0.370833 0.028646 0.134259
1 0.117708 0.369907 0.041667 0.147222
1 0.525781 0.333796 0.014063 0.058333
1 0.289583 0.368519 0.027083 0.151852
10 0.345052 0.420833 0.084896 0.100926
10 0.243229 0.483333 0.145833 0.159259
1 0.54375 0.328704 0.009375 0.038889
1 0.530208 0.327315 0.009375 0.041667
7 0.485417 0.352315 0.023958 0.062037
7 0.504948 0.356019 0.021354 0.063889
10 -0.010937 0.414352 0.076042 0.075
10 0.089063 0.374537 0.075 0.086111
1 0.385677 0.337037 0.015104 0.066667
1 0.367708 0.328241 0.014583 0.076852
10 0.925781 0.381944 0.291146 0.223148
1 0.383333 0.339815 0.0125 0.059259
1 0.370833 0.338426 0.0125 0.060185
8 0.754167 0.318981 0.023958 0.115741
8 0.776042 0.321759 0.022917 0.110185
