1 0.632292 0.358333 0.03125 0.138889
1 0.464062 0.351852 0.030208 0.144444
1 0.17526 0.442593 0.121354 0.487037
1 1.035677 0.675926 0.167187 0.751852
1 0.222656 0.387963 0.071354 0.312963
1 0.502083 0.352778 0.029167 0.135185
1 0.553906 0.326852 0.015104 0.059259
1 0.603646 0.35787 0.030208 0.169444
10 0.133333 0.516204 0.192708 0.20463
1 0.326823 0.3375 0.021354 0.100926
1 0.607552 0.358333 0.026562 0.159259
1 0.728906 0.355556 0.018229 0.112963
1 0.234115 0.343519 0.024479 0.125926
1 0.21276 0.346296 0.023438 0.12037
1 0.511719 0.327778 0.014063 0.057407
1 0.30625 0.356019 0.021875 0.136111
10 0.349479 0.399074 0.072917 0.088889
10 0.279167 0.443056 0.110417 0.126852
1 0.526563 0.323611 0.009375 0.037963
7 0.467969 0.340741 0.027604 0.061111
7 0.48776 0.35 0.019271 0.057407
10 0.020052 0.388426 0.076563 0.067593
10 0.104948 0.352778 0.065104 0.085185
1 0.39401 0.327778 0.015104 0.066667
1 0.373177 0.326389 0.015104 0.075
10 0.871615 0.355093 0.291146 0.223148
1 0.372396 0.327778 0.0125 0.059259
1 0.359375 0.324537 0.0125 0.060185
