1 0.502083 0.425 0.033333 0.153704
1 0.439844 0.405093 0.025521 0.119444
1 0.377865 0.400463 0.019271 0.10463
1 0.978906 0.574074 0.105729 0.524074
1 0.03776 0.448148 0.050521 0.22037
1 0.25625 0.408333 0.035417 0.131481
1 0.430729 0.405556 0.021875 0.107407
1 0.439323 0.398148 0.019271 0.098148
10 0.280469 0.450926 0.065104 0.077778
1 0.130208 0.423611 0.029167 0.132407
1 0.53151 0.400463 0.025521 0.137963
1 0.476302 0.393056 0.016146 0.102778
1 0.241406 0.401389 0.017188 0.093519
1 0.233594 0.405556 0.013021 0.077778
1 0.261979 0.406944 0.017708 0.087963
10 0.300521 0.425926 0.040625 0.051852
1 0.393229 0.388426 0.013542 0.063889
1 0.052083 0.390278 0.011458 0.063889
1 0.076302 0.411111 0.017188 0.094444
7 0.342187 0.393519 0.01875 0.048148
7 0.349479 0.393519 0.015625 0.044444
10 0.082031 0.427778 0.049479 0.05
1 0.07526 0.400926 0.011979 0.059259
10 0.100521 0.411574 0.032292 0.05463
10 0.64349 0.33287 0.291146 0.223148
7 0.746875 0.412963 0.026042 0.127778
