1 0.53776 0.40787 0.034896 0.15463
1 0.479948 0.385648 0.023438 0.117593
1 0.429688 0.376852 0.020833 0.114815
1 0.985938 0.568981 0.101042 0.54537
1 0.059115 0.4375 0.055729 0.225
1 0.323698 0.393056 0.030729 0.130556
1 0.473958 0.385648 0.020833 0.110185
1 0.01276 0.453241 0.038021 0.180556
1 0.490104 0.375926 0.019792 0.096296
10 0.323437 0.4375 0.057292 0.075
1 0.18776 0.405093 0.025521 0.121296
1 0.590625 0.389815 0.029167 0.157407
1 0.528125 0.380093 0.015625 0.106481
1 0.286719 0.388426 0.016146 0.09537
1 0.274479 0.387037 0.014583 0.077778
1 0.313542 0.387037 0.017708 0.094444
10 0.349219 0.406944 0.038021 0.050926
10 0.339323 0.416204 0.041146 0.05463
1 0.439323 0.370833 0.013021 0.063889
1 0.101823 0.378241 0.010937 0.062037
1 0.129427 0.398148 0.017188 0.094444
7 0.390365 0.379167 0.018229 0.047222
7 0.400521 0.37963 0.015625 0.044444
10 0.134115 0.414815 0.049479 0.05
1 0.128385 0.375926 0.011979 0.059259
10 0.150521 0.390278 0.032292 0.05463
10 0.695573 0.316204 0.291146 0.223148
7 0.8125 0.398611 0.029167 0.132407
