1 0.575 0.388889 0.035417 0.151852
1 0.514583 0.375 0.027083 0.133333
1 0.490625 0.371759 0.025 0.143519
1 0.777865 0.602778 0.120313 0.65
1 0.917708 0.62963 0.157292 0.7
1 0.363542 0.371759 0.036458 0.180556
1 0.523177 0.369444 0.022396 0.12037
1 0.022135 0.385185 0.042188 0.17963
1 0.558854 0.368519 0.026042 0.122222
10 0.316406 0.411111 0.079687 0.087037
1 0.27526 0.355556 0.025521 0.111111
1 0.808333 0.455556 0.070833 0.392593
1 0.568229 0.365278 0.01875 0.10463
1 0.618229 0.365278 0.017708 0.106481
1 0.291927 0.356019 0.024479 0.125
1 0.277865 0.359722 0.021354 0.110185
1 0.523177 0.359259 0.020313 0.092593
1 0.508854 0.361111 0.021875 0.096296
1 0.365104 0.364815 0.019792 0.105556
10 0.395052 0.385648 0.047396 0.060185
10 0.3625 0.401389 0.059375 0.071296
1 0.141667 0.328704 0.0125 0.07037
1 0.153646 0.349074 0.020833 0.105556
7 0.473958 0.352778 0.01875 0.05
7 0.489844 0.359722 0.017188 0.049074
10 0.163802 0.366204 0.052604 0.056481
1 0.166927 0.331944 0.015104 0.065741
10 0.204687 0.349074 0.041667 0.061111
1 0.417969 0.341204 0.011979 0.058333
1 0.407292 0.340278 0.009375 0.058333
10 0.780469 0.325463 0.291146 0.223148
1 0.38724 0.343981 0.011979 0.052778
1 0.37474 0.342593 0.010937 0.051852
