1 0.619792 0.359259 0.035417 0.151852
1 0.53125 0.342593 0.03125 0.137037
1 0.515104 0.347222 0.034375 0.161111
1 0.815625 0.578704 0.125 0.690741
1 0.961719 0.589352 0.151562 0.725
1 0.379427 0.351852 0.043229 0.192593
1 0.545833 0.341667 0.022917 0.12037
1 0.56901 0.319907 0.010937 0.043519
1 0.03724 0.372222 0.039062 0.17963
1 0.596875 0.340741 0.020833 0.124074
10 0.328646 0.404167 0.089583 0.093519
1 0.311979 0.332407 0.025 0.105556
1 0.603125 0.340741 0.019792 0.114815
1 0.653125 0.334722 0.017708 0.106481
1 0.291927 0.343981 0.031771 0.158333
1 0.273958 0.35 0.021875 0.133333
1 0.515365 0.337037 0.020313 0.092593
1 0.495052 0.333796 0.021354 0.10463
1 0.382812 0.344907 0.021875 0.113889
10 0.416406 0.3625 0.048438 0.060185
10 0.379167 0.378241 0.06875 0.073148
1 0.15599 0.3125 0.017188 0.071296
1 0.161719 0.330556 0.021354 0.111111
7 0.496875 0.330556 0.01875 0.05
7 0.51224 0.334722 0.017188 0.049074
10 0.174219 0.352778 0.055729 0.055556
1 0.174219 0.318981 0.017188 0.071296
10 0.203125 0.331944 0.04375 0.065741
1 0.448437 0.318981 0.011458 0.056481
1 0.432031 0.313889 0.008854 0.061111
10 0.816927 0.297685 0.291146 0.223148
1 0.409115 0.319907 0.011979 0.052778
1 0.400521 0.318056 0.011458 0.052778
