1 0.603906 0.357407 0.030729 0.122222
1 0.403646 0.351852 0.032292 0.162963
1 0.448698 0.35787 0.028646 0.152778
1 0.666667 0.351852 0.0375 0.137037
1 0.90599 0.475926 0.095312 0.62963
1 0.392708 0.336574 0.022917 0.102778
1 0.848177 0.453241 0.084896 0.510185
1 0.542708 0.326852 0.015625 0.062963
10 0.045833 0.62963 0.222917 0.342593
1 0.035417 0.331019 0.019792 0.100926
1 0.059896 0.331481 0.019792 0.101852
1 0.578646 0.331019 0.0125 0.052778
1 0.561458 0.328704 0.0125 0.057407
7 0.48724 0.365741 0.028646 0.094444
7 0.508594 0.36713 0.026562 0.089815
8 0.91849 0.313426 0.030729 0.160185
8 0.955469 0.313889 0.035937 0.162963
1 0.31901 0.319444 0.013021 0.051852
1 0.329948 0.322685 0.010937 0.04537
1 0.336979 0.318981 0.011458 0.043519
1 0.346615 0.314815 0.011979 0.044444
1 0.378906 0.32963 0.015104 0.057407
