1 0.606771 0.344444 0.03125 0.135185
1 0.401562 0.347685 0.032292 0.162037
1 0.447396 0.352778 0.029167 0.148148
1 0.6625 0.34213 0.030208 0.132407
1 0.880469 0.455556 0.082812 0.587037
1 0.393229 0.336574 0.022917 0.102778
1 0.829688 0.437963 0.077083 0.47963
1 0.541146 0.318981 0.015625 0.063889
10 0.066927 0.611574 0.223437 0.319444
1 0.004427 0.322685 0.029687 0.128704
1 0.042448 0.325463 0.020313 0.099074
1 0.067187 0.323611 0.021875 0.099074
1 0.576042 0.323611 0.0125 0.052778
1 0.560417 0.322222 0.0125 0.057407
7 0.48776 0.355556 0.028646 0.094444
7 0.509115 0.361574 0.026562 0.089815
8 0.909635 0.306944 0.030729 0.160185
8 0.946615 0.310185 0.035937 0.162963
1 0.317969 0.312963 0.013021 0.05
1 0.330208 0.316204 0.011458 0.04537
1 0.338021 0.311574 0.011458 0.043519
1 0.346094 0.308796 0.011979 0.04537
1 0.377865 0.32037 0.015104 0.057407
