1 0.643229 0.353704 0.03125 0.135185
1 0.463542 0.341667 0.030208 0.146296
1 0.085938 0.456481 0.138542 0.553704
1 0.211719 0.388426 0.069271 0.321296
1 0.506771 0.350926 0.029167 0.137037
1 0.563542 0.31713 0.015625 0.060185
1 0.616146 0.354167 0.026042 0.175
10 0.110937 0.530093 0.210417 0.230556
1 0.33151 0.335648 0.021354 0.100926
1 0.618229 0.349537 0.027083 0.160185
1 0.218229 0.336574 0.026042 0.130556
1 0.197135 0.346759 0.026562 0.121296
1 0.51901 0.315278 0.014063 0.058333
1 0.305208 0.343981 0.021875 0.136111
10 0.350781 0.396296 0.077604 0.088889
10 0.272135 0.441204 0.121354 0.128704
1 0.535417 0.314815 0.009375 0.038889
7 0.47474 0.336111 0.026562 0.061111
7 0.491927 0.340278 0.020313 0.056481
10 0.014844 0.381019 0.076563 0.067593
10 0.105469 0.3375 0.065104 0.086111
1 0.391927 0.317593 0.015104 0.066667
1 0.372656 0.319907 0.015104 0.075
10 0.88724 0.35787 0.291146 0.223148
1 0.377083 0.316667 0.0125 0.059259
1 0.365625 0.311574 0.0125 0.060185
