1 0.614844 0.375926 0.031771 0.131481
1 0.441146 0.374537 0.030208 0.162037
1 0.151042 0.49537 0.147917 0.524074
1 0.495312 0.376852 0.029167 0.142593
1 0.598437 0.354167 0.019792 0.082407
1 0.688281 0.403241 0.043229 0.280556
1 0.352083 0.364352 0.019792 0.099074
1 0.674219 0.401389 0.042188 0.24537
1 0.530729 0.351389 0.014583 0.060185
1 0.207812 0.421759 0.033333 0.228704
10 0.271354 0.478241 0.126042 0.143519
10 0.001302 0.626852 0.147396 0.294444
10 0.120052 0.606481 0.088021 0.246296
1 0.185677 0.353704 0.022396 0.098148
1 0.179948 0.347222 0.014063 0.07037
1 0.554688 0.347685 0.010417 0.041667
1 0.541406 0.341667 0.010937 0.046296
7 0.484635 0.376852 0.023438 0.07037
7 0.501563 0.379167 0.022917 0.069444
10 0.008333 0.402315 0.083333 0.100926
1 0.333594 0.356481 0.015104 0.066667
10 1.05026 0.478241 0.291146 0.223148
1 0.3875 0.355556 0.0125 0.059259
1 0.376563 0.353241 0.0125 0.060185
8 0.804427 0.339352 0.023438 0.121296
8 0.83099 0.337963 0.025521 0.12963
8 0.854948 0.340278 0.026562 0.121296
