1 0.542708 0.402778 0.036458 0.159259
1 0.48125 0.381944 0.026042 0.123148
1 0.439583 0.373148 0.020833 0.116667
1 0.984896 0.567593 0.103125 0.557407
1 0.0625 0.432407 0.058333 0.231481
1 0.331771 0.393981 0.038542 0.141667
1 0.476562 0.381019 0.021875 0.110185
1 0.014844 0.440741 0.042188 0.177778
1 0.494271 0.373148 0.015625 0.096296
10 0.322917 0.435648 0.058333 0.076852
1 0.196615 0.394907 0.025521 0.121296
1 0.595833 0.387963 0.030208 0.161111
1 0.534635 0.374537 0.017188 0.106481
1 0.291667 0.381481 0.017708 0.096296
1 0.276823 0.386111 0.014063 0.07963
1 0.323698 0.382407 0.017188 0.096296
10 0.34375 0.406019 0.0375 0.050926
10 0.340625 0.416204 0.040625 0.05463
1 0.448177 0.359722 0.013021 0.063889
1 0.110677 0.371759 0.010937 0.062037
1 0.134115 0.391667 0.017188 0.094444
7 0.397396 0.368519 0.016667 0.044444
7 0.408333 0.373148 0.015625 0.044444
10 0.138281 0.406481 0.049479 0.05
1 0.13724 0.375926 0.011979 0.059259
10 0.159375 0.3875 0.032292 0.05463
10 0.70026 0.314352 0.291146 0.223148
7 0.824479 0.394444 0.03125 0.138889
