1 0.725 0.507407 0.042708 0.251852
1 0.716146 0.487037 0.038542 0.162963
1 0.29974 0.501852 0.055729 0.207407
1 0.591146 0.453704 0.025 0.105556
1 0.189062 0.493056 0.039583 0.167593
1 0.302865 0.485648 0.033854 0.169444
1 0.23151 0.495833 0.031771 0.162037
1 0.564063 0.456481 0.019792 0.1
1 0.259115 0.495833 0.029687 0.162037
1 0.539583 0.444907 0.015625 0.078704
10 0.429167 0.478241 0.05 0.058333
3 -0.043229 0.523148 0.234375 0.346296
10 0.483594 0.555556 0.067187 0.281481
1 0.135937 0.448148 0.014583 0.064815
1 0.279948 0.47037 0.026562 0.124074
1 0.571354 0.45 0.015625 0.090741
1 0.389062 0.444907 0.011458 0.060185
1 0.380469 0.447685 0.010937 0.052778
1 0.395052 0.451389 0.010937 0.065741
1 0.369531 0.44537 0.009896 0.053704
1 0.354167 0.444444 0.011458 0.057407
1 0.34375 0.445833 0.010417 0.050926
10 0.732552 0.376389 0.291146 0.223148
10 0.158594 0.497685 0.107812 0.078704
7 0.795573 0.464352 0.021354 0.099074
