1 0.54349 0.399537 0.034896 0.15463
1 0.478125 0.37963 0.023958 0.122222
1 0.438542 0.375926 0.020833 0.118519
1 0.9625 0.575 0.116667 0.572222
1 0.055729 0.430556 0.059375 0.233333
1 0.341667 0.387963 0.03125 0.138889
1 0.477604 0.380556 0.021875 0.111111
1 0.009115 0.443519 0.036979 0.185185
1 0.492708 0.371296 0.016667 0.096296
10 0.320573 0.432407 0.059896 0.077778
1 0.190885 0.394907 0.025521 0.121296
1 0.597656 0.385648 0.030729 0.163889
1 0.538281 0.368981 0.019271 0.106481
1 0.292448 0.379167 0.019271 0.097222
1 0.273698 0.383796 0.014063 0.080556
1 0.316927 0.383333 0.017188 0.098148
10 0.335417 0.405093 0.0375 0.050926
10 0.340104 0.415278 0.040625 0.05463
1 0.449479 0.359722 0.013542 0.063889
1 0.107031 0.368981 0.010937 0.062037
1 0.138281 0.387037 0.017188 0.094444
7 0.396615 0.369444 0.018229 0.046296
7 0.410938 0.37037 0.015625 0.044444
10 0.141406 0.400926 0.049479 0.05
1 0.132031 0.375926 0.011979 0.059259
10 0.154688 0.3875 0.032292 0.05463
10 0.701823 0.3125 0.291146 0.223148
7 0.834115 0.391204 0.032813 0.143519
