1 0.644271 0.34537 0.032292 0.146296
1 0.460938 0.336111 0.030208 0.146296
1 0.060677 0.46713 0.160938 0.582407
1 0.207031 0.381481 0.082812 0.337037
1 0.509375 0.348148 0.029167 0.137037
1 0.567448 0.312037 0.014063 0.061111
1 0.619792 0.346759 0.026042 0.176852
10 0.103125 0.531481 0.216667 0.238889
1 0.333854 0.331481 0.020833 0.098148
1 0.621354 0.348148 0.027083 0.161111
1 0.213021 0.334722 0.027083 0.132407
1 0.189062 0.342593 0.027083 0.127778
1 0.522135 0.310648 0.014063 0.058333
1 0.305208 0.338426 0.021875 0.136111
10 0.350521 0.394444 0.078125 0.090741
10 0.267188 0.439352 0.128125 0.132407
1 0.536979 0.308333 0.009375 0.038889
1 0.528125 0.310185 0.008333 0.040741
7 0.478385 0.331019 0.023438 0.060185
7 0.494531 0.334722 0.020313 0.056481
10 0.013281 0.377315 0.076563 0.067593
10 0.107031 0.331944 0.065104 0.086111
1 0.392448 0.311111 0.015104 0.066667
1 0.372656 0.316204 0.015104 0.075
10 0.892448 0.356944 0.291146 0.223148
1 0.379688 0.311111 0.0125 0.059259
1 0.36875 0.306944 0.0125 0.060185
