1 0.622396 0.338426 0.033333 0.143519
1 0.463542 0.325926 0.028125 0.140741
1 0.404427 0.352778 0.050521 0.227778
1 0.946875 0.566204 0.127083 0.726852
1 0.209635 0.354167 0.056771 0.241667
1 0.499479 0.328241 0.027083 0.125
1 0.530729 0.299537 0.0125 0.05463
1 0.572917 0.32963 0.033333 0.148148
10 0.226302 0.437037 0.130729 0.140741
1 0.295312 0.319444 0.021875 0.101852
1 0.578125 0.331944 0.020833 0.136111
1 0.648177 0.317593 0.018229 0.111111
1 0.06849 0.356019 0.061979 0.250926
1 0.039583 0.372685 0.053125 0.215741
1 0.35026 0.322685 0.020313 0.10463
1 0.335677 0.321759 0.023438 0.110185
1 0.315104 0.3375 0.022917 0.121296
10 0.35651 0.364352 0.058854 0.075
10 0.305208 0.39213 0.0875 0.100926
1 0.008333 0.306019 0.017708 0.093519
1 0.044792 0.329167 0.028125 0.134259
7 0.457292 0.312037 0.020833 0.05
7 0.471094 0.325926 0.018229 0.055556
10 0.067969 0.353704 0.069271 0.064815
10 0.133854 0.331481 0.054167 0.07963
1 0.392969 0.3 0.010937 0.059259
1 0.378125 0.300463 0.0125 0.065741
10 0.814323 0.303241 0.291146 0.223148
1 0.359375 0.317593 0.0125 0.059259
1 0.352344 0.306481 0.010937 0.057407
