1 0.483854 0.430556 0.036458 0.159259
1 0.426302 0.410648 0.025521 0.119444
1 0.3625 0.405093 0.019792 0.102778
1 0.972656 0.581944 0.093229 0.521296
1 0.023438 0.452315 0.051042 0.217593
1 0.241146 0.418056 0.03125 0.130556
1 0.411458 0.407407 0.020833 0.107407
1 0.422396 0.40463 0.019792 0.098148
10 0.266146 0.455093 0.063542 0.076852
1 0.110417 0.429167 0.030208 0.134259
1 0.514062 0.406944 0.025 0.136111
1 0.459635 0.400463 0.016146 0.102778
1 0.22526 0.408796 0.017188 0.091667
1 0.215885 0.412037 0.013021 0.075926
1 0.245312 0.414352 0.017708 0.087963
10 0.283854 0.433333 0.040625 0.051852
1 0.373437 0.39213 0.013542 0.063889
1 0.034375 0.398611 0.011458 0.065741
1 0.058854 0.420833 0.017708 0.09537
7 0.325 0.401852 0.01875 0.048148
7 0.333854 0.400926 0.015625 0.044444
10 0.064844 0.437037 0.048438 0.05
1 0.054948 0.408333 0.011979 0.059259
10 0.080729 0.418981 0.032292 0.05463
10 0.626823 0.338426 0.291146 0.223148
7 0.725 0.41713 0.025 0.126852
