1 0.642448 0.361111 0.028646 0.135185
1 0.466667 0.352778 0.030208 0.148148
1 0.201302 0.410648 0.095312 0.358333
1 0.508333 0.355093 0.026042 0.136111
1 0.574219 0.33287 0.015104 0.065741
1 0.636458 0.364815 0.027083 0.190741
10 0.055469 0.574074 0.242188 0.281481
1 0.339062 0.338889 0.020833 0.094444
1 0.632031 0.366204 0.026562 0.173148
1 0.173437 0.35463 0.030208 0.135185
1 0.139583 0.35787 0.033333 0.143519
1 0.525781 0.331019 0.014063 0.058333
1 0.29349 0.363889 0.024479 0.148148
10 0.345313 0.414815 0.083333 0.1
10 0.248438 0.470833 0.140625 0.156481
1 0.543229 0.323148 0.009375 0.038889
1 0.53151 0.323148 0.008854 0.042593
7 0.483594 0.346759 0.024479 0.060185
7 0.502344 0.351389 0.021354 0.063889
10 -0.005469 0.399537 0.076563 0.069444
10 0.09401 0.362963 0.074479 0.085185
1 0.38776 0.32963 0.015104 0.066667
1 0.367708 0.321759 0.014583 0.075
10 0.916927 0.375463 0.291146 0.223148
1 0.383333 0.331481 0.0125 0.059259
1 0.371875 0.33287 0.0125 0.060185
8 0.752604 0.318056 0.023958 0.115741
