1 0.595313 0.316667 0.03125 0.138889
1 0.472656 0.309722 0.024479 0.137963
1 0.454687 0.32037 0.0375 0.181481
1 0.832552 0.531481 0.133854 0.7
1 0.966146 0.537037 0.151042 0.753704
1 0.278646 0.32963 0.042708 0.211111
1 0.497917 0.308796 0.03125 0.123148
1 0.522917 0.276852 0.0125 0.046296
1 0.557292 0.301389 0.020833 0.128704
10 0.263802 0.388889 0.103646 0.109259
1 0.288021 0.308333 0.025 0.105556
1 0.55625 0.308796 0.020833 0.121296
1 0.622135 0.296759 0.017188 0.110185
1 0.191146 0.320833 0.038542 0.182407
1 0.166146 0.331481 0.028125 0.162963
1 0.41901 0.305556 0.024479 0.101852
1 0.408073 0.305093 0.023438 0.10463
1 0.327604 0.313426 0.022917 0.121296
10 0.367708 0.3375 0.052083 0.063889
10 0.324479 0.354167 0.073958 0.086111
1 0.059635 0.289815 0.019271 0.088889
1 0.083333 0.311574 0.026042 0.123148
7 0.454427 0.296759 0.020313 0.049074
7 0.46849 0.29213 0.017188 0.049074
10 0.1 0.334259 0.064583 0.055556
1 0.091406 0.291204 0.017188 0.071296
10 0.152604 0.306019 0.045833 0.071296
1 0.398177 0.280556 0.010937 0.059259
1 0.384896 0.284259 0.010417 0.064815
10 0.779427 0.281019 0.291146 0.223148
1 0.358333 0.289815 0.011458 0.055556
1 0.349479 0.287037 0.011458 0.053704
