1 0.626823 0.34537 0.031771 0.133333
1 0.451562 0.352778 0.03125 0.162963
1 0.082812 0.52963 0.175 0.653704
1 0.492448 0.353704 0.027604 0.144444
1 0.621354 0.333796 0.021875 0.089815
1 0.73776 0.393981 0.059896 0.328704
1 0.378646 0.341667 0.019792 0.1
1 0.713542 0.390278 0.045833 0.282407
1 0.549479 0.325463 0.014583 0.060185
1 0.190365 0.405093 0.040104 0.258333
10 0.257292 0.475926 0.146875 0.168519
10 0.016146 0.646296 0.120833 0.288889
1 0.178125 0.325463 0.021875 0.106481
1 0.159115 0.326852 0.015104 0.068519
1 0.158333 0.326389 0.014583 0.075
1 0.574479 0.322685 0.010417 0.047222
1 0.5625 0.316667 0.010417 0.051852
7 0.501563 0.343981 0.022917 0.073148
7 0.521354 0.353241 0.022917 0.073148
1 0.336458 0.325926 0.016667 0.066667
1 0.404687 0.32963 0.0125 0.059259
1 0.395313 0.327315 0.0125 0.060185
8 0.842969 0.313426 0.025521 0.128704
8 0.870833 0.314815 0.030208 0.12963
8 0.898698 0.310648 0.026562 0.125
