1 0.475781 0.385648 0.030729 0.14537
1 0.420312 0.36713 0.021875 0.119444
1 0.38099 0.369907 0.022396 0.123148
1 0.84401 0.572685 0.094271 0.587963
1 0.95 0.55463 0.1 0.605556
1 0.286458 0.377778 0.038542 0.15
1 0.419531 0.369444 0.021354 0.101852
1 0.441927 0.357407 0.018229 0.101852
10 0.252604 0.426852 0.067708 0.083333
1 0.128385 0.385648 0.025521 0.121296
1 0.560677 0.378704 0.033854 0.188889
1 0.449219 0.35787 0.017188 0.093519
1 0.484896 0.359722 0.017708 0.106481
1 0.220312 0.373148 0.020833 0.111111
1 0.208073 0.369907 0.016146 0.087963
1 0.5 0.356944 0.020833 0.086111
1 0.471615 0.359259 0.022396 0.090741
1 0.258073 0.377315 0.017188 0.100926
10 0.292448 0.393519 0.041146 0.05
10 0.275781 0.406481 0.050521 0.057407
1 0.396094 0.351852 0.013021 0.064815
1 0.028646 0.368519 0.011458 0.066667
1 0.054167 0.388426 0.020833 0.099074
7 0.346354 0.358333 0.01875 0.05
7 0.360417 0.366667 0.015625 0.044444
10 0.061198 0.407407 0.049479 0.05
1 0.06276 0.364352 0.014063 0.062037
10 0.08776 0.375926 0.039062 0.053704
10 0.653385 0.302315 0.291146 0.223148
7 0.795573 0.384259 0.031771 0.153704
