1 0.640104 0.383333 0.030208 0.133333
1 0.440104 0.398148 0.032292 0.166667
1 0.476823 0.397222 0.028646 0.151852
1 0.764323 0.385185 0.039062 0.183333
1 0.58724 0.362037 0.016146 0.064815
1 0.007812 0.389352 0.023958 0.112037
1 0.034115 0.388426 0.024479 0.113889
1 0.62526 0.360185 0.015104 0.061111
1 0.60625 0.359722 0.013542 0.067593
7 0.528646 0.402315 0.033333 0.110185
7 0.554427 0.403241 0.031771 0.102778
1 0.357292 0.3625 0.013542 0.052778
1 0.36849 0.363426 0.010937 0.04537
1 0.379167 0.353241 0.011458 0.047222
1 0.415104 0.361574 0.015625 0.05463
