1 0.60625 0.34537 0.03125 0.135185
1 0.401042 0.348611 0.032292 0.162037
1 0.446875 0.35463 0.029167 0.148148
1 0.663021 0.34213 0.030208 0.132407
1 0.883854 0.456944 0.083333 0.589815
1 0.393229 0.336574 0.022917 0.102778
1 0.833333 0.440741 0.078125 0.485185
1 0.540625 0.32037 0.015625 0.062963
10 0.0625 0.614815 0.222917 0.324074
1 0.0 0.323148 0.028125 0.127778
1 0.039323 0.325926 0.020313 0.1
1 0.065365 0.325 0.021354 0.1
1 0.576562 0.325463 0.0125 0.052778
1 0.560417 0.323148 0.0125 0.057407
7 0.48724 0.355556 0.028646 0.094444
7 0.508073 0.3625 0.026562 0.089815
8 0.911198 0.30787 0.030729 0.160185
8 0.948177 0.310185 0.035937 0.162963
1 0.316927 0.313426 0.013021 0.050926
1 0.330208 0.318056 0.011458 0.04537
1 0.3375 0.313426 0.011458 0.043519
1 0.346094 0.309722 0.011979 0.04537
1 0.377865 0.322222 0.015104 0.057407
