1 0.594271 0.314815 0.033333 0.148148
1 0.463802 0.308796 0.028646 0.139815
1 0.448177 0.320833 0.038021 0.184259
1 0.83099 0.536574 0.129688 0.70463
1 0.977083 0.55 0.144792 0.753704
1 0.2625 0.328704 0.05625 0.212963
1 0.494271 0.310648 0.026042 0.123148
1 0.519792 0.276852 0.0125 0.046296
1 0.554167 0.303704 0.025 0.12963
10 0.254688 0.389815 0.105208 0.111111
1 0.280208 0.306481 0.025 0.105556
1 0.554167 0.310648 0.020833 0.121296
1 0.617969 0.297685 0.017188 0.110185
1 0.18151 0.321296 0.039062 0.187037
1 0.154688 0.332407 0.028125 0.166667
1 0.407812 0.303704 0.020833 0.105556
1 0.396094 0.305093 0.022396 0.106481
1 0.324479 0.311574 0.022917 0.121296
10 0.360938 0.337963 0.053125 0.064815
10 0.317448 0.356019 0.075521 0.087963
1 0.050781 0.284259 0.018229 0.087037
1 0.074479 0.308796 0.026042 0.123148
7 0.449219 0.293056 0.020313 0.049074
7 0.464844 0.291204 0.017188 0.049074
10 0.091146 0.331481 0.066667 0.059259
1 0.08724 0.2875 0.017188 0.071296
10 0.150521 0.303241 0.045833 0.071296
1 0.39349 0.282407 0.010937 0.059259
1 0.378646 0.283333 0.010417 0.064815
10 0.778906 0.281019 0.291146 0.223148
1 0.35625 0.287963 0.011458 0.055556
1 0.347917 0.286111 0.011458 0.053704
