1 0.731771 0.485648 0.042708 0.232407
1 0.755469 0.478704 0.036979 0.162963
1 0.341667 0.488426 0.046875 0.193519
1 0.623958 0.441667 0.025 0.109259
1 0.233594 0.48287 0.040104 0.167593
1 0.352604 0.481944 0.03125 0.167593
1 0.273438 0.4875 0.030208 0.160185
1 0.594792 0.446296 0.019792 0.098148
1 0.297656 0.48287 0.029687 0.165741
1 0.56849 0.433333 0.016146 0.075926
10 0.464062 0.468981 0.048958 0.056481
3 0.020833 0.517593 0.234375 0.346296
10 0.521615 0.537963 0.067187 0.261111
1 0.180208 0.436574 0.014583 0.063889
1 0.319792 0.465278 0.027083 0.126852
1 0.60625 0.444444 0.016667 0.096296
1 0.421354 0.431944 0.010417 0.062037
1 0.413802 0.433796 0.010937 0.052778
1 0.427865 0.443056 0.010937 0.065741
1 0.404948 0.434259 0.009896 0.053704
1 0.388542 0.434259 0.011458 0.057407
1 0.371875 0.438426 0.010417 0.050926
10 0.763802 0.368056 0.291146 0.223148
10 0.199479 0.487963 0.096875 0.074074
7 0.826302 0.453241 0.021354 0.099074
