1 0.611719 0.383796 0.031771 0.141667
1 0.446354 0.368519 0.029167 0.142593
1 0.328646 0.413426 0.067708 0.312037
1 0.980729 0.631481 0.155208 0.718519
1 0.201823 0.392593 0.067187 0.27037
1 0.482812 0.37037 0.023958 0.127778
1 0.520312 0.345833 0.013542 0.056481
1 0.56276 0.373611 0.024479 0.156481
10 0.173958 0.492593 0.155208 0.159259
1 0.29401 0.35787 0.021354 0.100926
1 0.570052 0.371296 0.025521 0.142593
1 0.655208 0.368056 0.019792 0.112037
1 0.285417 0.362037 0.019792 0.12037
1 0.266667 0.362963 0.022917 0.12037
1 0.292969 0.365741 0.022396 0.12963
10 0.339844 0.410185 0.058854 0.075926
10 0.277344 0.441204 0.101562 0.106481
1 -0.002083 0.364352 0.027083 0.14537
1 0.49974 0.339815 0.009896 0.035185
7 0.446875 0.35463 0.022917 0.053704
7 0.461979 0.362037 0.01875 0.057407
10 0.023698 0.397685 0.076563 0.067593
10 0.097656 0.358333 0.057812 0.081481
1 0.379427 0.343519 0.010937 0.059259
1 0.358594 0.338426 0.013021 0.067593
10 0.817448 0.3625 0.291146 0.223148
1 0.345313 0.342593 0.0125 0.059259
1 0.334115 0.339352 0.011979 0.060185
