1 0.591667 0.338889 0.035417 0.151852
1 0.480208 0.330556 0.03125 0.138889
1 0.467187 0.338889 0.036458 0.166667
1 0.814063 0.564815 0.126042 0.703704
1 0.944531 0.563426 0.147396 0.74537
1 0.311719 0.344444 0.051562 0.205556
1 0.5 0.327778 0.022917 0.122222
1 0.522917 0.297222 0.011458 0.044444
1 0.555729 0.318519 0.023958 0.12963
10 0.271875 0.404167 0.097917 0.102778
1 0.274479 0.325926 0.025 0.105556
1 0.563802 0.317593 0.021354 0.12037
1 0.617188 0.31713 0.017708 0.106481
1 0.217969 0.333796 0.032813 0.167593
1 0.20026 0.346296 0.026562 0.146296
1 0.441406 0.319907 0.020313 0.099074
1 0.432031 0.323148 0.027604 0.105556
1 0.333854 0.331944 0.022917 0.121296
10 0.371094 0.355556 0.051562 0.062963
10 0.33151 0.377315 0.068229 0.076852
1 0.077604 0.311111 0.015625 0.077778
1 0.097656 0.335648 0.022396 0.117593
7 0.45625 0.317593 0.01875 0.05
7 0.475781 0.318981 0.017188 0.049074
10 0.114062 0.357407 0.063542 0.053704
1 0.111719 0.308796 0.017188 0.071296
10 0.166146 0.322685 0.045833 0.071296
1 0.39974 0.307407 0.010937 0.057407
1 0.3875 0.306944 0.009375 0.060185
10 0.784635 0.285648 0.291146 0.223148
1 0.365625 0.306481 0.011458 0.053704
1 0.35625 0.30463 0.011458 0.053704
