1 0.628646 0.37963 0.030208 0.127778
1 0.423958 0.389352 0.032292 0.165741
1 0.465885 0.390741 0.031771 0.151852
1 0.728646 0.388889 0.044792 0.177778
1 0.572656 0.354167 0.017188 0.063889
10 -0.053125 0.771296 0.221875 0.388889
1 0.01224 0.382407 0.025521 0.107407
1 0.03724 0.377315 0.022396 0.110185
1 0.610938 0.35787 0.014583 0.056481
1 0.589583 0.35463 0.0125 0.062963
7 0.515365 0.39537 0.030729 0.101852
7 0.540104 0.403241 0.032292 0.097222
1 0.34349 0.356944 0.013021 0.052778
1 0.355469 0.357407 0.011979 0.046296
1 0.366927 0.349537 0.011979 0.04537
1 0.402344 0.358796 0.015104 0.052778
