1 0.751563 0.586111 0.101042 0.524074
1 0.491667 0.474074 0.0375 0.162963
1 0.407292 0.443519 0.025 0.112963
1 0.032031 0.493981 0.041146 0.189815
1 0.281771 0.441204 0.017708 0.082407
1 0.053385 0.476852 0.040104 0.187037
1 0.264844 0.449074 0.025521 0.118519
1 0.38125 0.447222 0.020833 0.105556
1 0.373698 0.431944 0.016146 0.086111
10 0.235156 0.478241 0.056771 0.067593
10 0.2 0.629167 0.110417 0.460185
1 0.071354 0.473611 0.026042 0.130556
1 0.442969 0.436574 0.021354 0.108333
1 0.407552 0.436111 0.018229 0.098148
1 0.161198 0.439352 0.009896 0.05463
1 0.328646 0.429167 0.013542 0.063889
10 0.57474 0.3625 0.291146 0.223148
7 0.647917 0.452315 0.020833 0.106481
