1 0.603125 0.377778 0.03125 0.137037
1 0.430208 0.377778 0.03125 0.151852
1 0.198958 0.464352 0.122917 0.465741
1 0.491667 0.377778 0.029167 0.140741
1 0.575781 0.353241 0.016146 0.076852
1 0.654167 0.39537 0.0375 0.253704
1 0.329948 0.369907 0.020313 0.097222
1 0.643229 0.396759 0.035417 0.221296
1 0.514062 0.347222 0.014583 0.059259
1 0.219792 0.401852 0.035417 0.188889
10 0.278906 0.467593 0.113021 0.12963
10 0.083594 0.590741 0.229687 0.240741
1 0.53776 0.344907 0.010937 0.037963
1 0.520312 0.343981 0.011458 0.047222
7 0.46901 0.374074 0.023438 0.07037
7 0.48776 0.368981 0.023438 0.067593
10 0.010937 0.39213 0.083333 0.100926
1 0.332031 0.351852 0.015104 0.066667
1 0.308594 0.348148 0.018229 0.075926
10 0.986198 0.450463 0.291146 0.223148
1 0.367188 0.351852 0.0125 0.059259
1 0.358333 0.350463 0.0125 0.060185
8 0.780208 0.330093 0.023958 0.117593
8 0.804427 0.335185 0.023438 0.12037
8 0.819531 0.337963 0.027604 0.111111
