1 0.621354 0.36713 0.029167 0.128704
1 0.448958 0.363426 0.030208 0.156481
1 0.105208 0.526389 0.177083 0.567593
1 0.495833 0.363426 0.022917 0.143519
1 0.617708 0.341667 0.025 0.090741
1 0.717448 0.397222 0.047396 0.301852
1 0.371875 0.35463 0.019792 0.1
1 0.703125 0.389815 0.044792 0.272222
1 0.544271 0.33287 0.014583 0.060185
1 0.195833 0.408796 0.032292 0.249074
10 0.263021 0.484259 0.141667 0.155556
10 0.047917 0.634259 0.120833 0.288889
1 0.178906 0.341667 0.022396 0.1
1 0.163281 0.341204 0.014063 0.065741
1 0.167969 0.332407 0.014063 0.074074
1 0.569271 0.334722 0.009375 0.047222
1 0.554427 0.32963 0.011979 0.051852
7 0.496094 0.367593 0.023438 0.07037
7 0.514062 0.366667 0.022917 0.072222
10 0.002083 0.386574 0.083333 0.100926
1 0.334896 0.343519 0.016667 0.064815
1 0.397917 0.337037 0.0125 0.059259
1 0.389583 0.333796 0.0125 0.060185
8 0.832292 0.32037 0.025 0.125926
8 0.859896 0.321296 0.029167 0.12963
8 0.886458 0.318981 0.026042 0.123148
