1 0.616146 0.35 0.032292 0.137037
1 0.439062 0.344907 0.03125 0.162037
1 0.01276 0.572685 0.193229 0.689815
1 0.475 0.352778 0.029167 0.144444
1 0.623698 0.338426 0.022396 0.097222
1 0.7375 0.396759 0.05 0.341667
1 0.374219 0.334259 0.020313 0.1
1 0.716667 0.39213 0.046875 0.293519
1 0.54375 0.324074 0.014583 0.061111
1 0.167448 0.406481 0.057812 0.266667
10 0.230208 0.478241 0.15625 0.178704
1 0.152083 0.328241 0.021875 0.106481
1 0.136458 0.319907 0.014583 0.075
1 0.145573 0.318056 0.015104 0.076852
1 0.56849 0.318519 0.010937 0.046296
1 0.55599 0.324074 0.011979 0.059259
7 0.492448 0.34537 0.023438 0.075926
7 0.511458 0.351389 0.022917 0.075
1 0.321094 0.324537 0.017188 0.065741
1 0.4 0.32963 0.0125 0.059259
1 0.389583 0.324537 0.0125 0.060185
8 0.848698 0.310185 0.026562 0.135185
8 0.877344 0.310648 0.031771 0.136111
8 0.905729 0.30787 0.027083 0.130556
