1 0.680208 0.521759 0.047917 0.276852
1 0.643229 0.489815 0.0375 0.159259
1 0.220312 0.518981 0.060417 0.234259
1 0.528385 0.461111 0.022396 0.111111
1 0.109115 0.506019 0.043229 0.178704
1 0.226823 0.496759 0.033854 0.175
1 0.157812 0.506019 0.032292 0.165741
1 0.501042 0.463889 0.020833 0.1
1 0.18776 0.499074 0.032813 0.174074
1 0.479167 0.450463 0.017708 0.080556
10 0.366927 0.484259 0.050521 0.059259
10 0.416406 0.573611 0.073438 0.297222
1 0.045573 0.447685 0.016146 0.073148
1 0.216406 0.475926 0.026562 0.124074
1 0.511979 0.455556 0.015625 0.094444
1 0.327083 0.452315 0.011458 0.060185
1 0.320052 0.453241 0.010937 0.052778
1 0.333594 0.456944 0.011979 0.069444
1 0.305469 0.447685 0.010937 0.058333
1 0.290104 0.447685 0.011458 0.056481
1 0.277083 0.446759 0.010417 0.050926
10 0.674219 0.381019 0.291146 0.223148
10 0.07526 0.506944 0.116146 0.080556
7 0.73776 0.470833 0.021354 0.099074
