1 0.703125 0.561111 0.084375 0.437037
1 0.508854 0.474537 0.036458 0.160185
1 0.416146 0.446296 0.022917 0.111111
1 0.05599 0.499074 0.043229 0.190741
1 0.077083 0.481944 0.038542 0.178704
1 0.389583 0.453704 0.020833 0.103704
1 0.01875 0.508333 0.0375 0.185185
1 0.378906 0.440741 0.017188 0.081481
10 0.248958 0.479167 0.055208 0.067593
10 0.240365 0.616667 0.096354 0.411111
1 0.084896 0.475926 0.025 0.12963
1 0.444792 0.443981 0.021875 0.10463
1 0.413021 0.443981 0.016667 0.099074
1 0.208073 0.448148 0.014063 0.066667
1 0.200521 0.452315 0.010417 0.063889
1 0.185156 0.444444 0.010937 0.061111
1 0.167448 0.445833 0.009896 0.05463
1 0.178906 0.445833 0.010937 0.050926
1 0.335938 0.431944 0.013542 0.063889
10 0.579948 0.366204 0.291146 0.223148
7 0.648958 0.455093 0.020833 0.10463
