1 0.441146 0.440741 0.036458 0.159259
1 0.38125 0.411111 0.025 0.118519
1 0.295833 0.4125 0.01875 0.09537
1 0.943229 0.595833 0.111458 0.500926
1 -0.002865 0.453704 0.043229 0.207407
1 0.197917 0.42037 0.030208 0.127778
1 0.361979 0.422222 0.021875 0.107407
1 0.3625 0.410185 0.01875 0.094444
10 0.210417 0.456944 0.061458 0.075
10 -0.058594 0.668519 0.165104 0.696296
1 0.039062 0.4375 0.030208 0.134259
1 0.451823 0.414815 0.023438 0.124074
1 0.396615 0.414352 0.016146 0.102778
1 0.170313 0.412037 0.017708 0.087037
1 0.157292 0.418056 0.013542 0.069444
1 0.191146 0.419907 0.017708 0.087963
10 0.225 0.442593 0.040625 0.051852
1 0.313802 0.398611 0.013021 0.063889
7 0.258594 0.405556 0.019271 0.046296
7 0.277604 0.412963 0.015625 0.044444
10 0.571615 0.344907 0.291146 0.223148
7 0.66224 0.427778 0.023438 0.114815
