1 0.595573 0.325 0.031771 0.131481
1 0.410938 0.32963 0.032292 0.161111
1 0.447396 0.331481 0.029167 0.146296
1 0.620833 0.311111 0.028125 0.111111
1 0.770573 0.387037 0.063021 0.42037
1 0.369271 0.319444 0.020833 0.103704
1 0.740104 0.377778 0.052083 0.353704
1 0.52526 0.298611 0.015104 0.063889
1 0.061458 0.413426 0.055208 0.330556
10 0.147135 0.512037 0.205729 0.216667
1 0.07526 0.314815 0.023438 0.118519
1 0.078385 0.316667 0.017188 0.085185
1 0.105729 0.312037 0.01875 0.07963
1 0.554167 0.297685 0.0125 0.052778
1 0.54375 0.298148 0.010417 0.051852
7 0.476562 0.329167 0.025 0.082407
7 0.495833 0.33287 0.025 0.082407
1 0.384896 0.303704 0.0125 0.059259
8 0.865365 0.300463 0.029687 0.152778
8 0.896354 0.298611 0.034375 0.15463
8 0.927083 0.298148 0.029167 0.144444
1 0.313281 0.296296 0.013021 0.046296
1 0.321354 0.300463 0.010417 0.047222
1 0.333333 0.293519 0.010417 0.038889
1 0.338281 0.294444 0.010937 0.042593
