1 0.685417 0.517593 0.047917 0.283333
1 0.651563 0.487037 0.038542 0.162963
1 0.234896 0.508796 0.05625 0.234259
1 0.535937 0.462037 0.023958 0.112963
1 0.125 0.50463 0.042708 0.17963
1 0.241146 0.497222 0.034375 0.17963
1 0.168229 0.509259 0.032292 0.166667
1 0.508333 0.462963 0.020833 0.1
1 0.196354 0.5 0.034375 0.174074
1 0.48724 0.449537 0.017188 0.080556
10 0.37474 0.483333 0.050521 0.059259
10 0.42474 0.571759 0.072396 0.29537
1 0.060677 0.452315 0.015104 0.071296
1 0.224219 0.475 0.026562 0.124074
1 0.519271 0.455093 0.015625 0.093519
1 0.334896 0.451389 0.011458 0.060185
1 0.328385 0.450463 0.010937 0.052778
1 0.341406 0.456481 0.011979 0.068519
1 0.316406 0.44537 0.010937 0.057407
1 0.301302 0.446759 0.010937 0.056481
1 0.285417 0.446759 0.010417 0.050926
10 0.68151 0.380093 0.291146 0.223148
10 0.086719 0.503704 0.115104 0.077778
7 0.74349 0.469907 0.021354 0.099074
