1 0.597917 0.327315 0.029167 0.126852
1 0.413021 0.327778 0.032292 0.161111
1 0.452344 0.331944 0.023438 0.14537
1 0.61875 0.309259 0.03125 0.107407
1 0.763542 0.381944 0.060417 0.406481
1 0.369792 0.318519 0.020833 0.103704
1 0.734896 0.376389 0.051042 0.34537
1 0.526302 0.300926 0.015104 0.064815
1 0.072135 0.407407 0.054688 0.32037
10 0.158854 0.506481 0.197917 0.205556
1 0.083594 0.314352 0.023438 0.117593
1 0.084375 0.31713 0.016667 0.084259
1 0.110417 0.309722 0.017708 0.078704
1 0.554688 0.296759 0.0125 0.052778
1 0.542969 0.296759 0.010937 0.052778
7 0.478646 0.335648 0.025 0.080556
7 0.495833 0.334722 0.025 0.082407
1 0.385417 0.30463 0.0125 0.059259
8 0.863542 0.301852 0.029167 0.15
8 0.894271 0.299537 0.034375 0.152778
8 0.925 0.299537 0.029167 0.143519
1 0.314323 0.29537 0.013021 0.046296
1 0.321875 0.298148 0.010417 0.046296
1 0.334375 0.294907 0.010417 0.039815
1 0.338802 0.292593 0.010937 0.042593
