1 0.427344 0.369444 0.091146 0.442593
1 0.504167 0.35787 0.092708 0.484259
1 0.260417 0.380556 0.145833 0.587037
1 0.328125 0.377315 0.072917 0.399074
1 0.622135 0.371296 0.063021 0.359259
1 0.711458 0.323611 0.01875 0.110185
1 0.3625 0.315741 0.034375 0.17963
1 0.575781 0.322685 0.022396 0.115741
1 0.683073 0.325 0.015104 0.094444
1 0.668229 0.316667 0.0125 0.07963
1 0.82526 0.322685 0.017188 0.09537
1 0.94401 0.324074 0.020313 0.114815
1 0.915625 0.320833 0.017708 0.086111
1 0.933594 0.32037 0.019271 0.092593
1 0.735677 0.314352 0.013021 0.058333
8 0.952344 0.641667 0.022396 0.107407
1 0.985156 0.327315 0.018229 0.106481
