1 0.432552 0.545833 0.115104 0.621296
1 0.080208 0.664352 0.241667 1.163889
1 0.346875 0.461574 0.03125 0.14537
1 0.389844 0.450926 0.038021 0.172222
9 0.836198 0.499074 0.420312 0.088889
1 0.789062 0.421296 0.023958 0.125926
1 0.573177 0.503241 0.094271 0.423148
1 0.929688 0.430093 0.01875 0.099074
1 0.91901 0.431481 0.018229 0.088889
1 0.236198 0.496296 0.050521 0.3
1 0.499219 0.466204 0.049479 0.302778
1 0.510417 0.460648 0.044792 0.212037
1 0.652604 0.437037 0.022917 0.109259
1 0.664062 0.441204 0.017708 0.102778
8 0.982812 0.882407 0.051042 0.216667
8 0.921094 0.90787 0.050521 0.225
8 0.836719 0.908796 0.029687 0.143519
