1 0.432031 0.368981 0.091146 0.441667
1 0.510156 0.356481 0.091146 0.483333
1 0.269792 0.381019 0.142708 0.575
1 0.336458 0.372222 0.072917 0.390741
1 0.627865 0.37037 0.061979 0.357407
1 0.716667 0.321759 0.01875 0.110185
1 0.579948 0.321759 0.022396 0.115741
1 0.686719 0.323611 0.015104 0.093519
1 0.671875 0.315741 0.0125 0.07963
1 0.833073 0.318056 0.017188 0.09537
1 0.948698 0.32037 0.021354 0.114815
1 0.922396 0.315278 0.017708 0.086111
1 0.941927 0.318519 0.019271 0.092593
1 0.740885 0.310648 0.013021 0.058333
8 0.959115 0.6375 0.022396 0.106481
