1 0.439583 0.367593 0.090625 0.440741
1 0.525521 0.355093 0.0875 0.484259
1 -0.041927 0.507407 0.384896 1.481481
1 0.299219 0.384722 0.133854 0.539815
1 0.357292 0.363426 0.072917 0.373148
1 0.63776 0.3625 0.059896 0.350926
1 0.733333 0.318056 0.01875 0.110185
1 0.59401 0.318981 0.022396 0.115741
1 0.697917 0.318981 0.014583 0.089815
1 0.683333 0.312963 0.0125 0.07963
1 0.84401 0.311574 0.017188 0.09537
1 0.96224 0.308796 0.024479 0.113889
1 0.939063 0.313426 0.017708 0.086111
1 0.955469 0.312963 0.019271 0.092593
1 0.758594 0.310648 0.013021 0.058333
8 0.971094 0.629167 0.019271 0.10463
