1 0.511198 0.425463 0.093229 0.582407
1 0.020052 0.514815 0.214062 1.101852
1 0.213542 0.400926 0.0625 0.32037
1 0.292448 0.401389 0.053646 0.317593
1 0.364323 0.368056 0.021354 0.117593
1 0.388281 0.35787 0.026562 0.121296
8 0.889062 0.596759 0.033333 0.212037
8 0.947917 0.595833 0.085417 0.206481
9 0.791667 0.391667 0.421875 0.081481
1 0.722917 0.361111 0.023958 0.125926
1 0.554427 0.413889 0.059896 0.390741
1 0.970833 0.36713 0.020833 0.10463
1 0.940104 0.360185 0.019792 0.098148
1 0.864062 0.370833 0.014583 0.099074
1 0.851302 0.361111 0.014063 0.090741
9 0.984635 0.616204 0.032813 0.132407
9 0.946354 0.631019 0.045833 0.099074
9 0.897656 0.653241 0.051562 0.047222
1 0.472917 0.381481 0.045833 0.283333
1 0.417969 0.361574 0.022396 0.110185
1 0.688802 0.364815 0.020313 0.101852
1 0.69974 0.368981 0.016146 0.087963
1 0.447396 0.364815 0.026042 0.111111
