1 0.444792 0.518519 0.110417 0.607407
1 0.371875 0.45463 0.035417 0.161111
1 0.401562 0.437037 0.036458 0.181481
9 0.845313 0.485648 0.420833 0.091667
1 0.826562 0.405556 0.023958 0.125926
1 0.604948 0.501852 0.098437 0.433333
1 0.967708 0.412037 0.01875 0.098148
1 0.245312 0.496759 0.051042 0.325
1 0.516927 0.461574 0.049479 0.306481
1 0.534375 0.448148 0.042708 0.211111
1 0.66875 0.424074 0.022917 0.109259
1 0.680469 0.422222 0.018229 0.103704
8 0.980469 0.911574 0.050521 0.225
8 0.8875 0.905556 0.034375 0.127778
