1 0.511979 0.428704 0.114583 0.583333
1 0.06276 0.516667 0.224479 1.07037
1 0.232813 0.400463 0.060417 0.306481
1 0.305469 0.398611 0.053646 0.300926
1 0.371615 0.369907 0.021354 0.117593
1 0.395052 0.358796 0.026562 0.121296
8 0.886979 0.594907 0.033333 0.212037
8 0.940104 0.59537 0.071875 0.207407
9 0.794271 0.387963 0.421875 0.081481
1 0.726042 0.357407 0.023958 0.125926
1 0.561979 0.411574 0.060417 0.375
1 0.975 0.35787 0.020833 0.10463
1 0.942708 0.360185 0.019792 0.098148
1 0.868229 0.364352 0.014583 0.099074
1 0.85651 0.361111 0.014063 0.090741
9 0.984115 0.595833 0.032813 0.132407
9 0.946354 0.611574 0.045833 0.099074
9 0.896094 0.634722 0.051562 0.047222
1 0.475521 0.376389 0.045833 0.282407
1 0.422396 0.360648 0.021875 0.110185
1 0.695312 0.356944 0.019792 0.100926
1 0.707552 0.362037 0.016146 0.087037
1 0.451823 0.360648 0.025521 0.110185
