1 0.458594 0.363426 0.090104 0.437963
1 0.549219 0.365278 0.079687 0.484259
1 0.148698 0.54537 0.370312 1.403704
1 0.341927 0.370833 0.091146 0.467593
1 0.39375 0.37037 0.065625 0.344444
1 0.642188 0.356481 0.054167 0.335185
1 0.741146 0.310648 0.01875 0.110185
1 0.603385 0.319907 0.022396 0.115741
1 0.716667 0.310648 0.013542 0.084259
1 0.699479 0.309259 0.0125 0.07963
1 0.857031 0.303241 0.017188 0.09537
1 0.958073 0.302778 0.019271 0.114815
1 0.950521 0.310648 0.017708 0.086111
1 0.977865 0.3 0.019271 0.092593
1 0.766927 0.303241 0.013021 0.058333
