1 0.513021 0.428241 0.122917 0.587963
1 0.083073 0.528704 0.200521 1.038889
1 0.23724 0.401389 0.060937 0.302778
1 0.311198 0.398611 0.053646 0.293519
1 0.37474 0.371759 0.021354 0.117593
1 0.398177 0.359722 0.026562 0.121296
8 0.886458 0.594907 0.033333 0.212037
8 0.9375 0.595833 0.066667 0.208333
9 0.795833 0.387037 0.421875 0.081481
1 0.727604 0.356481 0.023958 0.125926
1 0.564063 0.411574 0.060417 0.367593
1 0.976562 0.354167 0.020833 0.10463
1 0.944271 0.360185 0.019792 0.098148
1 0.870312 0.3625 0.014583 0.099074
1 0.859115 0.361111 0.014063 0.090741
9 0.984115 0.588426 0.032813 0.132407
9 0.945833 0.606944 0.045833 0.099074
9 0.895573 0.627315 0.051562 0.047222
1 0.476823 0.374537 0.045312 0.282407
1 0.424219 0.360648 0.021354 0.110185
1 0.697135 0.353241 0.019271 0.100926
1 0.711198 0.359722 0.016146 0.086111
1 0.453906 0.359722 0.025521 0.110185
