1 0.526563 0.511574 0.117708 0.626852
1 0.247135 0.506019 0.074479 0.406481
1 0.340365 0.489352 0.072396 0.400926
1 0.428125 0.436574 0.020833 0.125
1 0.454167 0.427315 0.026042 0.136111
9 0.797917 0.4625 0.420833 0.080556
1 0.810937 0.409259 0.023958 0.125926
1 0.616146 0.476389 0.088542 0.397222
1 0.95625 0.416204 0.014583 0.099074
1 0.939844 0.415741 0.019271 0.088889
1 0.475 0.425463 0.019792 0.102778
1 0.539062 0.445833 0.046875 0.287963
1 0.489844 0.423611 0.021354 0.110185
1 0.741406 0.416667 0.020313 0.103704
1 0.747917 0.419907 0.016667 0.093519
8 0.927083 0.813426 0.038542 0.165741
8 0.869271 0.837037 0.036458 0.177778
