1 0.522656 0.496759 0.118229 0.625
1 0.24401 0.493519 0.074479 0.396296
1 0.335677 0.480093 0.071354 0.393519
1 0.421875 0.426389 0.020833 0.125
1 0.447396 0.416204 0.026042 0.136111
9 0.796875 0.454167 0.420833 0.080556
1 0.802083 0.4 0.023958 0.125926
1 0.610938 0.469444 0.088542 0.398148
1 0.948958 0.403241 0.014583 0.099074
1 0.934115 0.403241 0.018229 0.089815
1 0.471354 0.416204 0.01875 0.102778
9 0.970052 0.790278 0.051562 0.047222
1 0.533333 0.436574 0.046875 0.287963
1 0.485677 0.413426 0.021354 0.110185
1 0.73776 0.405556 0.020313 0.103704
1 0.745573 0.409259 0.016146 0.092593
8 0.921354 0.79537 0.034375 0.161111
8 0.859115 0.818981 0.036979 0.171296
