1 0.534375 0.541204 0.115625 0.632407
1 0.236979 0.530093 0.078125 0.421296
1 0.340885 0.521759 0.072396 0.419444
1 0.433333 0.456944 0.020833 0.125
1 0.457813 0.448148 0.029167 0.135185
9 0.799479 0.478241 0.420833 0.080556
1 0.819792 0.432407 0.023958 0.125926
1 0.62474 0.49537 0.084896 0.401852
1 0.971875 0.44213 0.014583 0.099074
1 0.952083 0.440278 0.020833 0.089815
1 0.482812 0.444907 0.021875 0.100926
1 0.550521 0.463889 0.046875 0.288889
1 0.744271 0.439352 0.020833 0.10463
1 0.752865 0.441667 0.016146 0.094444
8 0.938802 0.847685 0.045312 0.171296
8 0.8875 0.872685 0.036458 0.186111
