1 0.492969 0.62963 0.113021 0.622222
1 0.128125 0.672685 0.127083 0.571296
1 0.288281 0.65463 0.095312 0.564815
1 0.39974 0.544907 0.027604 0.128704
1 0.43099 0.533333 0.027604 0.151852
9 0.809375 0.537963 0.420833 0.081481
1 0.802604 0.505556 0.023958 0.125926
1 0.60026 0.590278 0.086979 0.412037
1 0.949219 0.505093 0.015104 0.099074
1 0.935677 0.50463 0.021354 0.088889
1 0.54349 0.55 0.048438 0.292593
1 0.708073 0.516667 0.021354 0.105556
1 0.718229 0.518519 0.016667 0.098148
8 0.960938 0.941204 0.060417 0.193519
8 0.903385 0.949537 0.035937 0.19537
