1 0.458333 0.364815 0.089583 0.438889
1 0.546875 0.366667 0.080208 0.485185
1 0.110417 0.528241 0.40625 1.441667
1 0.336719 0.374537 0.098437 0.475
1 0.389323 0.370833 0.067187 0.350926
1 0.64349 0.356481 0.054688 0.337037
1 0.740625 0.3125 0.01875 0.110185
1 0.602344 0.319907 0.022396 0.115741
1 0.715625 0.311574 0.013542 0.084259
1 0.698958 0.309259 0.0125 0.07963
1 0.85651 0.301389 0.017188 0.09537
1 0.959635 0.301852 0.019271 0.114815
1 0.948958 0.309722 0.017708 0.086111
1 0.97526 0.300926 0.019271 0.092593
1 0.767969 0.303241 0.013021 0.058333
