1 0.489583 0.625463 0.117708 0.623148
1 0.104688 0.696296 0.127083 0.644444
1 0.2875 0.654167 0.107292 0.606481
1 0.401042 0.538426 0.027083 0.130556
1 0.43099 0.527778 0.027604 0.151852
9 0.813021 0.53287 0.420833 0.082407
1 0.807812 0.499074 0.023958 0.125926
1 0.607031 0.591667 0.095312 0.414815
1 0.954167 0.5 0.016667 0.098148
1 0.941927 0.497222 0.020313 0.088889
1 0.546094 0.546759 0.048438 0.293519
1 0.70651 0.512963 0.021354 0.105556
1 0.718229 0.513426 0.016667 0.099074
8 0.971875 0.938426 0.057292 0.199074
8 0.91276 0.949537 0.035937 0.19537
