1 0.425 0.543981 0.114583 0.623148
1 0.042969 0.648148 0.275521 1.201852
1 0.345313 0.460648 0.03125 0.14537
1 0.385417 0.45 0.0375 0.177778
9 0.838542 0.49537 0.420833 0.088889
1 0.786979 0.42037 0.023958 0.125926
1 0.573698 0.503704 0.096354 0.424074
1 0.926042 0.425 0.01875 0.098148
1 0.917708 0.427315 0.017708 0.087963
1 0.229167 0.499074 0.052083 0.305556
1 0.495833 0.467593 0.048958 0.303704
1 0.510417 0.456944 0.044792 0.212037
1 0.650781 0.435185 0.023438 0.109259
1 0.657292 0.4375 0.017708 0.102778
8 0.990104 0.883333 0.051042 0.216667
8 0.927865 0.906944 0.050521 0.225
8 0.841667 0.907407 0.029167 0.138889
