1 0.497396 0.435648 0.104167 0.59537
1 0.202344 0.419444 0.071354 0.335185
1 0.282813 0.408796 0.059375 0.332407
1 0.359635 0.374074 0.021354 0.118519
1 0.382031 0.361111 0.026562 0.122222
8 0.9 0.595833 0.033333 0.212037
8 0.957292 0.59537 0.089583 0.207407
9 0.790625 0.394907 0.420833 0.080556
1 0.723437 0.366667 0.023958 0.125926
1 0.550781 0.415741 0.059896 0.390741
1 0.969792 0.374537 0.020833 0.10463
1 0.941667 0.371296 0.019792 0.098148
1 0.866667 0.375463 0.014583 0.099074
1 0.850521 0.378241 0.014583 0.091667
9 0.984115 0.63287 0.032813 0.132407
9 0.945833 0.649537 0.045833 0.099074
9 0.89974 0.671759 0.051562 0.047222
1 0.473438 0.386111 0.045833 0.285185
1 0.415365 0.363426 0.023438 0.110185
1 0.678646 0.37037 0.019792 0.101852
1 0.694531 0.375463 0.016146 0.089815
1 0.443229 0.366667 0.026042 0.111111
