1 0.514323 0.634259 0.106771 0.627778
1 0.155729 0.652315 0.115625 0.521296
1 0.298958 0.624074 0.086458 0.505556
1 0.407031 0.53287 0.027604 0.128704
1 0.434896 0.525 0.028125 0.146296
9 0.805208 0.539352 0.420833 0.080556
1 0.805208 0.503704 0.023958 0.125926
1 0.603385 0.584722 0.083854 0.410185
1 0.952604 0.502315 0.014583 0.099074
1 0.938802 0.50463 0.021354 0.088889
1 0.457813 0.518056 0.021875 0.108333
1 0.545833 0.541204 0.047917 0.291667
1 0.716667 0.5125 0.020833 0.10463
1 0.726823 0.510185 0.016146 0.098148
8 0.950521 0.934722 0.058333 0.199074
8 0.897396 0.957407 0.035417 0.203704
