1 0.490104 0.622222 0.121875 0.625926
1 0.083073 0.7 0.140104 0.694444
1 0.288802 0.646759 0.120313 0.647222
1 0.405729 0.523611 0.027083 0.132407
1 0.434115 0.514815 0.027604 0.151852
9 0.816667 0.526852 0.420833 0.083333
1 0.820833 0.484259 0.023958 0.125926
1 0.61901 0.578704 0.098437 0.416667
1 0.967708 0.485648 0.01875 0.099074
1 0.953906 0.485648 0.020313 0.087963
1 0.554427 0.535185 0.048438 0.294444
1 0.710938 0.497685 0.021875 0.106481
1 0.723437 0.5 0.016667 0.1
8 0.979948 0.932407 0.051562 0.205556
8 0.926823 0.949537 0.035937 0.19537
8 0.839844 0.953241 0.029687 0.143519
