1 0.503906 0.468981 0.114062 0.617593
1 0.217708 0.45463 0.075 0.366667
1 0.303125 0.45 0.069792 0.368519
1 0.384896 0.394907 0.022917 0.123148
1 0.410417 0.3875 0.026042 0.128704
8 0.960938 0.612037 0.040625 0.227778
9 0.79375 0.421759 0.420833 0.080556
1 0.753646 0.378704 0.023958 0.125926
1 0.575781 0.437963 0.059896 0.390741
1 0.896875 0.383796 0.014583 0.099074
1 0.883073 0.380556 0.014063 0.090741
9 0.995573 0.679167 0.032813 0.132407
9 0.957812 0.696759 0.045833 0.099074
9 0.909635 0.721759 0.051562 0.047222
1 0.508594 0.402315 0.046354 0.286111
1 0.442448 0.388889 0.023438 0.109259
1 0.702604 0.385185 0.020833 0.103704
1 0.7125 0.387037 0.016667 0.090741
