1 0.491406 0.45787 0.109896 0.613889
1 0.196094 0.435648 0.074479 0.349074
1 0.280469 0.419907 0.064062 0.347222
1 0.358073 0.384259 0.022396 0.124074
1 0.380729 0.374537 0.026042 0.126852
8 0.911198 0.60787 0.040104 0.225
8 0.96849 0.596759 0.089063 0.215741
9 0.792188 0.401389 0.420833 0.080556
1 0.723958 0.371296 0.023958 0.125926
1 0.551302 0.42037 0.059896 0.390741
1 0.973958 0.376389 0.020833 0.10463
1 0.948177 0.376852 0.019271 0.096296
1 0.86875 0.379167 0.014583 0.099074
1 0.854687 0.381019 0.014583 0.091667
9 0.985156 0.647685 0.032813 0.132407
9 0.948958 0.66713 0.045833 0.099074
9 0.900781 0.686574 0.051562 0.047222
1 0.485156 0.391667 0.046354 0.285185
1 0.41849 0.375 0.024479 0.109259
1 0.688542 0.377315 0.020833 0.102778
1 0.69375 0.380093 0.016667 0.089815
1 0.450521 0.377778 0.026042 0.111111
