1 0.477604 0.574074 0.110417 0.616667
1 0.213802 0.667593 0.148438 0.896296
1 0.390104 0.491204 0.03125 0.14537
1 0.426042 0.485185 0.034375 0.161111
9 0.827344 0.512037 0.420312 0.087037
1 0.817187 0.458333 0.023958 0.125926
1 0.607031 0.546296 0.086979 0.425926
1 0.961458 0.463889 0.01875 0.098148
1 0.95 0.464352 0.01875 0.087963
1 0.284115 0.522222 0.043229 0.27963
1 0.535937 0.500463 0.048958 0.299074
1 0.693229 0.469444 0.021875 0.107407
1 0.703906 0.472222 0.017188 0.101852
8 0.991146 0.918519 0.051042 0.214815
8 0.933073 0.939815 0.044271 0.224074
8 0.857552 0.934722 0.029687 0.143519
