1 0.445312 0.549537 0.115625 0.619444
1 0.135937 0.664815 0.1875 1.042593
1 0.363021 0.470833 0.03125 0.14537
1 0.397656 0.456481 0.038021 0.164815
9 0.832552 0.504167 0.420312 0.087963
1 0.795833 0.437963 0.023958 0.125926
1 0.583073 0.522222 0.088021 0.42963
1 0.938021 0.440741 0.01875 0.098148
1 0.924479 0.439815 0.01875 0.088889
1 0.253385 0.507407 0.047396 0.292593
1 0.508594 0.475 0.049479 0.3
1 0.664844 0.447685 0.022396 0.108333
1 0.677604 0.45 0.017708 0.101852
8 0.982812 0.899074 0.051042 0.216667
8 0.923177 0.924074 0.044271 0.225926
8 0.839323 0.922685 0.029687 0.143519
