1 0.508073 0.637037 0.108854 0.625926
1 0.146615 0.658333 0.120313 0.535185
1 0.295312 0.633796 0.089583 0.525
1 0.404427 0.538426 0.027604 0.128704
1 0.432812 0.530093 0.028125 0.149074
9 0.80625 0.54213 0.420833 0.080556
1 0.804167 0.503704 0.023958 0.125926
1 0.601823 0.586574 0.083854 0.410185
1 0.951042 0.504167 0.014583 0.099074
1 0.93776 0.50463 0.021354 0.088889
1 0.455729 0.524537 0.021875 0.110185
1 0.541667 0.552315 0.047917 0.291667
1 0.7125 0.515278 0.020833 0.10463
1 0.723958 0.512963 0.016667 0.098148
8 0.949479 0.936574 0.054167 0.19537
8 0.89974 0.951852 0.035937 0.198148
