1 0.519531 0.624074 0.104688 0.62963
1 0.16901 0.63287 0.111979 0.508333
1 0.30625 0.608796 0.083333 0.497222
1 0.411719 0.523611 0.027604 0.128704
1 0.438802 0.515278 0.028646 0.143519
9 0.804167 0.531019 0.420833 0.080556
1 0.808333 0.5 0.023958 0.125926
1 0.607031 0.579167 0.083854 0.410185
1 0.954688 0.500463 0.014583 0.099074
1 0.939844 0.505556 0.021354 0.088889
1 0.461198 0.510185 0.021354 0.105556
1 0.55026 0.530093 0.047396 0.291667
1 0.722656 0.507407 0.021354 0.105556
1 0.729948 0.50787 0.016146 0.097222
8 0.95026 0.931019 0.057812 0.199074
8 0.895573 0.955556 0.035937 0.203704
