1 0.490104 0.622685 0.120833 0.625
1 0.086979 0.698611 0.1375 0.684259
1 0.288542 0.648148 0.117708 0.638889
1 0.404687 0.527315 0.027083 0.132407
1 0.433073 0.518519 0.027604 0.151852
9 0.816146 0.528241 0.420833 0.084259
1 0.819792 0.486111 0.023958 0.125926
1 0.617448 0.581944 0.098437 0.415741
1 0.966146 0.489815 0.01875 0.098148
1 0.951562 0.4875 0.020833 0.087963
1 0.552344 0.537963 0.048438 0.294444
1 0.709896 0.500463 0.021875 0.106481
1 0.722396 0.502778 0.016667 0.1
8 0.978906 0.934259 0.051562 0.205556
8 0.924219 0.951389 0.035937 0.19537
8 0.83776 0.953241 0.029687 0.143519
