1 0.511458 0.475463 0.116667 0.619444
1 0.236719 0.462963 0.075521 0.372222
1 0.31875 0.459722 0.069792 0.376852
1 0.402604 0.402315 0.020833 0.125
1 0.426563 0.394444 0.026042 0.133333
9 0.795312 0.433796 0.420833 0.080556
1 0.776563 0.381481 0.023958 0.125926
1 0.592448 0.450463 0.076563 0.39537
1 0.921875 0.385648 0.014583 0.099074
1 0.903646 0.3875 0.015625 0.089815
1 0.451823 0.393519 0.016146 0.103704
9 0.970833 0.718056 0.045833 0.099074
9 0.922135 0.744907 0.051562 0.047222
1 0.51901 0.413889 0.047396 0.287037
1 0.464323 0.395833 0.022396 0.110185
1 0.720313 0.388889 0.020833 0.103704
1 0.73151 0.39213 0.016146 0.091667
8 0.883073 0.765278 0.028646 0.141667
8 0.838281 0.796759 0.036979 0.171296
