1 0.504167 0.430556 0.098958 0.588889
1 -0.004167 0.518519 0.197917 1.112963
1 0.20599 0.410185 0.069271 0.327778
1 0.2875 0.405093 0.05625 0.325
1 0.36224 0.370833 0.021354 0.117593
1 0.384635 0.35787 0.026562 0.121296
8 0.894271 0.595833 0.033333 0.212037
8 0.952604 0.59537 0.0875 0.207407
9 0.790365 0.398611 0.421354 0.080556
1 0.722917 0.363889 0.023958 0.125926
1 0.551823 0.414815 0.059896 0.390741
1 0.96875 0.372685 0.020833 0.10463
1 0.9375 0.37963 0.019792 0.098148
1 0.865104 0.372685 0.014583 0.099074
1 0.848177 0.377315 0.014063 0.091667
9 0.985156 0.628241 0.032813 0.132407
9 0.946354 0.644907 0.045833 0.099074
9 0.898698 0.664352 0.051562 0.047222
1 0.471354 0.384722 0.045833 0.284259
1 0.415625 0.3625 0.022917 0.110185
1 0.683594 0.369444 0.020313 0.101852
1 0.695052 0.373148 0.016146 0.088889
1 0.444792 0.367593 0.026042 0.111111
