1 0.482031 0.577315 0.109896 0.615741
1 0.223437 0.666667 0.146875 0.874074
1 0.394271 0.493981 0.03125 0.14537
1 0.43151 0.489352 0.033854 0.160185
9 0.826562 0.512963 0.420833 0.087037
1 0.820312 0.461111 0.023958 0.125926
1 0.610156 0.548148 0.086979 0.424074
1 0.965104 0.466667 0.01875 0.098148
1 0.953646 0.468056 0.01875 0.087963
1 0.289062 0.523611 0.042708 0.278704
1 0.538021 0.503241 0.048958 0.299074
1 0.696354 0.473148 0.021875 0.107407
1 0.707552 0.475 0.017188 0.101852
8 0.991667 0.918981 0.051042 0.213889
8 0.933333 0.940741 0.044792 0.222222
8 0.857031 0.935648 0.029687 0.143519
