1 0.427604 0.544444 0.114583 0.622222
1 0.055469 0.653704 0.264062 1.188889
1 0.345833 0.460648 0.03125 0.14537
1 0.386979 0.45 0.0375 0.175926
9 0.83776 0.496759 0.420312 0.089815
1 0.7875 0.42037 0.023958 0.125926
1 0.570052 0.503704 0.095312 0.422222
1 0.927083 0.426389 0.01875 0.099074
1 0.918229 0.428704 0.017708 0.088889
1 0.23151 0.498148 0.051562 0.303704
1 0.496875 0.46713 0.048958 0.302778
1 0.509896 0.45787 0.044792 0.212037
1 0.651563 0.435648 0.022917 0.110185
1 0.659375 0.438426 0.017708 0.102778
8 0.9875 0.882407 0.051042 0.216667
8 0.92526 0.90787 0.050521 0.225
8 0.839062 0.906944 0.029167 0.141667
