1 0.52526 0.606481 0.105729 0.631481
1 0.188802 0.604167 0.106771 0.487963
1 0.317448 0.587037 0.079687 0.483333
1 0.419531 0.508333 0.025521 0.127778
1 0.445573 0.5 0.028646 0.140741
9 0.803125 0.518981 0.420833 0.080556
1 0.814583 0.488889 0.023958 0.125926
1 0.615365 0.566204 0.083854 0.410185
1 0.963021 0.49213 0.014583 0.099074
1 0.946094 0.491667 0.021354 0.088889
1 0.470312 0.494907 0.020833 0.102778
1 0.557031 0.513889 0.047396 0.290741
1 0.729948 0.491667 0.021354 0.105556
1 0.73776 0.492593 0.016146 0.096296
8 0.947917 0.923148 0.052083 0.194444
8 0.89401 0.94213 0.035937 0.19537
