1 0.433073 0.517593 0.111979 0.603704
1 0.367969 0.443056 0.034896 0.175
1 0.404948 0.437963 0.036979 0.196296
9 0.860677 0.464352 0.420312 0.09537
1 0.85625 0.400926 0.023958 0.125926
1 0.614583 0.492593 0.095833 0.440741
1 0.210938 0.500463 0.069792 0.389815
1 0.522396 0.452778 0.051042 0.312963
1 0.546354 0.442593 0.040625 0.211111
1 0.673958 0.420833 0.023958 0.112037
1 0.683333 0.424074 0.01875 0.105556
8 0.940625 0.935185 0.034375 0.127778
1 0.500781 0.418519 0.029687 0.127778
1 0.483333 0.427778 0.028125 0.140741
