1 0.494271 0.584259 0.1125 0.618519
1 0.026042 0.695833 0.13125 0.802778
1 0.259115 0.659259 0.138021 0.781481
1 0.403646 0.507407 0.028125 0.135185
1 0.43776 0.493981 0.028646 0.152778
9 0.822917 0.518519 0.420833 0.085185
1 0.827604 0.47037 0.023958 0.125926
1 0.620052 0.55 0.091146 0.418519
1 0.975521 0.473148 0.01875 0.098148
1 0.957812 0.475463 0.019792 0.087963
1 0.548698 0.516204 0.048438 0.297222
1 0.705729 0.482407 0.021875 0.107407
1 0.716927 0.484722 0.017188 0.100926
8 0.995052 0.921759 0.051562 0.208333
8 0.934896 0.943981 0.044792 0.215741
8 0.855469 0.940278 0.029687 0.143519
