1 0.435156 0.546759 0.115104 0.621296
1 0.092708 0.669444 0.230208 1.151852
1 0.35 0.463426 0.03125 0.14537
1 0.391146 0.450926 0.0375 0.17037
9 0.835677 0.5 0.420312 0.088889
1 0.789583 0.422222 0.023958 0.125926
1 0.575 0.503241 0.09375 0.423148
1 0.93125 0.431944 0.01875 0.099074
1 0.919531 0.432407 0.018229 0.088889
1 0.238542 0.495833 0.05 0.299074
1 0.50026 0.46713 0.049479 0.302778
1 0.511458 0.4625 0.044792 0.212037
1 0.653385 0.437963 0.022396 0.109259
1 0.666667 0.442593 0.017708 0.101852
8 0.980729 0.882407 0.051042 0.216667
8 0.91901 0.908796 0.050521 0.225
8 0.83724 0.911574 0.029687 0.143519
