1 0.489844 0.623611 0.120313 0.625
1 0.091406 0.698148 0.134896 0.674074
1 0.288281 0.649537 0.115104 0.630556
1 0.404167 0.530093 0.027083 0.132407
1 0.432031 0.522222 0.027604 0.151852
9 0.815104 0.52963 0.420833 0.083333
1 0.816146 0.488889 0.023958 0.125926
1 0.615625 0.586111 0.098958 0.414815
1 0.96276 0.491667 0.018229 0.098148
1 0.949219 0.490278 0.020313 0.087963
1 0.55026 0.540741 0.048438 0.294444
1 0.709115 0.503704 0.021354 0.105556
1 0.721354 0.505556 0.016667 0.1
8 0.977083 0.935185 0.053125 0.203704
8 0.921094 0.950463 0.035937 0.19537
8 0.835677 0.953241 0.029687 0.143519
