1 0.501302 0.466667 0.113021 0.616667
1 0.211458 0.452315 0.075 0.365741
1 0.297917 0.446759 0.069792 0.365741
1 0.378125 0.393981 0.023958 0.123148
1 0.404687 0.386574 0.026042 0.126852
8 0.949219 0.612037 0.041146 0.227778
8 1.014323 0.589352 0.089063 0.215741
9 0.79375 0.41713 0.420833 0.080556
1 0.746354 0.377778 0.023958 0.125926
1 0.569531 0.433333 0.059896 0.390741
1 0.972135 0.376389 0.019271 0.097222
1 0.8875 0.38287 0.014583 0.099074
1 0.874219 0.380556 0.014063 0.090741
9 0.992448 0.670833 0.032813 0.132407
9 0.95625 0.691204 0.045833 0.099074
9 0.907552 0.714352 0.051562 0.047222
1 0.503906 0.400463 0.046354 0.286111
1 0.434896 0.386574 0.023958 0.110185
1 0.696875 0.384259 0.020833 0.103704
1 0.70625 0.385185 0.016667 0.090741
1 0.467187 0.387963 0.026042 0.111111
