1 0.492448 0.584259 0.109896 0.616667
1 0.248177 0.662963 0.142187 0.814815
1 0.4 0.501852 0.029167 0.138889
1 0.435156 0.49213 0.030729 0.156481
9 0.824219 0.516204 0.420312 0.086111
1 0.825521 0.467593 0.023958 0.125926
1 0.617448 0.551852 0.088021 0.418519
1 0.973958 0.472222 0.01875 0.098148
1 0.957552 0.473611 0.019271 0.087963
1 0.544531 0.511111 0.048438 0.298148
1 0.702604 0.47963 0.021875 0.107407
1 0.714323 0.481481 0.017188 0.101852
8 0.99375 0.920833 0.051042 0.210185
8 0.934375 0.942593 0.044792 0.218519
8 0.85599 0.938426 0.029687 0.143519
