1 0.50651 0.471296 0.115104 0.618519
1 0.223958 0.457407 0.075 0.368519
1 0.308333 0.453241 0.069792 0.371296
1 0.391667 0.396296 0.021875 0.124074
1 0.416146 0.389352 0.026042 0.130556
8 0.972917 0.612037 0.040625 0.227778
9 0.794271 0.425463 0.420833 0.080556
1 0.761458 0.37963 0.023958 0.125926
1 0.58125 0.441667 0.065625 0.392593
1 0.905208 0.383796 0.014583 0.099074
1 0.889583 0.382407 0.014583 0.090741
9 0.998698 0.6875 0.032813 0.132407
9 0.959375 0.703241 0.045833 0.099074
9 0.911198 0.729167 0.051562 0.047222
1 0.513542 0.405093 0.046875 0.286111
1 0.449479 0.391204 0.022917 0.110185
1 0.708333 0.386111 0.020833 0.103704
1 0.71875 0.388426 0.016667 0.091667
