1 0.458333 0.365741 0.089583 0.438889
1 0.544792 0.364815 0.08125 0.485185
1 0.09375 0.524074 0.411458 1.45
1 0.332552 0.376389 0.102604 0.482407
1 0.385677 0.368981 0.067187 0.356481
1 0.64401 0.356019 0.055729 0.337963
1 0.740104 0.3125 0.01875 0.110185
1 0.601823 0.319907 0.022396 0.115741
1 0.714583 0.311574 0.013542 0.084259
1 0.698958 0.309259 0.0125 0.07963
1 0.854948 0.302315 0.017188 0.09537
1 0.960677 0.301852 0.019271 0.114815
1 0.948437 0.309722 0.017708 0.086111
1 0.974219 0.301852 0.019271 0.092593
1 0.766927 0.303241 0.013021 0.058333
