1 0.472917 0.57037 0.111458 0.616667
1 0.202344 0.661574 0.153646 0.908333
1 0.385937 0.489352 0.03125 0.14537
1 0.420833 0.481019 0.035417 0.162037
9 0.828125 0.510648 0.420833 0.086111
1 0.814063 0.455556 0.023958 0.125926
1 0.603906 0.543981 0.086979 0.428704
1 0.957812 0.460185 0.01875 0.098148
1 0.946354 0.460648 0.01875 0.087963
1 0.279427 0.520833 0.044271 0.282407
1 0.533854 0.497685 0.048958 0.299074
1 0.690365 0.465741 0.022396 0.107407
1 0.70026 0.468519 0.017188 0.101852
8 0.990625 0.918056 0.051042 0.215741
8 0.932552 0.939352 0.044271 0.225
8 0.853385 0.933796 0.029687 0.143519
