1 0.489844 0.624074 0.119271 0.624074
1 0.095833 0.697685 0.132292 0.663889
1 0.288021 0.650926 0.1125 0.622222
1 0.403646 0.533796 0.027083 0.132407
1 0.43151 0.525926 0.027604 0.151852
9 0.814583 0.530556 0.420833 0.083333
1 0.813021 0.492593 0.023958 0.125926
1 0.614062 0.590278 0.098958 0.413889
1 0.959896 0.494444 0.017708 0.098148
1 0.946875 0.492593 0.020833 0.088889
1 0.548177 0.543519 0.048438 0.294444
1 0.708073 0.506481 0.021354 0.105556
1 0.720313 0.508333 0.016667 0.1
8 0.97526 0.936111 0.054688 0.201852
8 0.91849 0.950463 0.035937 0.19537
8 0.833594 0.953241 0.029687 0.143519
