1 0.014323 0.75463 0.024479 0.168519
3 0.504948 0.540741 0.027604 0.038889
1 0.673177 0.543519 0.009896 0.053704
1 0.724479 0.536574 0.011458 0.058333
1 0.83099 0.574074 0.019271 0.090741
1 0.806771 0.577315 0.01875 0.087963
1 0.786198 0.582407 0.013021 0.087037
1 0.795573 0.577778 0.018229 0.090741
1 0.714583 0.536574 0.010417 0.05463
10 0.907552 0.602315 0.026562 0.067593
3 0.615365 0.571759 0.047396 0.063889
3 0.415625 0.538889 0.039583 0.075926
3 0.805729 0.655093 0.147917 0.125
10 0.685937 0.681944 0.009375 0.273148
11 0.684635 0.483333 0.034896 0.137037
10 0.927604 0.684259 0.019792 0.362963
10 0.70599 0.823611 0.035937 0.132407
10 0.910417 0.702778 0.011458 0.140741
1 0.779167 0.777315 0.04375 0.223148
1 0.83724 0.744907 0.064062 0.199074
1 0.707292 0.693981 0.035417 0.186111
1 0.820573 0.584722 0.017188 0.093519
1 0.72526 0.70787 0.038021 0.206481
1 0.748437 0.586111 0.017708 0.085185
1 0.769792 0.583333 0.022917 0.085185
1 0.894792 0.63287 0.025 0.132407
1 0.839844 0.726389 0.051562 0.202778
1 0.920573 0.627315 0.025521 0.123148
1 0.894531 0.615278 0.027604 0.121296
1 0.729948 0.587963 0.025521 0.098148
