3 0.280208 0.485185 0.021875 0.031481
1 0.461198 0.502778 0.013021 0.059259
1 0.597656 0.562963 0.023438 0.12037
1 0.577344 0.565278 0.023438 0.117593
1 0.547396 0.568519 0.015625 0.111111
1 0.561458 0.572222 0.019792 0.122222
10 0.680469 0.60463 0.040104 0.088889
3 0.392969 0.589352 0.078646 0.099074
3 0.141406 0.502315 0.049479 0.080556
3 0.557552 0.686111 0.184896 0.17037
10 0.354427 0.744907 0.013021 0.371296
11 0.353646 0.452778 0.065625 0.222222
10 0.735417 0.716667 0.019792 0.568519
1 0.41875 1.004167 0.06875 0.373148
1 0.370312 0.940741 0.072917 0.366667
1 0.436979 0.499537 0.013542 0.062037
1 0.264323 0.780556 0.076563 0.274074
1 0.582031 0.565741 0.022396 0.114815
1 0.86849 0.63287 0.033854 0.182407
1 0.277083 0.807407 0.080208 0.303704
1 0.476823 0.566204 0.021354 0.113889
1 0.513542 0.566667 0.03125 0.112963
1 0.764062 0.676852 0.04375 0.190741
1 0.399219 0.880093 0.038021 0.328704
1 0.790885 0.649074 0.040104 0.168519
1 0.757552 0.634259 0.032813 0.159259
1 0.485417 0.556944 0.025 0.108333
10 0.341406 1.043519 0.043229 0.172222
