1 0.021615 0.879167 0.078646 0.291667
1 0.080469 0.911574 0.077604 0.347222
1 0.411198 0.859722 0.071354 0.297222
1 0.372135 0.596296 0.028646 0.114815
1 0.407552 0.539352 0.018229 0.089815
1 0.783333 0.526389 0.0125 0.065741
3 0.917969 0.62963 0.123437 0.124074
3 0.715885 0.508796 0.060937 0.041667
3 0.748177 0.590741 0.107812 0.105556
3 0.619531 0.52037 0.058854 0.075926
3 0.658333 0.524537 0.052083 0.056481
3 0.528385 0.483796 0.030729 0.037963
4 0.440365 0.678704 0.043229 0.107407
3 0.479427 0.524537 0.044271 0.078704
3 0.465625 0.471296 0.027083 0.035185
