1 0.861198 0.568056 0.033854 0.121296
1 0.708333 0.56713 0.025 0.119444
1 0.107812 0.564352 0.014583 0.069444
3 0.254427 0.5875 0.059896 0.082407
3 0.301823 0.735648 0.130729 0.25463
1 0.619792 0.553241 0.023958 0.093519
1 0.580208 0.533796 0.0125 0.065741
1 0.038802 0.566204 0.013021 0.069444
1 0.43776 0.498611 0.008854 0.04537
1 0.100781 0.564815 0.010937 0.074074
1 0.102344 0.572222 0.013021 0.068519
1 0.043229 0.568981 0.013542 0.075
1 0.057292 0.561111 0.014583 0.077778
1 0.522656 0.515741 0.016146 0.057407
1 0.513021 0.518056 0.011458 0.060185
3 0.386198 0.603704 0.096354 0.12037
3 0.311198 0.503704 0.025521 0.033333
3 0.372396 0.488426 0.017708 0.023148
3 0.250781 0.496759 0.030729 0.056481
3 0.39349 0.510648 0.026562 0.037963
10 0.489844 0.627778 0.010937 0.237037
11 0.488802 0.455556 0.034896 0.122222
10 0.595833 0.578704 0.016667 0.314815
10 0.620313 0.544444 0.009375 0.288889
1 0.58151 0.533796 0.014063 0.063889
1 0.596354 0.525926 0.015625 0.075926
1 0.502083 0.515741 0.010417 0.048148
1 0.604688 0.526389 0.015625 0.075
1 0.549219 0.515278 0.015104 0.062037
1 0.561719 0.512037 0.014063 0.059259
1 0.470052 0.518056 0.011979 0.052778
10 0.56901 0.571296 0.010937 0.066667
10 0.609375 0.564815 0.004167 0.081481
10 0.590104 0.54213 0.004167 0.128704
