1 0.967708 0.59537 0.042708 0.187037
1 0.127344 0.610648 0.019271 0.10463
3 0.394271 0.543056 0.038542 0.056481
3 0.547917 0.691204 0.197917 0.237963
1 0.5625 0.496296 0.0125 0.040741
1 0.116667 0.613426 0.017708 0.100926
1 0.113802 0.630093 0.016146 0.099074
1 0.039844 0.623611 0.021354 0.102778
3 0.423698 0.486111 0.018229 0.024074
3 0.501042 0.497222 0.026042 0.035185
3 0.355469 0.498148 0.032813 0.061111
3 0.58125 0.55 0.06875 0.07037
10 0.799479 0.862037 0.034375 0.398148
11 0.816406 0.452315 0.132812 0.436111
10 0.65 0.523148 0.011458 0.214815
1 0.674219 0.567593 0.020313 0.105556
1 0.679167 0.55463 0.035417 0.1
1 0.695312 0.552315 0.015625 0.119444
1 0.03151 0.624537 0.023438 0.108333
1 0.709635 0.554167 0.020313 0.10463
1 0.611979 0.520833 0.01875 0.069444
1 0.597656 0.514815 0.011979 0.051852
1 0.6375 0.521759 0.015625 0.071296
1 0.62526 0.523611 0.010937 0.071296
