1 0.570833 0.727315 0.045833 0.187963
1 0.616667 0.734722 0.04375 0.212037
1 0.817448 0.801389 0.057812 0.258333
1 0.667448 0.576389 0.026562 0.099074
1 0.682552 0.543056 0.014063 0.078704
3 0.982292 0.521759 0.066667 0.047222
3 0.972656 0.575926 0.109896 0.090741
3 0.845052 0.510648 0.046354 0.065741
3 0.922656 0.529167 0.052604 0.052778
3 0.763802 0.483333 0.025521 0.038889
3 0.695833 0.471296 0.021875 0.025926
4 0.741927 0.649074 0.039062 0.094444
10 0.688281 0.561574 0.005729 0.130556
3 0.772917 0.546296 0.059375 0.088889
3 0.728906 0.485185 0.030729 0.046296
