11 0.853125 0.540741 0.046875 0.074074
10 0.85651 0.640278 0.009896 0.430556
1 0.888802 0.581944 0.023438 0.112037
1 0.805208 0.566667 0.028125 0.107407
1 0.033854 0.604167 0.023958 0.128704
1 0.241667 0.523148 0.0125 0.059259
3 0.350521 0.598611 0.072917 0.09537
3 0.481771 0.75787 0.155208 0.273148
1 0.679688 0.518519 0.013542 0.053704
1 0.64974 0.535185 0.016146 0.072222
1 0.688021 0.518056 0.010417 0.052778
1 0.35026 0.486574 0.005729 0.030556
1 0.205208 0.517593 0.009375 0.053704
1 0.511719 0.4875 0.009896 0.043519
1 0.703646 0.515278 0.013542 0.063889
3 0.369271 0.471296 0.015625 0.022222
1 0.23776 0.523611 0.009896 0.058333
1 0.241146 0.531944 0.011458 0.063889
1 0.192969 0.523611 0.013021 0.062037
1 0.215625 0.51713 0.0125 0.062037
1 0.541927 0.505093 0.008854 0.052778
1 0.553125 0.507407 0.011458 0.05
1 0.613021 0.50463 0.011458 0.053704
1 0.603125 0.509259 0.011458 0.055556
3 0.479948 0.6125 0.093229 0.113889
3 0.389844 0.505093 0.030729 0.043519
3 0.446615 0.475 0.017188 0.022222
3 0.341146 0.478241 0.026042 0.05463
3 0.461979 0.4875 0.020833 0.026852
10 0.576302 0.571759 0.006771 0.171296
11 0.575521 0.445833 0.021875 0.082407
10 0.653906 0.550926 0.007812 0.190741
10 0.671875 0.527778 0.007292 0.211111
11 0.670833 0.455556 0.030208 0.057407
10 0.026823 0.603241 0.007812 0.139815
10 0.653646 0.526852 0.00625 0.1
1 0.713021 0.516204 0.014583 0.065741
1 0.657031 0.506944 0.009896 0.056481
1 0.667188 0.506944 0.013542 0.058333
1 0.701042 0.515741 0.010417 0.061111
1 0.566146 0.505093 0.009375 0.04537
1 0.620313 0.50787 0.011458 0.049074
10 0.683854 0.516667 0.00625 0.074074
10 0.668229 0.545833 0.005208 0.065741
10 0.220833 0.518519 0.005208 0.077778
