1 0.874219 0.577315 0.035937 0.126852
1 0.70625 0.571759 0.026042 0.121296
1 0.09401 0.573148 0.015104 0.072222
3 0.249479 0.586111 0.058333 0.07963
3 0.2875 0.731019 0.130208 0.250926
1 0.621354 0.560648 0.022917 0.100926
1 0.572656 0.535648 0.013021 0.067593
1 0.017448 0.574074 0.009896 0.074074
1 0.433594 0.505093 0.007812 0.041667
1 0.086719 0.570833 0.011979 0.076852
1 0.086719 0.580556 0.013021 0.07037
1 0.025781 0.575 0.014063 0.07963
1 0.03724 0.568056 0.015104 0.080556
1 0.517969 0.521759 0.013021 0.058333
1 0.508333 0.522222 0.011458 0.061111
3 0.395573 0.606944 0.105729 0.119444
3 0.308073 0.50787 0.023438 0.032407
3 0.36875 0.494907 0.017708 0.023148
3 0.245573 0.502315 0.030729 0.056481
3 0.392708 0.518981 0.028125 0.041667
10 0.483594 0.641667 0.011979 0.251852
11 0.484896 0.459259 0.0375 0.12963
10 0.596615 0.584259 0.018229 0.346296
10 0.623177 0.548611 0.009896 0.30463
1 0.572135 0.5375 0.015104 0.065741
1 0.583854 0.536111 0.013542 0.075926
1 0.496354 0.52037 0.010417 0.051852
1 0.60026 0.53287 0.016146 0.076852
1 0.539583 0.519444 0.014583 0.064815
1 0.555208 0.518519 0.0125 0.064815
1 0.489844 0.525463 0.011979 0.063889
1 0.464323 0.521296 0.011979 0.055556
10 0.566927 0.57963 0.010937 0.066667
10 0.590885 0.555556 0.005729 0.124074
