11 0.853125 0.540741 0.05 0.075926
10 0.857552 0.648611 0.009896 0.467593
1 0.873177 0.57037 0.024479 0.112963
1 0.784115 0.561574 0.023438 0.112037
1 0.21901 0.531481 0.011979 0.062963
3 0.328906 0.596759 0.072396 0.093519
3 0.450781 0.759722 0.146354 0.282407
1 0.663802 0.519907 0.013021 0.058333
1 0.636458 0.533333 0.016667 0.075926
1 0.666927 0.516667 0.010937 0.053704
1 0.325521 0.487963 0.007292 0.02963
1 0.176563 0.527778 0.009375 0.055556
1 0.494531 0.488426 0.009896 0.043519
1 0.682813 0.515278 0.011458 0.062037
3 0.346615 0.474537 0.015104 0.021296
1 0.21276 0.531019 0.009896 0.062037
1 0.216146 0.537963 0.011458 0.061111
1 0.166667 0.531944 0.0125 0.065741
1 0.189583 0.524537 0.0125 0.063889
1 0.52526 0.507407 0.008854 0.055556
1 0.534635 0.508333 0.010937 0.055556
1 0.596354 0.503241 0.011458 0.056481
1 0.584896 0.508796 0.011458 0.056481
3 0.453906 0.611111 0.091146 0.112963
3 0.370312 0.50463 0.029167 0.040741
3 0.428906 0.478241 0.017188 0.021296
3 0.322656 0.480093 0.026562 0.05463
3 0.444792 0.490741 0.020833 0.02963
10 0.557552 0.578704 0.006771 0.177778
11 0.559635 0.44537 0.023438 0.087037
10 0.638802 0.552778 0.008854 0.201852
10 0.658854 0.526852 0.007292 0.218519
11 0.655208 0.454167 0.032292 0.056481
10 0.636979 0.527778 0.00625 0.1
1 0.691146 0.516204 0.015625 0.065741
1 0.633854 0.506944 0.009375 0.056481
1 0.648698 0.506019 0.014063 0.058333
1 0.545573 0.507407 0.011979 0.046296
10 0.667708 0.513426 0.00625 0.073148
10 0.651563 0.54213 0.004167 0.073148
10 0.195052 0.526389 0.006771 0.082407
