1 0.966146 0.630556 0.032292 0.162963
1 0.155208 0.546759 0.026042 0.100926
1 0.145052 0.48287 0.011979 0.052778
1 0.663542 0.525926 0.015625 0.087037
1 0.182552 0.461574 0.009896 0.039815
1 0.42526 0.462037 0.010937 0.042593
3 0.842708 0.673611 0.189583 0.173148
3 0.558333 0.494444 0.065625 0.05
3 0.8625 0.831019 0.305208 0.336111
3 0.561458 0.553704 0.102083 0.12037
3 0.403646 0.493519 0.053125 0.055556
4 0.008594 0.8875 0.067187 0.191667
11 0.153125 0.449537 0.035417 0.026852
10 0.975 0.634722 0.011458 0.200926
3 0.238021 0.487037 0.040625 0.068519
3 0.267969 0.459259 0.027604 0.038889
3 0.489323 0.518056 0.061979 0.071296
