1 0.826042 0.581019 0.045833 0.150926
1 0.090885 0.6 0.018229 0.092593
3 0.323437 0.55463 0.04375 0.061111
3 0.36901 0.70463 0.163021 0.233333
1 0.796094 0.61713 0.038021 0.167593
1 0.61901 0.548148 0.020313 0.088889
1 0.495833 0.503704 0.011458 0.046296
1 0.684115 0.523148 0.011979 0.085185
1 0.082552 0.601389 0.015104 0.089815
1 0.082031 0.614815 0.015104 0.090741
1 0.014063 0.611574 0.015625 0.091667
3 0.759115 0.573611 0.157812 0.117593
3 0.370833 0.496759 0.01875 0.026852
3 0.434375 0.497222 0.023958 0.031481
3 0.296615 0.504167 0.032813 0.056481
3 0.48125 0.541204 0.046875 0.062037
10 0.588542 0.786111 0.026042 0.425926
11 0.588802 0.456019 0.072396 0.243519
10 0.796615 0.700463 0.025521 0.597222
10 0.808073 0.624537 0.015104 0.443519
10 0.680469 0.518981 0.006771 0.112037
1 0.614844 0.554167 0.020313 0.091667
1 0.238802 0.516667 0.007812 0.037037
1 0.620573 0.546759 0.021354 0.099074
1 0.638021 0.539815 0.016667 0.107407
1 0.004948 0.610185 0.017188 0.092593
1 0.547917 0.522222 0.016667 0.07037
1 0.52474 0.522685 0.013021 0.062037
11 0.841927 0.456481 0.085938 0.148148
