1 0.778125 0.575 0.025 0.146296
1 0.076042 0.592593 0.017708 0.088889
3 0.288802 0.563426 0.046354 0.065741
3 0.311979 0.705556 0.146875 0.237037
1 0.723177 0.6 0.032813 0.137037
1 0.583594 0.543519 0.019271 0.081481
1 0.464844 0.503241 0.010937 0.04537
1 0.641146 0.517593 0.014583 0.074074
1 0.067187 0.593056 0.014583 0.086111
1 0.066927 0.606019 0.015104 0.086111
1 0.001042 0.601389 0.0125 0.084259
3 0.621875 0.581019 0.142708 0.112037
3 0.34401 0.496759 0.020313 0.026852
3 0.403385 0.496296 0.021354 0.027778
3 0.26875 0.501852 0.033333 0.055556
3 0.442188 0.533333 0.039583 0.055556
10 0.530729 0.739815 0.020833 0.388889
11 0.529687 0.455556 0.054167 0.2
10 0.705729 0.647222 0.025 0.559259
10 0.725781 0.624074 0.010937 0.351852
1 0.582292 0.544907 0.017708 0.084259
1 0.214062 0.513889 0.008333 0.033333
1 0.596875 0.538889 0.017708 0.092593
1 0.611458 0.532407 0.017708 0.083333
1 0.560156 0.522222 0.016146 0.066667
1 0.575521 0.514815 0.0125 0.066667
1 0.492969 0.523611 0.013021 0.062037
