1 0.811198 0.574537 0.042188 0.150926
1 0.086719 0.600463 0.018229 0.093519
3 0.314323 0.557407 0.044271 0.061111
3 0.353125 0.705556 0.158333 0.235185
1 0.77526 0.611574 0.033854 0.160185
1 0.60625 0.546759 0.020833 0.086111
1 0.488542 0.501852 0.011458 0.046296
1 0.672917 0.514815 0.0125 0.068519
1 0.078646 0.601852 0.014583 0.088889
1 0.078385 0.614352 0.015104 0.089815
1 0.011458 0.610648 0.016667 0.089815
3 0.721615 0.573611 0.153646 0.117593
3 0.364583 0.498611 0.019792 0.026852
3 0.427604 0.496296 0.022917 0.02963
3 0.288802 0.504167 0.032813 0.056481
3 0.471354 0.538426 0.041667 0.060185
10 0.571354 0.776389 0.025 0.421296
11 0.569792 0.455556 0.06875 0.233333
10 0.770052 0.693981 0.025521 0.597222
10 0.782552 0.616667 0.014063 0.42037
10 0.669792 0.520833 0.008333 0.089815
1 0.605729 0.550463 0.019792 0.089815
1 0.232031 0.516667 0.007812 0.035185
1 0.615625 0.54213 0.025 0.100926
1 0.63099 0.538889 0.018229 0.101852
1 0.004427 0.611111 0.017188 0.094444
1 0.516927 0.522685 0.013021 0.062037
11 0.810937 0.449074 0.078125 0.131481
