1 0.890104 0.585648 0.034375 0.163889
1 0.113021 0.596759 0.01875 0.097222
3 0.36276 0.544907 0.041146 0.058333
3 0.453906 0.694907 0.176563 0.219444
1 0.903906 0.665278 0.053646 0.202778
1 0.531771 0.494444 0.011458 0.037037
1 0.10026 0.597685 0.016146 0.093519
1 0.101302 0.609722 0.015104 0.09537
1 0.028385 0.60463 0.020313 0.096296
3 0.945833 0.570833 0.175 0.121296
3 0.400781 0.486574 0.017188 0.026852
3 0.470312 0.494444 0.025 0.033333
3 0.328385 0.496296 0.031771 0.057407
3 0.533073 0.547685 0.056771 0.069444
10 0.68125 0.809259 0.025 0.398148
11 0.688542 0.456019 0.09375 0.317593
10 0.960677 0.711574 0.025521 0.597222
10 0.92474 0.673611 0.019271 0.543519
10 0.608594 0.51713 0.009896 0.215741
10 0.738542 0.524074 0.008333 0.140741
1 0.648698 0.564815 0.022396 0.098148
1 0.269531 0.508333 0.007812 0.038889
1 0.020052 0.607407 0.020313 0.098148
1 0.582292 0.524537 0.01875 0.071296
1 0.563542 0.52037 0.0125 0.062963
1 0.597917 0.525926 0.013542 0.068519
