3 0.504427 0.540278 0.026562 0.039815
1 0.673177 0.539815 0.009896 0.055556
1 0.723958 0.536111 0.011458 0.057407
1 0.83151 0.575463 0.021354 0.097222
1 0.804688 0.575926 0.016667 0.092593
1 0.785677 0.57963 0.013021 0.087037
1 0.796615 0.577778 0.019271 0.092593
1 0.714063 0.534722 0.010417 0.05463
10 0.908594 0.601389 0.026562 0.067593
3 0.616406 0.573611 0.047396 0.065741
3 0.414583 0.539352 0.039583 0.075
3 0.807812 0.656019 0.15 0.126852
10 0.685677 0.683333 0.009896 0.277778
11 0.684896 0.482407 0.036458 0.138889
10 0.933333 0.687963 0.019792 0.362963
10 0.705469 0.826852 0.035937 0.135185
10 0.913281 0.701389 0.016146 0.149074
1 0.779427 0.78287 0.044271 0.228704
1 0.83776 0.748148 0.063021 0.209259
1 0.699479 0.694444 0.030208 0.187037
1 0.820833 0.581944 0.017708 0.093519
1 0.723698 0.712037 0.041146 0.205556
1 0.748177 0.5875 0.017188 0.086111
1 0.76875 0.581019 0.021875 0.086111
1 0.899479 0.631481 0.025 0.137037
1 0.839844 0.731944 0.049479 0.210185
1 0.925 0.626852 0.027083 0.127778
1 0.9 0.616667 0.022917 0.124074
1 0.728385 0.584259 0.025521 0.098148
