11 0.740885 0.472222 0.020313 0.027778
1 0.736458 0.542593 0.017708 0.092593
10 0.741927 0.528241 0.005729 0.147222
1 0.796354 0.533796 0.017708 0.075
1 0.834896 0.604167 0.029167 0.117593
1 0.884375 0.602778 0.033333 0.116667
1 0.775 0.52037 0.015625 0.075926
1 0.021354 0.740278 0.025 0.099074
1 0.075521 0.621296 0.023958 0.142593
1 0.123177 0.630093 0.023438 0.14537
10 0.110677 0.619907 0.009896 0.275
1 0.265104 0.554167 0.017708 0.086111
1 0.286719 0.555093 0.016146 0.087963
1 0.344531 0.527778 0.013021 0.066667
1 0.335417 0.529167 0.011458 0.060185
1 0.359635 0.517593 0.011979 0.059259
3 0.522917 0.552315 0.044792 0.062037
3 0.599479 0.566204 0.061458 0.100926
1 0.565104 0.476852 0.007292 0.025926
1 0.327865 0.520833 0.007812 0.065741
1 0.626042 0.479167 0.007292 0.032407
3 0.523177 0.480093 0.015104 0.023148
1 0.673177 0.486574 0.007812 0.041667
1 0.418229 0.494907 0.008333 0.041667
1 0.436458 0.500463 0.008333 0.039815
1 0.408333 0.497222 0.008333 0.044444
1 0.767708 0.489352 0.0125 0.039815
3 0.607812 0.549537 0.051042 0.078704
3 0.576823 0.513889 0.079687 0.048148
3 0.546094 0.466204 0.014063 0.013889
3 0.489063 0.470833 0.020833 0.041667
10 0.409115 0.513889 0.008854 0.02963
10 0.353385 0.518519 0.006771 0.077778
10 0.366146 0.518519 0.00625 0.077778
10 0.424479 0.495833 0.005208 0.052778
