3 0.466146 0.508796 0.026042 0.036111
1 0.682031 0.519907 0.009896 0.058333
1 0.798958 0.571296 0.020833 0.111111
1 0.772396 0.566204 0.021875 0.093519
1 0.752344 0.573148 0.014063 0.1
1 0.765104 0.572222 0.022917 0.1
1 0.669531 0.521759 0.013021 0.062037
10 0.886198 0.610185 0.041146 0.085185
3 0.582812 0.569907 0.057292 0.076852
3 0.360417 0.516204 0.041667 0.073148
3 0.778906 0.668056 0.167187 0.14537
10 0.646615 0.711574 0.013021 0.330556
11 0.647135 0.467593 0.047396 0.162963
10 0.950521 0.708333 0.021875 0.496296
10 0.669531 0.896296 0.040104 0.162963
10 0.909115 0.728241 0.015104 0.175
1 0.732552 0.85787 0.052604 0.293519
1 0.739323 0.800463 0.050521 0.258333
1 0.61901 0.71713 0.026562 0.226852
1 0.78724 0.573611 0.017188 0.093519
1 0.64375 0.731019 0.033333 0.241667
1 0.697656 0.581019 0.022396 0.106481
1 0.727604 0.575926 0.026042 0.103704
1 0.921354 0.646759 0.046875 0.15463
1 0.760938 0.769907 0.042708 0.243519
1 0.939583 0.634259 0.03125 0.146296
1 0.914323 0.624074 0.030729 0.15
1 0.689844 0.567593 0.025521 0.098148
