1 0.99375 0.664815 0.03125 0.192593
1 0.140365 0.549074 0.025521 0.107407
1 0.134896 0.482407 0.011458 0.059259
1 0.679688 0.540741 0.015625 0.096296
1 0.178646 0.45787 0.009375 0.039815
1 0.423958 0.46713 0.011458 0.041667
3 0.889583 0.725 0.222917 0.209259
3 0.561458 0.499074 0.070833 0.048148
3 1.016927 0.966667 0.319271 0.340741
3 0.590885 0.577315 0.116146 0.139815
3 0.415625 0.500926 0.058333 0.061111
11 0.135677 0.447685 0.036979 0.026852
10 0.140885 0.518981 0.005729 0.121296
3 0.23125 0.482407 0.040625 0.068519
3 0.264844 0.459259 0.027604 0.038889
3 0.490885 0.523611 0.064062 0.073148
