11 0.864844 0.514815 0.036979 0.055556
1 0.90625 0.655556 0.041667 0.185185
10 0.863021 0.584722 0.007292 0.289815
1 0.936719 0.571296 0.022396 0.098148
1 0.890365 0.555556 0.020313 0.094444
1 0.092969 0.600926 0.028646 0.12963
1 0.119792 0.607407 0.029167 0.127778
1 0.202604 0.588426 0.021875 0.10463
1 0.182552 0.593981 0.019271 0.100926
1 0.245833 0.56713 0.016667 0.097222
1 0.232552 0.583796 0.021354 0.115741
3 0.475781 0.614815 0.071354 0.101852
3 0.617448 0.708796 0.121354 0.237963
1 0.797656 0.515278 0.010937 0.050926
1 0.710677 0.522222 0.014063 0.062963
1 0.783333 0.513426 0.011458 0.050926
1 0.482812 0.488889 0.00625 0.027778
1 0.192448 0.551389 0.011979 0.087963
1 0.345573 0.506019 0.008854 0.043519
1 0.185938 0.580556 0.021875 0.112963
1 0.607031 0.487963 0.007812 0.040741
3 0.488281 0.475 0.015104 0.022222
1 0.360677 0.509722 0.009896 0.05463
1 0.373437 0.518519 0.010417 0.055556
1 0.332552 0.512963 0.009896 0.051852
1 0.785156 0.510185 0.011979 0.055556
1 0.790625 0.506944 0.010417 0.052778
1 0.632812 0.500926 0.011458 0.044444
1 0.640885 0.502778 0.009896 0.044444
1 0.678906 0.506019 0.011979 0.047222
1 0.719792 0.508333 0.011458 0.05
1 0.710156 0.512963 0.011979 0.05
3 0.609115 0.604167 0.089063 0.100926
3 0.492448 0.521296 0.038021 0.048148
3 0.534635 0.475 0.016146 0.018519
3 0.447656 0.473611 0.022396 0.047222
3 0.555729 0.481944 0.01875 0.023148
10 0.667969 0.548611 0.003646 0.136111
11 0.671615 0.451389 0.020313 0.076852
10 0.732031 0.513889 0.006771 0.174074
10 0.327865 0.540278 0.007812 0.043519
10 0.241927 0.561574 0.006771 0.106481
10 0.719271 0.536574 0.008333 0.043519
1 0.16224 0.581944 0.016146 0.087963
1 0.823437 0.510185 0.013542 0.057407
1 0.802865 0.512037 0.010937 0.05
1 0.728646 0.507407 0.009375 0.05
10 0.820573 0.528241 0.005729 0.058333
10 0.357292 0.510185 0.005208 0.064815
