1 0.032292 0.959259 0.095833 0.37037
1 0.139583 0.627778 0.040625 0.15
1 0.951302 0.62037 0.029687 0.15
1 0.230729 0.540278 0.020833 0.091667
1 0.66276 0.523611 0.016146 0.076852
3 0.801823 0.641204 0.141146 0.139815
3 0.58125 0.498611 0.0625 0.04537
3 0.661719 0.639815 0.124479 0.146296
3 0.528385 0.528704 0.077604 0.088889
3 0.408333 0.48287 0.0375 0.04537
4 0.21224 0.735185 0.051562 0.140741
11 0.205729 0.436574 0.057292 0.149074
10 0.238802 0.624074 0.013021 0.281481
10 0.952344 0.623611 0.015104 0.180556
3 0.301563 0.501389 0.044792 0.073148
3 0.314583 0.463426 0.026042 0.036111
3 0.304688 0.454167 0.021875 0.026852
