1 0.178125 0.905093 0.098958 0.330556
1 0.223177 0.614352 0.035937 0.130556
1 0.9875 0.619907 0.027083 0.150926
1 0.286198 0.539815 0.020313 0.085185
1 0.695573 0.521759 0.016146 0.067593
3 0.830729 0.630093 0.132292 0.128704
3 0.620833 0.498611 0.0625 0.039815
3 0.676302 0.614815 0.107812 0.125926
3 0.55 0.523148 0.070833 0.085185
3 0.561979 0.523611 0.052083 0.056481
3 0.442448 0.481019 0.033854 0.043519
4 0.291406 0.70787 0.045312 0.126852
11 0.288802 0.44213 0.049479 0.132407
10 0.282552 0.633796 0.006771 0.25463
10 0.97474 0.608796 0.015104 0.180556
3 0.35651 0.508333 0.046354 0.072222
3 0.359375 0.464352 0.028125 0.034259
3 0.347135 0.456944 0.021354 0.026852
