11 0.854687 0.528241 0.041667 0.063889
1 0.964062 0.738426 0.061458 0.260185
10 0.854427 0.621759 0.008854 0.369444
1 0.908854 0.570833 0.032292 0.102778
1 0.841406 0.561111 0.020313 0.107407
1 0.034896 0.636111 0.028125 0.135185
1 0.005469 0.637963 0.027604 0.122222
1 0.115365 0.590278 0.022396 0.117593
1 0.06849 0.630093 0.027604 0.149074
3 0.392188 0.612037 0.076042 0.101852
3 0.536979 0.755093 0.141667 0.280556
1 0.722396 0.520833 0.013542 0.049074
1 0.66901 0.52963 0.015104 0.072222
1 0.720833 0.515278 0.010417 0.052778
1 0.396875 0.488426 0.008333 0.030556
1 0.055729 0.58287 0.021875 0.115741
1 0.253906 0.51713 0.007812 0.05463
1 0.021615 0.616667 0.024479 0.148148
1 0.545312 0.490278 0.008333 0.037963
1 0.748177 0.5125 0.009896 0.065741
3 0.41276 0.472222 0.015104 0.022222
1 0.282552 0.52037 0.009896 0.059259
1 0.289062 0.525 0.011458 0.061111
1 0.242448 0.518056 0.009896 0.060185
1 0.265625 0.514815 0.010417 0.055556
1 0.699479 0.509259 0.011458 0.057407
1 0.573438 0.503241 0.010417 0.04537
1 0.582292 0.506481 0.011458 0.05
1 0.651302 0.508333 0.010937 0.05
1 0.641667 0.509259 0.011458 0.053704
3 0.527865 0.613889 0.093229 0.114815
3 0.423177 0.513889 0.032813 0.046296
3 0.476562 0.475463 0.015625 0.021296
3 0.379427 0.476389 0.026562 0.047222
3 0.49375 0.486574 0.01875 0.023148
10 0.609375 0.5625 0.007292 0.156481
11 0.61224 0.446759 0.020313 0.076852
10 0.680469 0.541667 0.006771 0.174074
10 0.698958 0.52037 0.007292 0.196296
11 0.697396 0.452778 0.030208 0.057407
10 0.108073 0.574074 0.005729 0.148148
10 0.663802 0.543981 0.008854 0.047222
1 0.750781 0.514352 0.010937 0.062037
1 0.708854 0.508796 0.0125 0.058333
1 0.735156 0.514815 0.009896 0.055556
1 0.604167 0.506481 0.009375 0.042593
1 0.659635 0.506019 0.013021 0.047222
10 0.710677 0.512963 0.006771 0.075926
10 0.695052 0.539352 0.004687 0.067593
10 0.269271 0.514352 0.005208 0.075
