1 0.866667 0.575463 0.034375 0.123148
1 0.707292 0.569444 0.026042 0.12037
1 0.100781 0.568519 0.015104 0.07037
3 0.251563 0.587037 0.059375 0.081481
3 0.29349 0.733796 0.130729 0.252778
1 0.620573 0.559722 0.022396 0.09537
1 0.576042 0.535185 0.0125 0.066667
1 0.027083 0.569907 0.009375 0.069444
1 0.434635 0.501389 0.007812 0.043519
1 0.093229 0.568056 0.011458 0.075
1 0.09401 0.576389 0.013021 0.069444
1 0.033854 0.572222 0.013542 0.077778
1 0.046615 0.564815 0.015104 0.07963
1 0.520312 0.518519 0.014583 0.057407
1 0.510417 0.519907 0.011458 0.060185
3 0.390104 0.606019 0.101042 0.119444
3 0.308073 0.505556 0.024479 0.033333
3 0.369792 0.491204 0.017708 0.023148
3 0.247656 0.500463 0.030729 0.056481
3 0.392969 0.514815 0.027604 0.038889
10 0.485937 0.633333 0.011458 0.242593
11 0.485417 0.457407 0.036458 0.125926
10 0.596094 0.581481 0.017188 0.32963
10 0.620313 0.548148 0.009375 0.296296
1 0.576562 0.535648 0.013542 0.065741
1 0.58776 0.531944 0.011979 0.075
1 0.498437 0.51713 0.011458 0.049074
1 0.600521 0.531019 0.015625 0.076852
1 0.544271 0.517593 0.015625 0.064815
1 0.557813 0.512037 0.013542 0.059259
1 0.489323 0.519444 0.011979 0.062963
1 0.465885 0.52037 0.011979 0.053704
10 0.566406 0.575926 0.010937 0.066667
10 0.591406 0.539815 0.004687 0.146296
