1 0.967708 0.568056 0.036458 0.141667
1 0.731771 0.573611 0.027083 0.132407
1 0.071094 0.583796 0.016146 0.080556
3 0.258333 0.57037 0.052083 0.066667
3 0.272656 0.710185 0.139063 0.240741
1 0.658073 0.578241 0.029687 0.125
1 0.5625 0.540278 0.014583 0.076852
1 0.439844 0.505093 0.008854 0.043519
1 0.605208 0.521759 0.013542 0.076852
1 0.063542 0.584259 0.013542 0.081481
1 0.06224 0.595833 0.014063 0.080556
1 0.002344 0.593519 0.011979 0.083333
1 0.521615 0.51713 0.011979 0.060185
3 0.49375 0.594907 0.130208 0.115741
3 0.31875 0.501389 0.020833 0.028704
3 0.378125 0.496296 0.020833 0.025926
3 0.246875 0.502315 0.03125 0.060185
3 0.408854 0.527315 0.034375 0.049074
10 0.491927 0.688889 0.015104 0.312963
11 0.491406 0.458333 0.046354 0.166667
10 0.632552 0.616667 0.024479 0.440741
10 0.661198 0.579167 0.010937 0.343519
1 0.563542 0.543056 0.017708 0.075
1 0.202083 0.511574 0.008333 0.034259
1 0.577865 0.538426 0.019271 0.084259
1 0.592448 0.535185 0.016146 0.087037
1 0.534896 0.52037 0.014583 0.064815
1 0.554427 0.517593 0.011979 0.064815
1 0.46849 0.519907 0.011979 0.056481
10 0.5875 0.592593 0.011458 0.077778
