1 0.11875 0.65 0.020833 0.135185
3 0.492448 0.508796 0.031771 0.043519
1 0.65651 0.492593 0.009896 0.051852
1 0.102344 0.651389 0.020313 0.128704
1 0.104948 0.666667 0.017188 0.127778
1 0.09401 0.673148 0.019271 0.125926
1 0.000781 0.668981 0.026562 0.130556
1 0.711198 0.480093 0.013021 0.052778
1 0.790104 0.515278 0.015625 0.086111
1 0.76875 0.514352 0.017708 0.075
1 0.697656 0.492593 0.011979 0.051852
10 0.855208 0.543056 0.028125 0.063889
3 0.461198 0.475 0.018229 0.02037
3 0.596615 0.506019 0.033854 0.047222
3 0.425521 0.493056 0.038542 0.065741
3 0.759115 0.577315 0.115104 0.100926
10 0.652604 0.573148 0.009375 0.175926
11 0.651823 0.433796 0.029687 0.10463
10 0.826302 0.578704 0.014063 0.261111
1 0.765885 0.632407 0.035937 0.159259
1 0.839583 0.609722 0.022917 0.156481
1 0.730208 0.602315 0.045833 0.147222
1 0.783333 0.518056 0.013542 0.084259
1 0.96901 0.54213 0.021354 0.119444
1 0.755729 0.6 0.039583 0.161111
1 0.742188 0.520833 0.014583 0.067593
1 0.761198 0.516667 0.018229 0.068519
1 0.807292 0.54537 0.019792 0.087037
1 0.835677 0.598148 0.038021 0.148148
1 0.836719 0.538426 0.017188 0.082407
1 0.710417 0.519444 0.022917 0.072222
1 0.727083 0.528241 0.013542 0.062037
