11 0.834896 0.490741 0.026042 0.038889
1 0.83099 0.580093 0.027604 0.132407
10 0.832292 0.548148 0.005208 0.214815
1 0.902344 0.550463 0.023438 0.087963
1 0.874479 0.533796 0.019792 0.084259
1 0.209115 0.570833 0.021354 0.106481
1 0.234635 0.573611 0.023438 0.112037
1 0.310156 0.546759 0.017188 0.082407
1 0.296875 0.552778 0.015625 0.07963
1 0.3375 0.535185 0.016667 0.07963
1 0.321875 0.54213 0.013542 0.080556
3 0.532292 0.579167 0.060417 0.084259
3 0.643229 0.624537 0.085417 0.171296
1 0.832292 0.503241 0.011458 0.043519
1 0.72526 0.502315 0.010937 0.056481
1 0.826823 0.506019 0.011979 0.049074
1 0.55 0.475926 0.007292 0.027778
1 0.289583 0.52963 0.011458 0.077778
1 0.29974 0.536574 0.014063 0.089815
1 0.644792 0.47963 0.008333 0.037037
3 0.533594 0.472685 0.016146 0.021296
1 0.875 0.499537 0.016667 0.050926
1 0.413802 0.498611 0.008854 0.047222
1 0.432292 0.501389 0.009375 0.049074
1 0.397135 0.493981 0.010937 0.04537
1 0.727604 0.493056 0.011458 0.043519
3 0.641146 0.575463 0.072917 0.093519
3 0.620052 0.518056 0.088021 0.049074
3 0.567187 0.465741 0.015625 0.018519
3 0.49349 0.468519 0.022396 0.046296
10 0.74401 0.498148 0.006771 0.174074
10 0.784635 0.499074 0.007812 0.066667
10 0.396875 0.520833 0.008333 0.034259
10 0.335677 0.531481 0.006771 0.092593
1 0.285677 0.544907 0.015104 0.067593
1 0.779948 0.496296 0.009896 0.048148
10 0.418229 0.495833 0.005208 0.062037
