3 0.496875 0.524074 0.026042 0.038889
1 0.666406 0.524074 0.014063 0.059259
1 0.716146 0.52037 0.009375 0.055556
1 0.827865 0.566204 0.020313 0.102778
1 0.801823 0.562037 0.018229 0.087037
1 0.78125 0.570833 0.0125 0.091667
1 0.79375 0.570833 0.021875 0.097222
1 0.704167 0.523611 0.010417 0.056481
10 0.905208 0.598611 0.029167 0.075
3 0.610677 0.564815 0.052604 0.068519
3 0.39974 0.526852 0.042188 0.074074
3 0.808333 0.654167 0.159375 0.136111
10 0.680469 0.692593 0.010937 0.3
11 0.682292 0.475926 0.040625 0.148148
10 0.952083 0.699537 0.019792 0.389815
10 0.703125 0.846759 0.035417 0.147222
10 0.923698 0.707407 0.015104 0.159259
1 0.774219 0.808796 0.046354 0.25463
1 0.808073 0.759259 0.049479 0.231481
1 0.672656 0.69537 0.035937 0.198148
1 0.817969 0.573611 0.017188 0.093519
1 0.702083 0.706944 0.026042 0.210185
1 0.735938 0.579167 0.019792 0.091667
1 0.761458 0.57037 0.022917 0.087037
1 0.920312 0.632407 0.0375 0.142593
1 0.820312 0.739352 0.038542 0.215741
1 0.939323 0.623148 0.028646 0.133333
1 0.913542 0.6125 0.030208 0.139815
1 0.721094 0.572222 0.025521 0.098148
