1 0.501823 0.741204 0.048438 0.200926
1 0.545833 0.755093 0.053125 0.223148
1 0.74974 0.814352 0.069271 0.275
1 0.616667 0.581019 0.021875 0.100926
1 0.635417 0.544907 0.014583 0.076852
1 0.998437 0.530556 0.0125 0.064815
3 0.934115 0.515278 0.063021 0.04537
3 0.938542 0.581944 0.127083 0.097222
3 0.801042 0.512037 0.046875 0.068519
3 0.87474 0.528704 0.053646 0.053704
3 0.720833 0.486111 0.026042 0.038889
3 0.650781 0.470833 0.021354 0.026852
4 0.691406 0.655556 0.038021 0.092593
10 0.640365 0.566667 0.005729 0.131481
3 0.722135 0.543981 0.056771 0.086111
3 0.68151 0.484259 0.029687 0.046296
