3 0.289323 0.483333 0.022396 0.02963
1 0.470312 0.502315 0.0125 0.060185
1 0.607031 0.5625 0.023438 0.119444
1 0.586719 0.5625 0.023438 0.117593
1 0.557552 0.566667 0.015104 0.111111
1 0.571094 0.571296 0.020313 0.12037
10 0.690885 0.60463 0.040104 0.088889
3 0.404167 0.587963 0.078125 0.096296
3 0.152083 0.500926 0.048958 0.07963
3 0.56875 0.684722 0.184375 0.169444
10 0.370573 0.743981 0.013021 0.371296
11 0.370573 0.451389 0.065104 0.219444
10 0.748177 0.716667 0.020313 0.568519
1 0.436719 0.993981 0.068229 0.369444
1 0.389844 0.93287 0.070312 0.363889
1 0.445833 0.499074 0.013542 0.062963
1 0.282031 0.774537 0.072396 0.275
1 0.591406 0.565278 0.022396 0.112037
1 0.879948 0.630093 0.033854 0.182407
1 0.295833 0.801389 0.080208 0.299074
1 0.48776 0.564815 0.021354 0.114815
1 0.522396 0.565278 0.027083 0.115741
1 0.773438 0.674537 0.042708 0.189815
1 0.420573 0.871759 0.036979 0.321296
1 0.79974 0.647685 0.039062 0.167593
1 0.767188 0.631944 0.032292 0.158333
1 0.495833 0.556019 0.025 0.108333
10 0.359635 1.035185 0.043229 0.172222
