11 0.786979 0.487963 0.023958 0.033333
1 0.776042 0.5625 0.022917 0.110185
10 0.785156 0.543981 0.005729 0.184259
1 0.852865 0.543981 0.017188 0.080556
1 0.941927 0.647685 0.035937 0.156481
1 0.998698 0.654167 0.038021 0.156481
1 0.819271 0.526852 0.015625 0.075926
1 0.236979 0.577778 0.01875 0.1
1 0.263542 0.578704 0.01875 0.1
1 0.328646 0.55 0.013542 0.072222
1 0.314323 0.549537 0.011979 0.069444
1 0.350521 0.536574 0.015625 0.067593
3 0.528125 0.572685 0.054167 0.073148
3 0.620052 0.597222 0.072396 0.137037
1 0.82474 0.501852 0.009896 0.042593
1 0.70625 0.501852 0.0125 0.044444
1 0.816406 0.500926 0.009896 0.046296
1 0.557813 0.487037 0.007292 0.025926
1 0.309375 0.539815 0.009375 0.072222
1 0.321354 0.533333 0.009375 0.061111
1 0.635677 0.486574 0.007812 0.034259
3 0.529167 0.485185 0.015625 0.02037
1 0.415625 0.508796 0.008333 0.043519
1 0.435677 0.513889 0.008854 0.046296
1 0.403125 0.508333 0.010417 0.046296
1 0.834635 0.5 0.010937 0.044444
3 0.626823 0.569907 0.060937 0.089815
3 0.364323 0.533796 0.084896 0.056481
3 0.71901 0.521759 0.094271 0.052778
3 0.557813 0.473611 0.015625 0.015741
3 0.490885 0.480093 0.022396 0.04537
10 0.716927 0.461111 0.006771 0.174074
10 0.403125 0.526389 0.008333 0.034259
10 0.351562 0.538889 0.00625 0.083333
1 0.77474 0.49213 0.011979 0.047222
