11 0.852865 0.539815 0.046354 0.074074
10 0.85625 0.639815 0.010417 0.425926
1 0.889844 0.580093 0.024479 0.112037
1 0.808073 0.565278 0.026562 0.108333
1 0.039583 0.602315 0.023958 0.128704
1 0.244531 0.522685 0.013021 0.060185
3 0.352865 0.599074 0.073438 0.096296
3 0.484896 0.756944 0.154167 0.273148
1 0.682292 0.518519 0.013542 0.053704
1 0.651302 0.534722 0.016146 0.073148
1 0.690625 0.518056 0.010417 0.052778
1 0.352344 0.486574 0.005729 0.030556
1 0.207812 0.517593 0.009375 0.053704
1 0.514062 0.488889 0.009375 0.042593
1 0.70599 0.514815 0.014063 0.064815
3 0.371875 0.471296 0.015625 0.022222
1 0.240625 0.522685 0.010417 0.058333
1 0.24375 0.531481 0.011458 0.062963
1 0.196094 0.522685 0.013021 0.062037
1 0.21849 0.516667 0.011979 0.061111
1 0.54401 0.50463 0.008854 0.051852
1 0.554688 0.507407 0.011458 0.05
1 0.615365 0.505093 0.010937 0.05463
1 0.605208 0.509259 0.011458 0.055556
3 0.482552 0.6125 0.093229 0.113889
3 0.391667 0.505556 0.030208 0.042593
3 0.448437 0.475 0.016667 0.022222
3 0.343229 0.478241 0.026042 0.05463
3 0.463542 0.4875 0.020833 0.026852
10 0.577865 0.571296 0.006771 0.17037
11 0.577604 0.445833 0.021875 0.082407
10 0.65599 0.550926 0.007812 0.188889
10 0.673438 0.527315 0.007292 0.210185
11 0.672396 0.455556 0.030208 0.057407
10 0.03151 0.600463 0.007812 0.139815
10 0.654687 0.527778 0.00625 0.1
1 0.715625 0.516204 0.013542 0.065741
1 0.660156 0.506944 0.009896 0.056481
1 0.669271 0.507407 0.013542 0.059259
1 0.702865 0.515741 0.010937 0.061111
1 0.56875 0.505093 0.009375 0.04537
1 0.622656 0.50787 0.011979 0.049074
10 0.685937 0.516204 0.00625 0.075
10 0.669531 0.544907 0.004687 0.067593
10 0.224219 0.518056 0.004687 0.076852
