11 0.853125 0.54213 0.048958 0.075
10 0.857031 0.64537 0.009896 0.453704
1 0.879167 0.574537 0.023958 0.112037
1 0.791927 0.562963 0.024479 0.109259
1 0.007031 0.611574 0.023438 0.130556
1 0.227604 0.527315 0.0125 0.060185
3 0.334115 0.599074 0.069271 0.094444
3 0.463281 0.756481 0.145313 0.272222
1 0.666927 0.518981 0.013021 0.056481
1 0.641146 0.533796 0.016667 0.075
1 0.674479 0.51713 0.010417 0.052778
1 0.335417 0.487963 0.00625 0.02963
1 0.18724 0.521759 0.009896 0.052778
1 0.501302 0.4875 0.009896 0.043519
1 0.690625 0.515741 0.0125 0.062963
3 0.354948 0.472222 0.015104 0.022222
1 0.222656 0.528241 0.009896 0.060185
1 0.226042 0.535185 0.011458 0.062963
1 0.176563 0.528241 0.0125 0.063889
1 0.2 0.520833 0.0125 0.063889
1 0.53151 0.506019 0.008854 0.05463
1 0.540625 0.508796 0.011458 0.052778
1 0.602604 0.503704 0.011458 0.055556
1 0.592187 0.508796 0.011458 0.056481
3 0.463281 0.613426 0.090104 0.113889
3 0.377083 0.506019 0.029167 0.041667
3 0.435417 0.477778 0.017708 0.022222
3 0.329948 0.479167 0.026562 0.05463
3 0.451562 0.489352 0.020833 0.028704
10 0.564844 0.575926 0.006771 0.175926
11 0.565625 0.44537 0.022917 0.085185
10 0.644271 0.552315 0.008333 0.197222
10 0.664583 0.528241 0.007292 0.215741
11 0.661198 0.455093 0.031771 0.056481
10 0.642188 0.526852 0.00625 0.1
1 0.69974 0.51713 0.015104 0.065741
1 0.642708 0.506944 0.009375 0.056481
1 0.655729 0.506481 0.013542 0.059259
1 0.553906 0.506481 0.009896 0.046296
1 0.607292 0.50787 0.011458 0.049074
10 0.673958 0.514352 0.00625 0.073148
10 0.658594 0.544907 0.004687 0.071296
10 0.204687 0.523611 0.00625 0.080556
