1 0.748177 0.576389 0.024479 0.136111
1 0.06875 0.584722 0.01875 0.086111
3 0.26901 0.564815 0.048438 0.064815
3 0.286198 0.703704 0.142187 0.233333
1 0.683594 0.59213 0.031771 0.132407
1 0.56901 0.541204 0.016146 0.080556
1 0.449219 0.501389 0.009896 0.04537
1 0.619271 0.522222 0.0125 0.077778
1 0.06276 0.585648 0.014063 0.084259
1 0.0625 0.596759 0.014583 0.082407
1 0.00026 0.591667 0.010937 0.083333
1 0.527344 0.51713 0.011979 0.063889
3 0.54375 0.589352 0.134375 0.113889
3 0.327344 0.496296 0.020313 0.025926
3 0.386458 0.493056 0.020833 0.026852
3 0.254167 0.5 0.03125 0.055556
3 0.421615 0.527778 0.036979 0.051852
10 0.505729 0.70463 0.017708 0.344444
11 0.503125 0.456944 0.048958 0.178704
10 0.659375 0.62963 0.025 0.490741
10 0.683073 0.598611 0.010937 0.343519
1 0.568229 0.542593 0.016667 0.07963
1 0.204167 0.511111 0.008333 0.033333
1 0.583073 0.5375 0.018229 0.086111
1 0.597656 0.535185 0.022396 0.087037
1 0.542448 0.519444 0.015104 0.064815
1 0.561198 0.515741 0.011979 0.066667
1 0.47526 0.520833 0.013021 0.062037
10 0.602865 0.595833 0.010937 0.084259
