11 0.829948 0.490741 0.025521 0.038889
1 0.825521 0.581019 0.027083 0.130556
10 0.828385 0.549537 0.005729 0.212037
1 0.897917 0.550463 0.022917 0.087963
1 0.870052 0.534722 0.019271 0.084259
1 0.213021 0.571296 0.020833 0.105556
1 0.2375 0.574537 0.023958 0.110185
1 0.31276 0.547222 0.017188 0.081481
1 0.298438 0.552778 0.015625 0.07963
1 0.338802 0.536574 0.016146 0.078704
1 0.323177 0.54213 0.014063 0.078704
3 0.533073 0.577778 0.061979 0.083333
3 0.640885 0.621296 0.083854 0.168519
1 0.831771 0.50463 0.011458 0.042593
1 0.723698 0.502778 0.010937 0.055556
1 0.827604 0.508333 0.0125 0.048148
1 0.551302 0.478704 0.006771 0.027778
1 0.292448 0.531019 0.009896 0.078704
1 0.301302 0.5375 0.014063 0.087963
1 0.644792 0.481481 0.008333 0.037037
3 0.533594 0.473611 0.016146 0.021296
1 0.876042 0.501389 0.016667 0.050926
1 0.414844 0.500463 0.008854 0.047222
1 0.433073 0.502778 0.009896 0.05
1 0.398177 0.495833 0.010937 0.04537
1 0.728385 0.493981 0.010937 0.041667
3 0.640365 0.576852 0.072396 0.094444
3 0.627865 0.522222 0.089063 0.05
3 0.56875 0.468519 0.015625 0.02037
3 0.49401 0.47037 0.022396 0.046296
10 0.741927 0.498148 0.006771 0.174074
10 0.783073 0.5 0.007812 0.066667
10 0.83099 0.508796 0.005729 0.05463
10 0.397396 0.520833 0.008333 0.034259
10 0.338281 0.532407 0.006771 0.092593
1 0.289323 0.544444 0.015104 0.066667
1 0.779427 0.497222 0.009896 0.048148
10 0.41875 0.496296 0.005208 0.061111
