1 0.14349 0.645833 0.019271 0.123148
3 0.466146 0.539352 0.035417 0.050926
3 0.896094 0.711574 0.256771 0.249074
1 0.629167 0.516204 0.0125 0.052778
1 0.128385 0.647685 0.020313 0.115741
1 0.132812 0.658333 0.017708 0.114815
1 0.124219 0.665741 0.016146 0.111111
1 0.0375 0.661111 0.025 0.112963
1 0.682031 0.506019 0.010937 0.047222
1 0.66875 0.509259 0.011458 0.053704
10 0.806771 0.554167 0.025 0.05463
3 0.461719 0.49537 0.019271 0.02037
3 0.569271 0.518056 0.03125 0.041667
3 0.410677 0.509259 0.033854 0.062963
3 0.707292 0.585185 0.101042 0.088889
10 0.759635 0.558796 0.011979 0.241667
1 0.740104 0.621759 0.028125 0.125
1 0.799219 0.603241 0.028646 0.126852
1 0.719531 0.604167 0.039062 0.132407
1 0.742708 0.536111 0.014583 0.07037
1 0.902344 0.552315 0.018229 0.09537
1 0.749479 0.598611 0.029167 0.136111
1 0.029427 0.660648 0.025521 0.123148
1 0.71901 0.544907 0.017188 0.082407
1 0.736979 0.539815 0.014583 0.072222
1 0.751823 0.561111 0.016146 0.092593
1 0.78724 0.59537 0.018229 0.118519
1 0.779687 0.561111 0.014583 0.094444
1 0.68151 0.534259 0.018229 0.059259
1 0.707031 0.540741 0.014063 0.059259
1 0.697917 0.537963 0.0125 0.059259
