3 0.476823 0.510648 0.025521 0.037963
1 0.639583 0.516204 0.0125 0.062037
1 0.692969 0.521759 0.009896 0.060185
1 0.807552 0.571296 0.021354 0.111111
1 0.783854 0.56713 0.021875 0.093519
1 0.7625 0.573148 0.014583 0.098148
1 0.774219 0.570833 0.022396 0.097222
1 0.68125 0.523148 0.0125 0.061111
10 0.891146 0.606019 0.0375 0.082407
3 0.592708 0.571296 0.055208 0.075926
3 0.371875 0.518519 0.041667 0.074074
3 0.789583 0.663889 0.165625 0.142593
10 0.658854 0.709722 0.0125 0.323148
11 0.660417 0.468981 0.045833 0.160185
10 0.95625 0.705556 0.020833 0.468519
10 0.682552 0.887037 0.040104 0.162963
10 0.915365 0.724074 0.015104 0.172222
1 0.747135 0.845833 0.051562 0.284259
1 0.759115 0.788889 0.040104 0.25
1 0.63724 0.710648 0.031771 0.215741
1 0.798177 0.574537 0.017188 0.093519
1 0.658333 0.727315 0.038542 0.234259
1 0.708594 0.580556 0.021354 0.103704
1 0.739062 0.575463 0.026042 0.102778
1 0.922656 0.644907 0.040104 0.156481
1 0.783854 0.764352 0.052083 0.236111
1 0.94349 0.631944 0.031771 0.14537
1 0.91901 0.623148 0.030729 0.15
1 0.70026 0.568519 0.025521 0.098148
