1 0.89974 0.576852 0.036979 0.12963
1 0.711979 0.573148 0.026042 0.125926
1 0.083854 0.572685 0.015625 0.075
3 0.249219 0.582407 0.057812 0.075926
3 0.28125 0.725926 0.135417 0.244444
1 0.631771 0.568981 0.025 0.108333
1 0.565365 0.537037 0.013021 0.07037
1 0.000521 0.581944 0.010417 0.071296
1 0.433594 0.504167 0.007812 0.047222
1 0.076563 0.575463 0.0125 0.078704
1 0.076563 0.586574 0.013542 0.073148
1 0.011719 0.579167 0.015104 0.086111
1 0.021615 0.572685 0.014063 0.082407
1 0.517448 0.52037 0.013021 0.059259
1 0.507292 0.524074 0.011458 0.061111
3 0.417969 0.601852 0.115104 0.122222
3 0.308854 0.506019 0.022917 0.032407
3 0.369271 0.49537 0.01875 0.022222
3 0.24401 0.503704 0.030729 0.055556
3 0.394792 0.524537 0.030208 0.043519
10 0.483594 0.656019 0.013021 0.273148
11 0.483854 0.460648 0.040625 0.137963
10 0.600781 0.591204 0.020313 0.376852
10 0.63099 0.554167 0.009896 0.321296
1 0.564063 0.541667 0.013542 0.066667
1 0.578646 0.534722 0.013542 0.078704
1 0.592448 0.534722 0.015104 0.080556
1 0.535156 0.522685 0.016146 0.063889
1 0.552083 0.518519 0.0125 0.061111
1 0.488802 0.522222 0.011979 0.066667
1 0.463021 0.525926 0.011458 0.053704
10 0.570312 0.585185 0.0125 0.072222
10 0.595573 0.548611 0.005729 0.136111
