3 0.503125 0.536111 0.027083 0.038889
1 0.671094 0.529167 0.010937 0.058333
1 0.720313 0.529167 0.010417 0.056481
1 0.831771 0.571296 0.01875 0.094444
1 0.804427 0.568056 0.017188 0.086111
1 0.786198 0.575 0.013021 0.087037
1 0.797656 0.576852 0.021354 0.094444
1 0.710938 0.527315 0.010417 0.05463
10 0.908594 0.600463 0.027604 0.069444
3 0.614583 0.570833 0.05 0.067593
3 0.410156 0.536111 0.040104 0.072222
3 0.808594 0.656944 0.154688 0.130556
10 0.685417 0.6875 0.010417 0.287963
11 0.685156 0.480093 0.038021 0.143519
10 0.94375 0.69537 0.019792 0.362963
10 0.705208 0.834722 0.035417 0.139815
10 0.919531 0.705093 0.016146 0.149074
1 0.778906 0.793981 0.045312 0.239815
1 0.828646 0.75 0.041667 0.218519
1 0.690104 0.694907 0.028125 0.193519
1 0.820573 0.575463 0.017188 0.093519
1 0.720573 0.711111 0.040104 0.209259
1 0.74349 0.584722 0.018229 0.087963
1 0.767969 0.575463 0.022396 0.084259
1 0.907552 0.628704 0.029687 0.140741
1 0.836458 0.735185 0.04375 0.211111
1 0.932031 0.622222 0.025521 0.127778
1 0.908333 0.611111 0.027083 0.131481
1 0.725781 0.578704 0.025521 0.098148
