11 0.879687 0.557407 0.065625 0.096296
10 0.883594 0.703704 0.010937 0.574074
1 0.852344 0.569907 0.025521 0.115741
1 0.735156 0.560185 0.026562 0.107407
1 0.167708 0.535648 0.014583 0.062037
3 0.289062 0.583333 0.067708 0.087037
3 0.38151 0.749074 0.136979 0.264815
1 0.621615 0.539352 0.019271 0.087963
1 0.62474 0.522222 0.011979 0.059259
1 0.276562 0.491204 0.00625 0.032407
1 0.117448 0.533796 0.008854 0.062037
1 0.463802 0.488426 0.009896 0.043519
3 0.298698 0.473148 0.015104 0.022222
1 0.160677 0.538426 0.009896 0.065741
1 0.164062 0.547685 0.0125 0.062037
1 0.109896 0.54213 0.0125 0.067593
1 0.130469 0.533796 0.014063 0.065741
1 0.496615 0.508333 0.010937 0.053704
1 0.55599 0.508333 0.011979 0.057407
1 0.546615 0.510648 0.010937 0.058333
3 0.406771 0.600926 0.0875 0.118519
3 0.3375 0.499074 0.027083 0.037037
3 0.398438 0.479167 0.016667 0.021296
3 0.285677 0.482407 0.028646 0.053704
3 0.415885 0.492593 0.022396 0.035185
10 0.52526 0.595833 0.008854 0.202778
11 0.52526 0.446296 0.026562 0.098148
10 0.610677 0.561574 0.010937 0.230556
10 0.633073 0.52963 0.006771 0.235185
1 0.644531 0.517593 0.015104 0.068519
1 0.591667 0.505556 0.0125 0.057407
1 0.603385 0.503241 0.015104 0.060185
1 0.50651 0.509722 0.010937 0.056481
10 0.641406 0.510648 0.006771 0.076852
10 0.588542 0.551389 0.009375 0.063889
10 0.62526 0.544444 0.004687 0.077778
10 0.140365 0.536111 0.006771 0.083333
