11 0.854167 0.528704 0.041667 0.064815
1 0.966406 0.743519 0.060937 0.262963
10 0.854427 0.622222 0.008854 0.372222
1 0.907292 0.570833 0.032292 0.102778
1 0.839583 0.561111 0.020833 0.107407
1 0.028906 0.638426 0.028646 0.137963
1 0.110677 0.591667 0.022396 0.118519
1 0.061979 0.633333 0.028125 0.15
3 0.389583 0.610185 0.076042 0.101852
3 0.534115 0.755556 0.142187 0.27963
1 0.719792 0.521296 0.013542 0.05
1 0.667708 0.530556 0.015625 0.072222
1 0.71875 0.515278 0.010417 0.052778
1 0.394271 0.487963 0.008333 0.031481
1 0.050521 0.583796 0.021875 0.115741
1 0.252604 0.517593 0.009375 0.053704
1 0.015365 0.619444 0.024479 0.148148
1 0.542969 0.490278 0.008854 0.039815
1 0.746094 0.5125 0.009896 0.065741
3 0.410156 0.472222 0.015104 0.022222
1 0.279948 0.52037 0.009896 0.059259
1 0.286198 0.525 0.010937 0.061111
1 0.239323 0.518519 0.009896 0.061111
1 0.263281 0.514815 0.010937 0.055556
1 0.697656 0.508796 0.011979 0.056481
1 0.571615 0.503704 0.009896 0.046296
1 0.579688 0.507407 0.011458 0.05
1 0.649219 0.50787 0.010937 0.050926
1 0.639583 0.509259 0.011458 0.053704
3 0.523698 0.614815 0.093229 0.114815
3 0.420833 0.5125 0.032292 0.04537
3 0.474479 0.475463 0.015625 0.021296
3 0.376823 0.475926 0.026562 0.048148
3 0.491667 0.486111 0.01875 0.024074
10 0.607292 0.562963 0.007292 0.157407
11 0.610156 0.446759 0.020313 0.076852
10 0.678906 0.542593 0.006771 0.174074
10 0.697396 0.520833 0.007292 0.197222
11 0.695312 0.45463 0.030208 0.057407
10 0.104688 0.582407 0.005208 0.142593
10 0.6625 0.541204 0.008333 0.047222
1 0.748698 0.515278 0.010937 0.062037
1 0.70625 0.508796 0.0125 0.058333
1 0.733073 0.514352 0.009896 0.056481
1 0.602083 0.506944 0.009375 0.043519
1 0.658073 0.506944 0.013021 0.047222
10 0.708854 0.513426 0.00625 0.076852
10 0.69401 0.538426 0.004687 0.069444
10 0.266667 0.514352 0.005208 0.075
