11 0.918229 0.575 0.078125 0.112963
10 0.921354 0.748148 0.011458 0.603704
1 0.852604 0.572685 0.026042 0.119444
1 0.720313 0.562037 0.026042 0.112963
1 0.140104 0.548611 0.014583 0.067593
3 0.273177 0.585648 0.064062 0.086111
3 0.345833 0.740741 0.132292 0.261111
1 0.61875 0.547222 0.020833 0.096296
1 0.602865 0.525463 0.011979 0.062037
1 0.251563 0.500926 0.007292 0.035185
1 0.083594 0.551852 0.010937 0.061111
1 0.45 0.493519 0.009375 0.042593
3 0.27474 0.477778 0.015104 0.022222
1 0.133854 0.55 0.010417 0.07037
1 0.136979 0.556481 0.0125 0.064815
1 0.080208 0.554167 0.0125 0.067593
1 0.098958 0.543056 0.014583 0.071296
1 0.485937 0.512963 0.0125 0.055556
1 0.539844 0.511574 0.011979 0.056481
1 0.529948 0.512963 0.010937 0.059259
3 0.390104 0.600463 0.086458 0.115741
3 0.323437 0.501389 0.026042 0.036111
3 0.385677 0.482407 0.017188 0.024074
3 0.267708 0.487963 0.029167 0.051852
3 0.402083 0.501389 0.025 0.036111
10 0.50651 0.606019 0.009896 0.217593
11 0.507812 0.450463 0.030208 0.108333
10 0.602083 0.572685 0.0125 0.250926
10 0.625 0.534722 0.007292 0.25463
1 0.604167 0.525926 0.013542 0.061111
1 0.617708 0.518056 0.0125 0.065741
1 0.570833 0.510185 0.015625 0.064815
1 0.583073 0.506481 0.015104 0.057407
1 0.496354 0.510648 0.0125 0.060185
11 0.621094 0.453241 0.035937 0.063889
10 0.576562 0.558796 0.009375 0.063889
10 0.616406 0.551852 0.005729 0.07963
10 0.598958 0.543519 0.00625 0.107407
