3 0.111979 0.4875 0.021875 0.032407
1 0.290625 0.509722 0.013542 0.058333
1 0.428646 0.581944 0.03125 0.125
1 0.367708 0.589815 0.020833 0.116667
1 0.384896 0.6 0.034375 0.142593
10 0.496875 0.629167 0.04375 0.099074
3 0.205729 0.620833 0.089583 0.119444
3 0.349479 0.732407 0.198958 0.196296
10 0.463542 0.735185 0.020833 0.568519
1 0.269531 0.506019 0.015104 0.065741
1 0.400781 0.593056 0.020313 0.130556
1 0.675781 0.662037 0.041146 0.192593
1 0.28776 0.585648 0.025521 0.112037
1 0.321875 0.581481 0.027083 0.122222
1 0.588281 0.731019 0.051562 0.213889
1 0.632812 0.681481 0.044792 0.185185
1 0.59349 0.658796 0.032813 0.176852
1 0.307292 0.566204 0.025 0.108333
