3 0.240885 0.488889 0.023438 0.033333
1 0.423958 0.509259 0.013542 0.059259
1 0.557292 0.571296 0.023958 0.12037
1 0.507031 0.577315 0.017188 0.110185
1 0.519792 0.586574 0.01875 0.136111
10 0.636719 0.6125 0.041146 0.091667
3 0.34974 0.599537 0.080729 0.106481
3 0.097656 0.508796 0.051562 0.086111
3 0.510677 0.698148 0.186979 0.174074
10 0.284115 0.753241 0.013021 0.371296
11 0.280469 0.460648 0.067187 0.236111
10 0.679167 0.718056 0.021875 0.569444
1 0.340625 1.04537 0.071875 0.390741
1 0.28724 0.985648 0.083854 0.378704
1 0.395833 0.497685 0.016667 0.060185
1 0.18724 0.808333 0.080729 0.288889
1 0.536719 0.576852 0.019271 0.12037
1 0.821875 0.643519 0.041667 0.183333
1 0.192188 0.830093 0.061458 0.312037
1 0.433333 0.575 0.021875 0.109259
1 0.469271 0.570833 0.03125 0.112037
1 0.726562 0.692593 0.045833 0.192593
1 0.317188 0.9 0.038542 0.322222
1 0.758333 0.658796 0.04375 0.171296
1 0.71901 0.643056 0.032813 0.162037
1 0.444271 0.561574 0.025 0.108333
