3 0.176823 0.488889 0.021354 0.033333
1 0.360938 0.512037 0.013542 0.061111
1 0.492448 0.581019 0.025521 0.123148
1 0.438021 0.583333 0.020833 0.112963
1 0.452083 0.59537 0.01875 0.138889
10 0.570312 0.624537 0.042708 0.09537
3 0.282031 0.612037 0.085938 0.114815
3 0.02474 0.512037 0.051562 0.085185
3 0.432812 0.714352 0.192708 0.186111
10 0.166927 0.774537 0.013021 0.371296
11 0.161979 0.471296 0.066667 0.253704
10 0.58151 0.725 0.016146 0.568519
1 0.188542 1.081019 0.072917 0.339815
1 0.126562 1.030556 0.088542 0.381481
1 0.336458 0.506481 0.013542 0.061111
1 0.030469 0.836574 0.069271 0.302778
1 0.471615 0.586111 0.020313 0.124074
1 0.750521 0.655093 0.039583 0.189815
1 0.036198 0.864352 0.061979 0.336111
1 0.3625 0.580556 0.023958 0.111111
1 0.398438 0.574074 0.021875 0.118519
1 0.661458 0.711111 0.048958 0.2
1 0.178906 0.976852 0.047396 0.385185
1 0.702865 0.674074 0.052604 0.175926
1 0.657292 0.651852 0.033333 0.168519
1 0.377083 0.564352 0.025 0.108333
