1 0.01849 0.683333 0.049479 0.185185
1 0.940625 0.619907 0.0375 0.165741
1 0.170573 0.546759 0.022396 0.097222
1 0.647396 0.521296 0.016667 0.083333
1 0.428385 0.469907 0.009896 0.050926
3 0.805729 0.65787 0.1625 0.163889
3 0.557292 0.49537 0.060417 0.05
3 0.721615 0.710185 0.198437 0.216667
3 0.532552 0.540741 0.089063 0.107407
3 0.390365 0.488889 0.045312 0.051852
4 0.097135 0.812037 0.061979 0.172222
10 0.922396 0.611574 0.0125 0.189815
3 0.25 0.495833 0.042708 0.071296
3 0.273177 0.464815 0.027604 0.038889
3 0.488281 0.513889 0.058854 0.062963
3 0.268229 0.455093 0.021875 0.026852
