1 0.951823 0.573611 0.038021 0.137963
1 0.727083 0.575926 0.027083 0.12963
1 0.071875 0.585185 0.016667 0.083333
3 0.255729 0.576852 0.051042 0.066667
3 0.272656 0.716204 0.135937 0.241667
1 0.651823 0.576389 0.029687 0.123148
1 0.56276 0.540278 0.014063 0.075
1 0.43776 0.504167 0.008854 0.047222
1 0.60026 0.523148 0.014063 0.074074
1 0.064583 0.585185 0.013542 0.081481
1 0.063802 0.596296 0.014063 0.07963
1 0.003125 0.593981 0.011458 0.084259
1 0.519792 0.520833 0.0125 0.060185
1 0.510417 0.523611 0.010417 0.065741
3 0.476302 0.597685 0.127604 0.115741
3 0.316927 0.50463 0.021354 0.027778
3 0.375 0.495833 0.020833 0.026852
3 0.244792 0.503241 0.030208 0.056481
3 0.404948 0.527315 0.033854 0.047222
10 0.489583 0.682407 0.014583 0.305556
11 0.488281 0.458333 0.045312 0.161111
10 0.624219 0.609722 0.023438 0.428704
10 0.652865 0.570833 0.010937 0.343519
1 0.56276 0.543056 0.019271 0.073148
1 0.202344 0.513426 0.007812 0.034259
1 0.576823 0.539815 0.018229 0.081481
1 0.594271 0.536111 0.019792 0.087037
1 0.533073 0.521296 0.015104 0.064815
1 0.553385 0.518519 0.011979 0.064815
1 0.466667 0.521296 0.011458 0.059259
10 0.583333 0.591667 0.011458 0.077778
