11 0.857292 0.525 0.040625 0.057407
1 0.946354 0.71713 0.055208 0.239815
10 0.857292 0.6125 0.008333 0.350926
1 0.917708 0.573611 0.028125 0.102778
1 0.85599 0.561111 0.019271 0.105556
1 0.004687 0.626389 0.03125 0.147222
1 0.080469 0.618519 0.025521 0.124074
1 0.051562 0.62037 0.026042 0.118519
1 0.14974 0.580556 0.021354 0.109259
1 0.115104 0.618981 0.026042 0.143519
3 0.413802 0.611111 0.074479 0.1
3 0.560677 0.747685 0.141146 0.280556
1 0.745313 0.518519 0.013542 0.05
1 0.680729 0.527778 0.016667 0.066667
1 0.735417 0.516667 0.010417 0.053704
1 0.41901 0.486111 0.008854 0.02963
1 0.092708 0.56713 0.023958 0.099074
1 0.278906 0.514352 0.008854 0.043519
1 0.069792 0.604167 0.022917 0.128704
1 0.561458 0.486574 0.008333 0.039815
1 0.767969 0.510648 0.011979 0.062037
3 0.432812 0.472222 0.015625 0.022222
1 0.302344 0.514815 0.009896 0.059259
1 0.310156 0.521759 0.010937 0.060185
1 0.265885 0.515278 0.009896 0.058333
1 0.289583 0.508333 0.010417 0.055556
1 0.721615 0.506944 0.011979 0.058333
1 0.588802 0.502315 0.009896 0.04537
1 0.596354 0.503704 0.011458 0.048148
1 0.669271 0.507407 0.011458 0.048148
1 0.659375 0.509722 0.010417 0.050926
3 0.55026 0.613889 0.093229 0.114815
3 0.440625 0.510648 0.033333 0.047222
3 0.491667 0.472685 0.015625 0.021296
3 0.395833 0.473611 0.026042 0.047222
3 0.509375 0.483796 0.01875 0.023148
10 0.624479 0.559259 0.007292 0.15
11 0.628906 0.448611 0.020313 0.076852
10 0.69401 0.534259 0.006771 0.174074
10 0.71224 0.517593 0.007812 0.188889
10 0.14375 0.578704 0.005208 0.116667
10 0.678125 0.540278 0.008333 0.04537
1 0.036979 0.614815 0.016667 0.103704
1 0.768229 0.511111 0.013542 0.059259
1 0.729167 0.510648 0.011458 0.056481
1 0.752604 0.514815 0.009375 0.053704
1 0.673177 0.503241 0.011979 0.047222
10 0.72526 0.510648 0.006771 0.076852
10 0.292187 0.510185 0.005208 0.074074
