1 0.553646 0.731019 0.046875 0.191667
1 0.598958 0.740741 0.046875 0.209259
1 0.802604 0.802778 0.057292 0.259259
1 0.654167 0.577778 0.025 0.1
1 0.670573 0.543056 0.014063 0.078704
3 0.969792 0.523611 0.066667 0.047222
3 0.96224 0.577315 0.113021 0.09537
3 0.833073 0.512037 0.046354 0.066667
3 0.910677 0.528704 0.052604 0.051852
3 0.752344 0.483333 0.025521 0.038889
3 0.684375 0.470833 0.021875 0.026852
4 0.729167 0.650463 0.038542 0.093519
10 0.676823 0.563889 0.005729 0.131481
3 0.759896 0.544907 0.058333 0.087963
3 0.716667 0.484722 0.030208 0.04537
