11 0.84375 0.493056 0.028125 0.041667
1 0.84401 0.577778 0.027604 0.137037
10 0.842187 0.547222 0.005208 0.22037
1 0.914323 0.549537 0.022396 0.089815
1 0.884635 0.534722 0.020313 0.087963
1 0.201302 0.565741 0.022396 0.109259
1 0.228125 0.568519 0.023958 0.109259
1 0.302865 0.543981 0.017188 0.084259
1 0.289844 0.544907 0.017188 0.082407
1 0.333073 0.529167 0.016146 0.082407
1 0.31875 0.539815 0.015625 0.085185
3 0.53099 0.580093 0.059896 0.086111
3 0.644271 0.628704 0.090625 0.175926
1 0.833333 0.500463 0.011458 0.04537
1 0.729427 0.500463 0.011979 0.05463
1 0.825781 0.501389 0.010937 0.052778
1 0.545312 0.471759 0.007292 0.028704
1 0.283333 0.524074 0.011458 0.077778
1 0.292969 0.531481 0.015104 0.090741
1 0.645312 0.474537 0.008333 0.037963
3 0.532552 0.465741 0.015104 0.022222
1 0.87474 0.498611 0.015104 0.050926
1 0.41276 0.491667 0.008854 0.048148
1 0.430208 0.501389 0.009375 0.049074
1 0.395313 0.489815 0.011458 0.046296
1 0.665885 0.481019 0.010937 0.04537
1 0.677604 0.484259 0.009375 0.044444
1 0.726823 0.492593 0.011979 0.046296
3 0.64401 0.575463 0.075521 0.093519
3 0.601562 0.512963 0.082292 0.053704
3 0.56875 0.459722 0.014583 0.017593
3 0.49375 0.462037 0.022917 0.046296
10 0.747656 0.499074 0.006771 0.174074
10 0.393229 0.514815 0.008333 0.035185
10 0.330208 0.527315 0.00625 0.09537
1 0.277865 0.5375 0.015104 0.069444
1 0.780469 0.493519 0.009896 0.048148
10 0.416406 0.491204 0.005729 0.062037
