11 0.858333 0.524537 0.040625 0.056481
1 0.942448 0.712037 0.053646 0.235185
10 0.857812 0.610648 0.008333 0.34537
1 0.920312 0.574074 0.029167 0.101852
1 0.859635 0.561111 0.019271 0.105556
1 0.014063 0.623611 0.03125 0.14537
1 0.091667 0.614815 0.025 0.124074
1 0.063281 0.616667 0.025521 0.116667
1 0.157812 0.577778 0.020833 0.107407
1 0.126823 0.608333 0.024479 0.137037
3 0.419271 0.611111 0.073958 0.1
3 0.566927 0.744444 0.142187 0.277778
1 0.748437 0.519444 0.013542 0.05
1 0.682552 0.526389 0.016146 0.069444
1 0.739583 0.518056 0.010417 0.05463
1 0.425 0.484259 0.008333 0.02963
1 0.101562 0.558796 0.023958 0.089815
1 0.284115 0.5125 0.008854 0.043519
1 0.080729 0.599074 0.021875 0.12963
1 0.564844 0.488426 0.009896 0.039815
1 0.773438 0.511574 0.0125 0.062037
3 0.43724 0.473148 0.015104 0.022222
1 0.307552 0.513889 0.009896 0.059259
1 0.315885 0.521296 0.010937 0.059259
1 0.271615 0.514815 0.009896 0.057407
1 0.295312 0.507407 0.010417 0.055556
1 0.727083 0.508333 0.0125 0.057407
1 0.592969 0.502778 0.009896 0.044444
1 0.600521 0.50463 0.011458 0.048148
1 0.672135 0.50787 0.011979 0.049074
1 0.664062 0.510185 0.010417 0.05
3 0.555729 0.613426 0.092708 0.113889
3 0.444271 0.5125 0.034375 0.047222
3 0.495573 0.473148 0.015104 0.02037
3 0.4 0.473611 0.026042 0.047222
3 0.513542 0.483796 0.01875 0.023148
10 0.628385 0.558796 0.007812 0.149074
11 0.632552 0.448611 0.020313 0.076852
10 0.697656 0.532407 0.006771 0.174074
10 0.153125 0.574537 0.005208 0.115741
10 0.68125 0.539352 0.008333 0.043519
1 0.048698 0.610185 0.016146 0.101852
1 0.773177 0.511111 0.013021 0.059259
1 0.734375 0.511111 0.011458 0.055556
1 0.757292 0.515278 0.009375 0.052778
1 0.676823 0.503241 0.011979 0.047222
10 0.728906 0.510648 0.006771 0.076852
10 0.297396 0.508796 0.005208 0.073148
