1 0.884115 0.579167 0.038021 0.128704
1 0.708333 0.573148 0.026042 0.122222
1 0.089844 0.568981 0.015104 0.073148
3 0.249479 0.584259 0.058333 0.077778
3 0.282813 0.729167 0.130208 0.249074
1 0.624479 0.564352 0.025 0.108333
1 0.569792 0.536111 0.0125 0.068519
1 0.009375 0.576389 0.010417 0.071296
1 0.433333 0.50463 0.007292 0.042593
1 0.083073 0.572685 0.011979 0.076852
1 0.082292 0.584259 0.013542 0.072222
1 0.020833 0.577315 0.014583 0.080556
1 0.03125 0.569444 0.014583 0.081481
1 0.517448 0.521759 0.013021 0.058333
1 0.507292 0.524074 0.011458 0.061111
3 0.402604 0.605556 0.109375 0.12037
3 0.307292 0.510185 0.022917 0.02963
3 0.36849 0.496296 0.018229 0.024074
3 0.24401 0.503241 0.030729 0.056481
3 0.392448 0.522222 0.028646 0.042593
10 0.483073 0.647222 0.011979 0.259259
11 0.484375 0.460648 0.038542 0.132407
10 0.597135 0.586574 0.019271 0.358333
10 0.625521 0.55 0.009375 0.311111
1 0.56875 0.540278 0.015625 0.067593
1 0.582812 0.538426 0.014583 0.078704
1 0.598698 0.535185 0.016146 0.07963
1 0.536719 0.52037 0.014063 0.064815
1 0.553646 0.519444 0.0125 0.062963
1 0.48776 0.526852 0.011979 0.066667
1 0.463281 0.521759 0.011979 0.056481
10 0.566927 0.582407 0.010937 0.066667
10 0.592448 0.552315 0.005729 0.128704
