11 0.853385 0.54213 0.048438 0.075
10 0.857031 0.644907 0.009896 0.449074
1 0.880729 0.575926 0.023958 0.112963
1 0.794531 0.564352 0.025521 0.108333
1 0.0125 0.611574 0.023958 0.130556
1 0.230208 0.526389 0.0125 0.062037
3 0.335938 0.6 0.06875 0.094444
3 0.466927 0.756481 0.147396 0.272222
1 0.669271 0.518519 0.013542 0.055556
1 0.642708 0.534259 0.016667 0.074074
1 0.677604 0.518056 0.010417 0.052778
1 0.339062 0.487963 0.00625 0.02963
1 0.191146 0.523611 0.010417 0.05463
1 0.503906 0.488426 0.009896 0.043519
1 0.693229 0.515741 0.0125 0.062963
3 0.358073 0.472222 0.015104 0.022222
1 0.225781 0.527315 0.009896 0.060185
1 0.229167 0.534259 0.011458 0.062963
1 0.179948 0.527315 0.013021 0.063889
1 0.203125 0.519907 0.0125 0.063889
1 0.533594 0.506019 0.008854 0.05463
1 0.54375 0.508796 0.011458 0.050926
1 0.604688 0.503704 0.011458 0.055556
1 0.594271 0.508796 0.011458 0.056481
3 0.466927 0.614352 0.090104 0.113889
3 0.379688 0.506481 0.029167 0.040741
3 0.4375 0.476852 0.017708 0.022222
3 0.332292 0.479167 0.026042 0.05463
3 0.453906 0.488426 0.021354 0.028704
10 0.567448 0.575 0.006771 0.174074
11 0.567708 0.44537 0.022917 0.085185
10 0.646354 0.551852 0.008333 0.196296
10 0.666146 0.528704 0.007292 0.214815
11 0.664323 0.454167 0.031771 0.056481
10 0.00599 0.609722 0.007812 0.139815
10 0.644792 0.526852 0.00625 0.1
1 0.703385 0.516204 0.017188 0.065741
1 0.645573 0.506944 0.009896 0.056481
1 0.658073 0.506481 0.014063 0.059259
1 0.55599 0.505556 0.009896 0.046296
1 0.610677 0.50787 0.010937 0.049074
10 0.676042 0.516204 0.00625 0.073148
10 0.659896 0.54537 0.004167 0.066667
10 0.208073 0.522685 0.005729 0.080556
