1 0.141667 0.625463 0.01875 0.110185
3 0.436198 0.538889 0.035937 0.051852
3 0.707292 0.705093 0.227083 0.241667
1 0.599219 0.50787 0.013021 0.050926
1 0.127083 0.62963 0.01875 0.107407
1 0.13151 0.638426 0.017188 0.102778
1 0.124479 0.648148 0.016667 0.103704
1 0.045833 0.638426 0.022917 0.106481
3 0.448698 0.490278 0.018229 0.023148
3 0.538542 0.505556 0.028125 0.038889
3 0.3875 0.50463 0.034375 0.062963
3 0.649219 0.563889 0.085938 0.072222
10 0.70599 0.524074 0.011979 0.214815
1 0.709635 0.59537 0.026562 0.116667
1 0.751563 0.576389 0.023958 0.113889
1 0.703385 0.564815 0.013021 0.096296
1 0.846875 0.544907 0.017708 0.09537
1 0.727344 0.5625 0.024479 0.100926
1 0.036979 0.644907 0.026042 0.112037
1 0.688802 0.537037 0.015104 0.07963
1 0.703385 0.546759 0.016146 0.078704
1 0.751302 0.572222 0.025521 0.109259
1 0.73724 0.543519 0.015104 0.07963
1 0.650781 0.526852 0.019271 0.062963
1 0.641406 0.52037 0.011979 0.046296
1 0.675521 0.531019 0.0125 0.067593
1 0.665625 0.528704 0.0125 0.062963
