1 0.132292 0.912037 0.103125 0.346296
1 0.197656 0.619907 0.034896 0.134259
1 0.975781 0.619907 0.028646 0.150926
1 0.26849 0.540741 0.018229 0.087037
1 0.683854 0.523148 0.015625 0.075926
3 0.819792 0.633333 0.135417 0.131481
3 0.608594 0.499537 0.060937 0.041667
3 0.667969 0.621296 0.110937 0.131481
3 0.542448 0.524537 0.073438 0.086111
3 0.430208 0.484722 0.035417 0.043519
4 0.266406 0.715741 0.047396 0.131481
11 0.261458 0.441667 0.051042 0.142593
10 0.259635 0.64213 0.007812 0.263889
10 0.966927 0.613426 0.015104 0.180556
3 0.338542 0.506481 0.045833 0.072222
3 0.344531 0.463426 0.028646 0.034259
3 0.333594 0.456944 0.021354 0.026852
