1 0.921615 0.571759 0.033854 0.136111
1 0.71901 0.575926 0.026562 0.127778
1 0.077344 0.581481 0.016146 0.077778
3 0.251302 0.583333 0.056771 0.074074
3 0.275 0.725926 0.13125 0.244444
1 0.640104 0.573148 0.027083 0.114815
1 0.563281 0.540741 0.011979 0.072222
1 0.434375 0.506019 0.008333 0.047222
1 0.070052 0.581481 0.013021 0.07963
1 0.071615 0.592593 0.014063 0.075926
1 0.005469 0.589352 0.016146 0.084259
1 0.008073 0.582407 0.014063 0.081481
1 0.010417 0.588889 0.014583 0.07963
1 0.517969 0.52037 0.013021 0.059259
1 0.507812 0.524537 0.011458 0.062037
3 0.441667 0.600463 0.120833 0.117593
3 0.31224 0.508333 0.022396 0.02963
3 0.370833 0.497685 0.019792 0.025
3 0.24401 0.50463 0.030729 0.055556
3 0.399219 0.526389 0.031771 0.04537
10 0.484635 0.66713 0.014063 0.287963
11 0.483854 0.459722 0.042708 0.147222
10 0.609896 0.598611 0.021875 0.400926
10 0.639062 0.561574 0.010417 0.334259
1 0.560937 0.543519 0.01875 0.074074
1 0.576562 0.536111 0.015625 0.07963
1 0.592448 0.535185 0.017188 0.083333
1 0.533073 0.523148 0.013021 0.066667
1 0.552083 0.519444 0.0125 0.062963
1 0.492969 0.523611 0.014063 0.067593
1 0.46276 0.522222 0.010937 0.057407
10 0.57474 0.590741 0.011979 0.074074
10 0.601823 0.550463 0.005729 0.136111
