1 0.925 0.571296 0.034375 0.135185
1 0.720052 0.576389 0.026562 0.128704
1 0.076302 0.582407 0.016146 0.07963
3 0.251823 0.582407 0.055729 0.074074
3 0.273958 0.725926 0.130208 0.244444
1 0.641406 0.573611 0.027604 0.115741
1 0.563281 0.540278 0.013021 0.069444
1 0.434896 0.505093 0.008333 0.047222
1 0.06901 0.58287 0.013021 0.080556
1 0.069531 0.593981 0.014063 0.076852
1 0.005469 0.589352 0.016146 0.084259
1 0.00599 0.584722 0.014063 0.082407
1 0.009375 0.590741 0.013542 0.07963
1 0.518229 0.52037 0.0125 0.059259
1 0.508333 0.525 0.011458 0.062963
3 0.445833 0.603241 0.121875 0.117593
3 0.313021 0.507407 0.021875 0.02963
3 0.371354 0.498148 0.019792 0.025926
3 0.24401 0.505093 0.030729 0.056481
3 0.400521 0.526389 0.032292 0.04537
10 0.485156 0.668981 0.014063 0.289815
11 0.483594 0.459259 0.043229 0.148148
10 0.611458 0.599537 0.021875 0.40463
10 0.641146 0.5625 0.010417 0.336111
1 0.561979 0.543519 0.017708 0.074074
1 0.576302 0.536574 0.016146 0.080556
1 0.592969 0.535185 0.018229 0.083333
1 0.533073 0.523611 0.014063 0.065741
1 0.552083 0.519907 0.0125 0.063889
1 0.491927 0.523611 0.014063 0.067593
1 0.463281 0.522685 0.010937 0.058333
10 0.575781 0.590741 0.011979 0.074074
10 0.602865 0.551389 0.005729 0.136111
