1 0.963021 0.628241 0.032292 0.162037
1 0.15651 0.547685 0.025521 0.100926
1 0.145833 0.484259 0.0125 0.053704
1 0.66224 0.524537 0.016146 0.086111
1 0.182552 0.462037 0.009896 0.038889
1 0.426042 0.465278 0.011458 0.047222
3 0.839844 0.671759 0.186979 0.175
3 0.558073 0.494444 0.065104 0.05
3 0.851042 0.810648 0.302083 0.313889
3 0.558854 0.551389 0.101042 0.117593
3 0.402344 0.493519 0.052604 0.055556
4 0.016927 0.88287 0.067187 0.191667
11 0.154167 0.450463 0.035417 0.026852
10 0.969792 0.631481 0.011458 0.2
3 0.238542 0.487963 0.040625 0.068519
3 0.26849 0.460185 0.027604 0.038889
3 0.488802 0.517593 0.061979 0.07037
