1 0.78099 0.575 0.025521 0.146296
1 0.077083 0.593981 0.017708 0.087963
3 0.291406 0.562963 0.046354 0.064815
3 0.315625 0.705556 0.147917 0.237037
1 0.728125 0.602778 0.033333 0.138889
1 0.585156 0.543981 0.019271 0.082407
1 0.467448 0.502315 0.010937 0.04537
1 0.64375 0.516667 0.014583 0.072222
1 0.06849 0.594444 0.014063 0.087037
1 0.067969 0.606944 0.015104 0.086111
1 0.002083 0.599537 0.014583 0.093519
3 0.632292 0.579167 0.144792 0.112037
3 0.346354 0.497222 0.020833 0.027778
3 0.405729 0.496759 0.020833 0.026852
3 0.271094 0.501852 0.032813 0.055556
3 0.445573 0.533796 0.040104 0.056481
10 0.534635 0.744444 0.021354 0.392593
11 0.533594 0.455556 0.055729 0.203704
10 0.711719 0.65 0.025521 0.566667
10 0.73125 0.623148 0.011458 0.359259
1 0.584635 0.54537 0.018229 0.085185
1 0.216146 0.514815 0.008333 0.033333
1 0.598958 0.539815 0.01875 0.092593
1 0.613281 0.532407 0.017188 0.085185
1 0.561198 0.523148 0.016146 0.066667
1 0.577865 0.514815 0.011979 0.066667
1 0.496094 0.522685 0.013021 0.062037
