1 0.116406 0.918519 0.110937 0.35
1 0.189323 0.622222 0.034896 0.135185
1 0.972135 0.62037 0.029687 0.151852
1 0.263021 0.540278 0.01875 0.087963
1 0.680729 0.525926 0.015625 0.075926
3 0.816927 0.634259 0.135937 0.131481
3 0.603385 0.502315 0.060937 0.041667
3 0.665625 0.624074 0.1125 0.133333
3 0.539583 0.526389 0.073958 0.086111
3 0.426823 0.486111 0.035937 0.042593
4 0.258333 0.718056 0.047917 0.132407
11 0.254167 0.444444 0.051042 0.142593
10 0.964323 0.614815 0.015104 0.181481
3 0.333073 0.507407 0.044271 0.072222
3 0.339844 0.462963 0.028646 0.035185
3 0.328906 0.456944 0.021354 0.026852
