3 0.340885 0.489815 0.022396 0.031481
1 0.523438 0.506944 0.010417 0.058333
1 0.547656 0.50463 0.009896 0.053704
1 0.661979 0.5625 0.023958 0.119444
1 0.639323 0.565741 0.023438 0.114815
1 0.616146 0.569444 0.0125 0.112963
1 0.627604 0.568519 0.022917 0.112963
1 0.539323 0.5125 0.015104 0.067593
10 0.748958 0.606944 0.040625 0.087963
3 0.457813 0.583796 0.073958 0.091667
3 0.211198 0.506019 0.046354 0.082407
3 0.629687 0.681481 0.18125 0.164815
10 0.457031 0.733796 0.013021 0.371296
11 0.457813 0.45463 0.061458 0.198148
10 0.823958 0.718981 0.022917 0.569444
1 0.532552 0.950926 0.061979 0.344444
1 0.497396 0.885185 0.0625 0.311111
1 0.500521 0.499074 0.013542 0.062963
1 0.39375 0.764815 0.046875 0.275926
1 0.649219 0.567593 0.020313 0.105556
1 0.939323 0.63287 0.033854 0.176852
1 0.391927 0.781019 0.067187 0.291667
1 0.546354 0.569907 0.022917 0.112037
1 0.582031 0.568519 0.027604 0.114815
1 0.821094 0.665278 0.042188 0.176852
1 0.524219 0.846759 0.033854 0.308333
1 0.853385 0.643981 0.039062 0.160185
1 0.815104 0.625926 0.032292 0.155556
1 0.550521 0.555556 0.025 0.105556
