11 0.864583 0.506481 0.036458 0.051852
1 0.892448 0.633333 0.039062 0.172222
10 0.863802 0.575 0.006771 0.268519
1 0.93724 0.563889 0.025521 0.094444
1 0.898177 0.541667 0.019271 0.092593
1 0.124219 0.5875 0.025521 0.123148
1 0.153906 0.587963 0.023438 0.122222
1 0.234115 0.569907 0.020313 0.102778
1 0.216927 0.570833 0.018229 0.097222
1 0.275 0.550926 0.019792 0.092593
1 0.26224 0.563426 0.020313 0.108333
3 0.497396 0.600926 0.066667 0.098148
3 0.63151 0.684259 0.113021 0.222222
1 0.813802 0.505556 0.013021 0.046296
1 0.720833 0.5125 0.013542 0.060185
1 0.798958 0.506019 0.011458 0.049074
1 0.503646 0.475463 0.005208 0.030556
1 0.222396 0.530093 0.013542 0.076852
1 0.365365 0.493056 0.008854 0.037963
1 0.219792 0.554167 0.020833 0.102778
1 0.621354 0.478241 0.009375 0.039815
3 0.505469 0.466667 0.015104 0.022222
1 0.378906 0.501389 0.009896 0.052778
1 0.392708 0.506019 0.010417 0.052778
1 0.354427 0.5 0.009896 0.057407
1 0.803906 0.500463 0.011979 0.05463
1 0.809896 0.498148 0.011458 0.051852
1 0.646354 0.491204 0.011458 0.043519
1 0.653906 0.491667 0.009896 0.044444
1 0.696615 0.498611 0.010937 0.047222
1 0.736198 0.498611 0.009896 0.049074
1 0.725781 0.501389 0.011979 0.050926
3 0.62474 0.593981 0.084896 0.099074
3 0.514323 0.513426 0.044271 0.050926
3 0.547396 0.465278 0.013542 0.017593
3 0.464323 0.466667 0.022396 0.048148
3 0.569531 0.473148 0.019271 0.024074
10 0.741406 0.509259 0.006771 0.174074
10 0.350521 0.523148 0.008333 0.038889
10 0.271094 0.547685 0.006771 0.102778
10 0.73125 0.526389 0.008333 0.04537
1 0.2 0.568981 0.015625 0.082407
1 0.840885 0.501852 0.011979 0.055556
1 0.817448 0.502778 0.009896 0.05
10 0.379427 0.496759 0.005729 0.060185
