1 0.88724 0.902778 0.096354 0.388889
1 0.251563 0.589815 0.041667 0.148148
1 0.188542 0.609722 0.023958 0.160185
10 0.297396 0.643981 0.046875 0.112037
3 0.108854 0.758796 0.205208 0.212037
10 0.051562 0.608796 0.026042 0.789815
1 0.210417 0.603241 0.033333 0.141667
1 0.460938 0.68287 0.039583 0.212037
1 0.079427 0.588426 0.030729 0.121296
1 0.111198 0.588889 0.022396 0.122222
1 0.358594 0.7875 0.044271 0.286111
1 0.453385 0.711111 0.046354 0.209259
1 0.413802 0.69537 0.050521 0.214815
1 0.206771 0.596759 0.025 0.147222
1 0.171615 0.608333 0.023438 0.15
