11 0.780469 0.487037 0.023438 0.033333
1 0.773958 0.564352 0.022917 0.110185
10 0.783073 0.545833 0.005729 0.182407
1 0.850781 0.54537 0.017188 0.07963
1 0.936719 0.645833 0.034896 0.156481
1 0.99375 0.65463 0.038542 0.162963
1 0.817187 0.52963 0.015625 0.075926
1 0.238542 0.571759 0.01875 0.099074
1 0.263542 0.575926 0.01875 0.1
1 0.329167 0.543981 0.013542 0.071296
1 0.315625 0.544907 0.0125 0.069444
1 0.35 0.531944 0.014583 0.065741
3 0.526042 0.568981 0.051042 0.073148
3 0.619271 0.601389 0.071875 0.136111
1 0.310937 0.546759 0.013542 0.058333
1 0.824219 0.500926 0.009896 0.042593
1 0.70651 0.5 0.011979 0.044444
1 0.814583 0.493519 0.009375 0.038889
1 0.558854 0.483333 0.007292 0.025926
1 0.309896 0.534259 0.009375 0.072222
1 0.322917 0.52963 0.009375 0.061111
1 0.635156 0.483796 0.007812 0.034259
3 0.528646 0.481019 0.016667 0.021296
1 0.415885 0.502315 0.008854 0.043519
1 0.435677 0.510648 0.008854 0.04537
1 0.403125 0.50463 0.010417 0.046296
1 0.834375 0.497222 0.010417 0.044444
3 0.624219 0.564815 0.060937 0.088889
3 0.372917 0.528704 0.08125 0.053704
3 0.723698 0.524074 0.094271 0.051852
3 0.557031 0.470833 0.015104 0.015741
3 0.491146 0.475 0.021875 0.044444
10 0.715885 0.461111 0.006771 0.174074
10 0.404427 0.523148 0.008854 0.02963
10 0.351042 0.534722 0.005208 0.084259
1 0.773958 0.493981 0.0125 0.047222
