1 0.858073 0.568519 0.031771 0.124074
1 0.708854 0.566204 0.023958 0.121296
1 0.111458 0.5625 0.014583 0.067593
3 0.255729 0.587963 0.060417 0.083333
3 0.307292 0.736111 0.13125 0.255556
1 0.617969 0.550926 0.021354 0.094444
1 0.582812 0.531944 0.0125 0.065741
1 0.227865 0.504167 0.007812 0.034259
1 0.04349 0.563426 0.011979 0.069444
1 0.438802 0.498611 0.008854 0.04537
1 0.104427 0.562963 0.010937 0.074074
1 0.10651 0.57037 0.013021 0.068519
1 0.047656 0.56713 0.013021 0.075
1 0.06276 0.559259 0.014063 0.077778
1 0.524479 0.514352 0.015625 0.056481
1 0.514583 0.51713 0.011458 0.060185
3 0.384115 0.602778 0.094271 0.12037
3 0.311979 0.50463 0.025 0.033333
3 0.373437 0.4875 0.017708 0.023148
3 0.252344 0.494907 0.030729 0.056481
3 0.39401 0.508796 0.025521 0.036111
10 0.491667 0.625463 0.010417 0.234259
11 0.491146 0.45463 0.034375 0.12037
10 0.596615 0.578241 0.016146 0.306481
10 0.620313 0.543056 0.009375 0.284259
1 0.585417 0.53287 0.015625 0.062037
1 0.599219 0.525 0.016146 0.072222
1 0.503385 0.514352 0.009896 0.049074
1 0.607031 0.525 0.016146 0.074074
1 0.551562 0.513889 0.015625 0.061111
1 0.563542 0.511574 0.014583 0.058333
1 0.471875 0.516667 0.0125 0.051852
10 0.569271 0.56713 0.009375 0.063889
10 0.609635 0.564815 0.004687 0.077778
10 0.590625 0.549537 0.005208 0.132407
