11 0.744792 0.475463 0.020833 0.028704
1 0.738281 0.547222 0.017188 0.088889
10 0.745052 0.532407 0.005729 0.15
1 0.798958 0.531019 0.017708 0.073148
1 0.842448 0.600926 0.028646 0.122222
1 0.890885 0.604167 0.034896 0.125
1 0.777604 0.519907 0.014583 0.078704
1 0.008854 0.750463 0.025 0.099074
1 0.064062 0.617593 0.025 0.15
1 0.11276 0.634722 0.029687 0.143519
10 0.101302 0.633796 0.009896 0.275
1 0.263542 0.556944 0.017708 0.086111
1 0.285156 0.556019 0.016146 0.087963
1 0.342448 0.525926 0.013021 0.064815
1 0.333333 0.528704 0.011458 0.061111
1 0.358594 0.519444 0.014063 0.064815
3 0.522396 0.550463 0.045833 0.063889
3 0.601042 0.57037 0.0625 0.101852
1 0.564323 0.475926 0.006771 0.025926
1 0.32526 0.522685 0.007812 0.067593
1 0.626302 0.478241 0.006771 0.034259
3 0.522135 0.478704 0.015104 0.022222
1 0.67474 0.481944 0.007812 0.039815
1 0.417708 0.493056 0.008333 0.041667
1 0.436458 0.500926 0.008333 0.040741
1 0.408333 0.49537 0.008333 0.044444
1 0.767708 0.490278 0.014583 0.041667
3 0.609635 0.548148 0.051562 0.07963
3 0.561198 0.512963 0.081771 0.051852
3 0.813802 0.523148 0.065104 0.044444
3 0.545833 0.464352 0.013542 0.013889
3 0.48776 0.469444 0.021354 0.040741
10 0.408073 0.513889 0.008854 0.02963
10 0.351562 0.519444 0.00625 0.07963
10 0.365104 0.52037 0.00625 0.077778
10 0.424479 0.496296 0.005208 0.053704
