11 0.847917 0.495833 0.030208 0.043519
1 0.851042 0.584259 0.028125 0.138889
10 0.846875 0.552315 0.005208 0.225
1 0.923438 0.55 0.01875 0.090741
1 0.890885 0.535648 0.020313 0.089815
1 0.194792 0.577778 0.021875 0.112963
1 0.222917 0.576852 0.023958 0.109259
1 0.298698 0.550463 0.016146 0.086111
1 0.284375 0.55463 0.016667 0.081481
1 0.330208 0.541667 0.016667 0.083333
1 0.315365 0.547685 0.016146 0.091667
3 0.530729 0.581481 0.064583 0.087037
3 0.645052 0.631944 0.094271 0.178704
1 0.833854 0.498611 0.011458 0.04537
1 0.731771 0.496759 0.011458 0.05463
1 0.827344 0.5 0.010937 0.05
1 0.54375 0.472685 0.008333 0.026852
1 0.278646 0.528704 0.011458 0.077778
1 0.2875 0.536111 0.015625 0.090741
1 0.644792 0.474537 0.008333 0.037963
3 0.533333 0.466204 0.014583 0.021296
1 0.873698 0.493056 0.016146 0.052778
1 0.410156 0.495833 0.008854 0.047222
1 0.428646 0.500463 0.009375 0.049074
1 0.392969 0.494444 0.010937 0.05
1 0.667188 0.483796 0.011458 0.043519
1 0.678385 0.483333 0.010937 0.044444
1 0.725781 0.487963 0.011979 0.048148
3 0.644531 0.575 0.076563 0.096296
3 0.591667 0.515278 0.078125 0.056481
3 0.570312 0.460648 0.014583 0.017593
3 0.492448 0.464815 0.022396 0.046296
10 0.74974 0.499074 0.006771 0.174074
10 0.391667 0.518519 0.008333 0.035185
10 0.326823 0.535648 0.006771 0.093519
1 0.272135 0.546296 0.015104 0.07037
1 0.779427 0.487037 0.009896 0.048148
10 0.414583 0.494907 0.005208 0.062037
