1 0.26901 0.812037 0.067187 0.246296
1 0.317448 0.825 0.059896 0.277778
1 0.559375 0.849074 0.066667 0.287037
1 0.480208 0.597685 0.028125 0.106481
1 0.502344 0.545833 0.017188 0.084259
1 0.866927 0.54213 0.015104 0.065741
3 0.998958 0.640278 0.115625 0.115741
3 0.801823 0.522222 0.063021 0.042593
3 0.823958 0.597685 0.121875 0.097222
3 0.689063 0.527778 0.052083 0.072222
3 0.745313 0.540278 0.052083 0.056481
3 0.605469 0.49213 0.025521 0.037963
4 0.549219 0.66713 0.045312 0.099074
10 0.497656 0.572222 0.007812 0.15
3 0.577604 0.542593 0.051042 0.083333
