11 0.731771 0.465278 0.019792 0.026852
1 0.728906 0.520833 0.017188 0.091667
10 0.733594 0.502315 0.005729 0.141667
1 0.785417 0.50463 0.01875 0.059259
1 0.816927 0.573148 0.028646 0.109259
1 0.865625 0.569907 0.030208 0.115741
1 0.766406 0.500463 0.016146 0.073148
1 0.061719 0.715278 0.025521 0.089815
1 0.102083 0.609259 0.023958 0.142593
1 0.145833 0.616667 0.023958 0.137037
10 0.133073 0.599537 0.009896 0.275
1 0.269792 0.548611 0.017708 0.086111
1 0.289844 0.548611 0.016146 0.087963
1 0.345573 0.520833 0.013021 0.067593
1 0.336719 0.52037 0.010937 0.059259
1 0.359375 0.508333 0.011458 0.051852
3 0.520052 0.5375 0.043229 0.060185
3 0.594531 0.552315 0.058854 0.110185
1 0.563281 0.465741 0.007812 0.025926
1 0.329688 0.515741 0.008333 0.064815
1 0.622396 0.462963 0.00625 0.031481
3 0.520052 0.467593 0.015104 0.022222
1 0.416927 0.4875 0.008854 0.041667
1 0.435937 0.491667 0.008333 0.038889
1 0.407552 0.488889 0.007812 0.040741
1 0.764323 0.467593 0.008854 0.037037
3 0.603125 0.533796 0.05 0.075
3 0.615365 0.502778 0.071354 0.05
3 0.540885 0.454167 0.013021 0.013889
3 0.486458 0.460185 0.020833 0.038889
8 0.994531 0.562963 0.020313 0.111111
10 0.409375 0.503704 0.009375 0.027778
10 0.354427 0.5125 0.007812 0.080556
10 0.423437 0.487963 0.005208 0.051852
