11 0.813802 0.489352 0.023438 0.036111
1 0.807292 0.576389 0.026042 0.121296
10 0.814323 0.546296 0.005729 0.203704
1 0.88125 0.549074 0.021875 0.085185
1 0.853125 0.534259 0.017708 0.083333
1 0.222917 0.568056 0.019792 0.10463
1 0.247917 0.572222 0.022917 0.103704
1 0.321615 0.543056 0.016146 0.078704
1 0.305469 0.544444 0.014063 0.07963
1 0.343229 0.532407 0.015625 0.07963
1 0.326302 0.536574 0.014063 0.078704
3 0.530469 0.574537 0.058854 0.082407
3 0.633073 0.6125 0.080729 0.150926
1 0.829427 0.500463 0.010937 0.04537
1 0.717969 0.502315 0.009896 0.052778
1 0.824479 0.505556 0.009375 0.05
1 0.553125 0.476852 0.007292 0.025926
1 0.298177 0.530556 0.008854 0.075926
1 0.309635 0.530556 0.014063 0.077778
1 0.642188 0.480556 0.008333 0.037037
3 0.533073 0.474074 0.015104 0.022222
1 0.876823 0.498148 0.011979 0.051852
1 0.416406 0.497685 0.008854 0.047222
1 0.434635 0.502778 0.009896 0.05
1 0.40026 0.495833 0.010937 0.04537
1 0.841927 0.499537 0.011979 0.04537
1 0.727604 0.493981 0.009375 0.041667
3 0.6375 0.571296 0.06875 0.094444
3 0.656771 0.523611 0.09375 0.056481
3 0.563542 0.465741 0.015625 0.018519
3 0.49401 0.467593 0.022396 0.044444
10 0.734635 0.498148 0.006771 0.174074
10 0.776302 0.49537 0.007812 0.066667
10 0.820573 0.506944 0.005729 0.05463
10 0.4 0.518981 0.008333 0.034259
10 0.342708 0.529167 0.005208 0.093519
1 0.779427 0.49537 0.009896 0.048148
10 0.420052 0.494907 0.004687 0.058333
