11 0.801823 0.480093 0.024479 0.032407
1 0.793229 0.560648 0.025 0.115741
10 0.801823 0.534722 0.005729 0.19537
1 0.866406 0.543519 0.021354 0.083333
1 0.98776 0.672685 0.041146 0.167593
1 0.838802 0.523611 0.017188 0.082407
1 0.229427 0.5625 0.019271 0.10463
1 0.254427 0.565278 0.020313 0.10463
1 0.324479 0.535648 0.014583 0.075
1 0.309115 0.539352 0.013021 0.071296
1 0.346875 0.525 0.015625 0.075926
1 0.327083 0.533796 0.014583 0.078704
3 0.529427 0.5625 0.056771 0.075
3 0.627083 0.600926 0.079167 0.144444
1 0.828125 0.493519 0.010417 0.042593
1 0.713542 0.492593 0.010417 0.05
1 0.821615 0.494444 0.008854 0.044444
1 0.555729 0.472222 0.00625 0.027778
1 0.304167 0.521759 0.010417 0.073148
1 0.316406 0.522685 0.009896 0.075
1 0.639583 0.473148 0.008333 0.037037
3 0.530729 0.467593 0.015625 0.022222
1 0.416406 0.49213 0.008854 0.047222
1 0.435156 0.496759 0.009896 0.049074
1 0.402083 0.490278 0.011458 0.04537
1 0.838281 0.493981 0.011979 0.04537
3 0.635156 0.5625 0.064062 0.09537
3 0.682292 0.515741 0.095833 0.055556
3 0.561198 0.459722 0.016146 0.017593
3 0.49375 0.462963 0.021875 0.040741
10 0.726302 0.477778 0.006771 0.174074
10 0.401042 0.5125 0.008333 0.034259
10 0.346615 0.522222 0.005729 0.088889
1 0.778385 0.487963 0.009896 0.048148
