11 0.855208 0.527778 0.041667 0.062963
1 0.961719 0.735185 0.060937 0.257407
10 0.854427 0.62037 0.008854 0.366667
1 0.910937 0.570833 0.030208 0.102778
1 0.843229 0.561574 0.020833 0.106481
1 0.040885 0.633333 0.027604 0.133333
1 0.011719 0.634259 0.027604 0.122222
1 0.120052 0.588889 0.022396 0.116667
1 0.075 0.627778 0.027083 0.148148
3 0.394792 0.611574 0.076042 0.100926
3 0.539844 0.754167 0.141146 0.280556
1 0.725 0.520833 0.013542 0.049074
1 0.669531 0.529167 0.015104 0.073148
1 0.722917 0.515278 0.010417 0.052778
1 0.399219 0.488889 0.007812 0.02963
1 0.060417 0.581019 0.021875 0.115741
1 0.257031 0.516204 0.007812 0.052778
1 0.027604 0.616204 0.025 0.14537
1 0.547656 0.488889 0.008854 0.040741
1 0.75026 0.511574 0.009896 0.065741
3 0.415625 0.471759 0.015625 0.021296
1 0.284635 0.519444 0.009896 0.059259
1 0.291667 0.524537 0.011458 0.060185
1 0.245573 0.517593 0.009896 0.059259
1 0.269792 0.513889 0.010417 0.055556
1 0.704688 0.509259 0.011458 0.057407
1 0.57526 0.502778 0.009896 0.046296
1 0.584375 0.505556 0.011458 0.05
1 0.653385 0.508333 0.010937 0.05
1 0.64401 0.509722 0.010937 0.052778
3 0.530469 0.613889 0.093229 0.114815
3 0.42526 0.511111 0.032813 0.046296
3 0.478646 0.475 0.015625 0.02037
3 0.38125 0.475463 0.026042 0.047222
3 0.495312 0.485648 0.01875 0.023148
10 0.610938 0.562037 0.007292 0.155556
11 0.614323 0.447685 0.020313 0.076852
10 0.682031 0.540741 0.006771 0.174074
10 0.700781 0.52037 0.007812 0.194444
10 0.113021 0.585648 0.00625 0.130556
10 0.665885 0.541667 0.007812 0.044444
1 0.753125 0.513889 0.011458 0.061111
1 0.711458 0.509259 0.0125 0.057407
1 0.73724 0.514352 0.009896 0.05463
1 0.60651 0.506481 0.009896 0.042593
1 0.661458 0.506019 0.0125 0.047222
10 0.71224 0.5125 0.006771 0.076852
10 0.272396 0.513426 0.005208 0.075
