11 0.860417 0.524074 0.038542 0.055556
1 0.928385 0.693056 0.048438 0.213889
10 0.860677 0.601389 0.007812 0.326852
1 0.927604 0.572685 0.026042 0.097222
1 0.871354 0.559722 0.01875 0.102778
1 0.025 0.608796 0.028125 0.137963
1 0.054948 0.613426 0.032813 0.136111
1 0.134115 0.601852 0.024479 0.118519
1 0.109635 0.604167 0.021354 0.110185
1 0.190885 0.569444 0.020313 0.1
1 0.166406 0.595833 0.023438 0.126852
3 0.441406 0.611574 0.073438 0.102778
3 0.588802 0.737963 0.130729 0.262963
1 0.76875 0.520833 0.0125 0.050926
1 0.692708 0.528704 0.014583 0.064815
1 0.754948 0.518056 0.009896 0.052778
1 0.446615 0.484259 0.006771 0.02963
1 0.135417 0.550926 0.014583 0.085185
1 0.308073 0.505093 0.008854 0.043519
1 0.122917 0.587963 0.019792 0.125926
1 0.580469 0.487963 0.008854 0.040741
1 0.791146 0.514352 0.016667 0.062037
3 0.457813 0.472685 0.014583 0.021296
1 0.326823 0.512037 0.009896 0.059259
1 0.336979 0.51713 0.010417 0.058333
1 0.295573 0.510185 0.009896 0.057407
1 0.317708 0.503704 0.010417 0.055556
1 0.748698 0.512037 0.011979 0.057407
1 0.607552 0.502315 0.009896 0.043519
1 0.615104 0.505556 0.010417 0.044444
1 0.688802 0.50787 0.011979 0.049074
1 0.682552 0.5125 0.011979 0.050926
3 0.576302 0.613426 0.092188 0.108333
3 0.46224 0.515741 0.033854 0.048148
3 0.510677 0.473148 0.015104 0.018519
3 0.41849 0.472685 0.023438 0.047222
3 0.529167 0.481019 0.01875 0.023148
10 0.64401 0.556019 0.007812 0.143519
11 0.647656 0.449537 0.020313 0.076852
10 0.710156 0.525926 0.006771 0.174074
10 0.286719 0.540278 0.007812 0.043519
10 0.1875 0.567593 0.00625 0.112963
10 0.696354 0.540741 0.008333 0.042593
1 0.091927 0.598611 0.016146 0.097222
1 0.792188 0.512963 0.011458 0.057407
1 0.772917 0.514815 0.011458 0.053704
1 0.696875 0.502778 0.011458 0.048148
10 0.319792 0.50787 0.005208 0.071296
