1 0.142448 0.647685 0.019271 0.126852
3 0.47474 0.532407 0.033854 0.05
3 0.96849 0.711574 0.256771 0.25463
1 0.6375 0.513426 0.0125 0.052778
1 0.126042 0.650926 0.020833 0.12037
1 0.130469 0.661574 0.017188 0.119444
1 0.121354 0.668519 0.015625 0.114815
1 0.033594 0.663889 0.025521 0.118519
1 0.691927 0.506019 0.009896 0.052778
1 0.678385 0.50787 0.011979 0.05463
10 0.820573 0.554167 0.027604 0.05463
3 0.464844 0.493981 0.019271 0.019444
3 0.578906 0.518056 0.031771 0.041667
3 0.416667 0.506944 0.034375 0.062037
3 0.723958 0.5875 0.105208 0.093519
10 0.778125 0.569907 0.0125 0.252778
1 0.747396 0.628241 0.030208 0.130556
1 0.814583 0.609722 0.028125 0.134259
1 0.728125 0.606481 0.038542 0.137037
1 0.757812 0.538426 0.013542 0.075
1 0.920052 0.550926 0.019271 0.094444
1 0.758854 0.605093 0.035417 0.147222
1 0.022656 0.662963 0.028646 0.12963
1 0.727865 0.545833 0.016146 0.080556
1 0.747656 0.534722 0.014063 0.065741
1 0.769531 0.554167 0.015104 0.071296
1 0.801042 0.600463 0.017708 0.132407
1 0.792708 0.55787 0.013542 0.084259
1 0.691667 0.5375 0.021875 0.069444
1 0.716667 0.5375 0.013542 0.058333
1 0.708333 0.538889 0.0125 0.059259
