11 0.857292 0.5 0.033333 0.046296
1 0.866146 0.602315 0.029167 0.149074
10 0.857292 0.562037 0.005208 0.237037
1 0.935156 0.556944 0.022396 0.091667
1 0.898177 0.536111 0.019271 0.092593
1 0.181771 0.570833 0.025 0.117593
1 0.20625 0.57963 0.025 0.114815
1 0.28776 0.555093 0.021354 0.089815
1 0.271615 0.555556 0.016146 0.087037
1 0.317708 0.537037 0.016667 0.087037
1 0.307031 0.548148 0.018229 0.098148
3 0.524479 0.589352 0.064583 0.093519
3 0.645573 0.643519 0.100521 0.192593
1 0.833333 0.502778 0.0125 0.044444
1 0.73099 0.503704 0.011979 0.057407
1 0.822135 0.502778 0.010937 0.05
1 0.535937 0.471296 0.007292 0.02963
1 0.266146 0.528704 0.011458 0.077778
1 0.394792 0.49213 0.008333 0.041667
1 0.270833 0.542593 0.01875 0.094444
1 0.641667 0.478241 0.008333 0.037963
3 0.528385 0.467593 0.015104 0.022222
1 0.404687 0.49537 0.010417 0.048148
1 0.422396 0.500463 0.009375 0.050926
1 0.385417 0.494444 0.010417 0.051852
1 0.832292 0.499537 0.010417 0.05463
1 0.8375 0.496296 0.010417 0.048148
1 0.664062 0.487037 0.011458 0.042593
1 0.675781 0.488889 0.007812 0.046296
1 0.722396 0.492593 0.0125 0.046296
3 0.64401 0.580556 0.079687 0.101852
3 0.567187 0.515278 0.06875 0.056481
3 0.566927 0.462037 0.015104 0.02037
3 0.486979 0.464815 0.022917 0.046296
10 0.751823 0.5 0.006771 0.174074
10 0.383854 0.516667 0.008333 0.035185
10 0.314063 0.535648 0.00625 0.099074
10 0.772135 0.518519 0.004687 0.061111
1 0.255469 0.551389 0.015104 0.071296
1 0.77526 0.493519 0.009896 0.048148
10 0.840104 0.518981 0.005208 0.047222
10 0.40651 0.492593 0.005729 0.061111
