3 0.100521 0.489352 0.021875 0.032407
1 0.278646 0.509259 0.013542 0.057407
1 0.416406 0.583333 0.029687 0.125926
1 0.354687 0.589815 0.01875 0.116667
1 0.372917 0.601389 0.0375 0.14537
10 0.484115 0.630556 0.044271 0.1
3 0.191667 0.623148 0.091667 0.12037
3 0.332813 0.735185 0.2 0.198148
10 0.443229 0.734259 0.019792 0.568519
1 0.257292 0.506019 0.015625 0.065741
1 0.38776 0.593519 0.020313 0.131481
1 0.66224 0.663889 0.042188 0.194444
1 0.27474 0.586111 0.025521 0.111111
1 0.308594 0.584722 0.026562 0.121296
1 0.576562 0.734722 0.052083 0.215741
1 0.621094 0.683333 0.044271 0.187037
1 0.582031 0.660648 0.034896 0.180556
1 0.293229 0.566204 0.025 0.108333
