11 0.850781 0.497222 0.031771 0.044444
1 0.856771 0.602778 0.028125 0.140741
10 0.85 0.555093 0.005208 0.228704
1 0.926042 0.551852 0.020833 0.090741
1 0.895312 0.537037 0.019792 0.090741
1 0.19375 0.568519 0.022917 0.114815
1 0.219792 0.570833 0.023958 0.110185
1 0.296615 0.549074 0.017188 0.090741
1 0.282552 0.550463 0.016146 0.080556
1 0.327083 0.540278 0.016667 0.084259
1 0.314844 0.543981 0.019271 0.091667
3 0.529427 0.583796 0.065104 0.087963
3 0.645052 0.635185 0.096354 0.183333
1 0.834375 0.497222 0.011458 0.046296
1 0.732031 0.504167 0.010937 0.056481
1 0.826042 0.502778 0.011458 0.05
1 0.541146 0.472685 0.007292 0.026852
1 0.276042 0.525 0.011458 0.077778
1 0.401823 0.487037 0.008854 0.044444
1 0.283073 0.536574 0.019271 0.097222
1 0.645833 0.477315 0.008333 0.037963
3 0.533333 0.466204 0.014583 0.021296
1 0.873177 0.501852 0.015104 0.053704
1 0.411458 0.494444 0.009375 0.051852
1 0.428125 0.498611 0.009375 0.049074
1 0.391406 0.492593 0.010937 0.05
1 0.83724 0.499074 0.007812 0.053704
1 0.668229 0.487963 0.011458 0.042593
1 0.678125 0.485648 0.010417 0.04537
1 0.72526 0.489352 0.013021 0.047222
3 0.644271 0.576389 0.077083 0.097222
3 0.585156 0.516204 0.075521 0.05463
3 0.569792 0.462963 0.0125 0.016667
3 0.491406 0.465741 0.022396 0.046296
10 0.751302 0.499074 0.006771 0.174074
10 0.390104 0.515741 0.008333 0.035185
10 0.32474 0.531944 0.006771 0.091667
1 0.267448 0.544444 0.015104 0.07037
1 0.779687 0.493981 0.011458 0.047222
10 0.840885 0.515278 0.005729 0.05463
10 0.4125 0.495833 0.005208 0.062037
