11 0.860417 0.499537 0.033333 0.047222
1 0.872135 0.608796 0.029687 0.15463
10 0.858854 0.562963 0.005208 0.240741
1 0.938281 0.558333 0.020313 0.092593
1 0.89974 0.537037 0.019271 0.092593
1 0.172656 0.572685 0.025521 0.121296
1 0.198698 0.575463 0.025521 0.117593
1 0.279427 0.55463 0.021354 0.092593
1 0.264323 0.556019 0.016146 0.089815
1 0.311719 0.536574 0.017188 0.087963
1 0.300781 0.548611 0.018229 0.099074
3 0.521615 0.589815 0.068229 0.094444
3 0.644271 0.647222 0.104167 0.196296
1 0.83125 0.506019 0.010417 0.04537
1 0.730469 0.505556 0.011979 0.055556
1 0.820052 0.506019 0.010937 0.049074
1 0.532031 0.473148 0.008854 0.033333
1 0.259896 0.526852 0.011458 0.077778
1 0.390885 0.488889 0.007812 0.038889
1 0.264844 0.538426 0.017188 0.093519
1 0.639583 0.477778 0.007292 0.038889
3 0.52474 0.465741 0.015104 0.022222
1 0.401562 0.494444 0.010417 0.05
1 0.417708 0.500463 0.009375 0.050926
1 0.380208 0.493981 0.010417 0.052778
1 0.828646 0.500463 0.011458 0.05463
1 0.834115 0.498148 0.009896 0.05
1 0.661979 0.488426 0.011458 0.043519
1 0.673698 0.490741 0.008854 0.046296
1 0.718229 0.493519 0.0125 0.046296
3 0.640885 0.580556 0.079687 0.101852
3 0.55651 0.513426 0.064062 0.05463
3 0.565625 0.463889 0.015625 0.016667
3 0.483854 0.463889 0.022917 0.046296
10 0.751823 0.501852 0.006771 0.174074
10 0.379167 0.516204 0.008333 0.036111
10 0.308333 0.535648 0.00625 0.099074
1 0.248177 0.553241 0.015104 0.069444
1 0.840104 0.504167 0.0125 0.04537
10 0.839583 0.520833 0.005208 0.047222
10 0.402865 0.490278 0.005729 0.060185
