3 0.451302 0.503704 0.025521 0.037037
1 0.665885 0.51713 0.010937 0.05463
1 0.782292 0.569907 0.026042 0.110185
1 0.757552 0.564815 0.021354 0.094444
1 0.73724 0.573148 0.013021 0.101852
1 0.747135 0.571759 0.023438 0.100926
1 0.654687 0.521296 0.013542 0.062963
10 0.867969 0.609259 0.041146 0.085185
3 0.570573 0.573611 0.063021 0.078704
3 0.342187 0.512037 0.042708 0.074074
3 0.7625 0.67037 0.169792 0.148148
10 0.627604 0.714352 0.013542 0.337963
11 0.627083 0.465741 0.048958 0.168519
10 0.941927 0.710185 0.020313 0.527778
10 0.896094 0.736111 0.016146 0.17963
1 0.716667 0.865278 0.059375 0.291667
1 0.714063 0.814352 0.065625 0.267593
1 0.58776 0.724074 0.043229 0.22963
1 0.772656 0.571759 0.017188 0.093519
1 0.611198 0.739815 0.031771 0.253704
1 0.679427 0.579167 0.023438 0.108333
1 0.709896 0.575463 0.027083 0.102778
1 0.911458 0.649537 0.040625 0.162037
1 0.734635 0.778704 0.035937 0.248148
1 0.941667 0.639815 0.039583 0.15
1 0.905469 0.625 0.030729 0.15
1 0.675781 0.566667 0.025521 0.098148
