1 0.041406 0.660648 0.053646 0.175
1 0.934375 0.619907 0.0375 0.160185
1 0.179688 0.543519 0.021875 0.096296
1 0.647396 0.525 0.017708 0.081481
3 0.795573 0.660185 0.154688 0.161111
3 0.558333 0.497222 0.060417 0.05
3 0.694531 0.685185 0.172396 0.190741
3 0.525781 0.537037 0.085938 0.109259
3 0.389062 0.488426 0.042708 0.050926
4 0.122396 0.790278 0.058333 0.163889
10 0.909896 0.614352 0.0125 0.186111
3 0.257292 0.495833 0.041667 0.075
3 0.278906 0.460648 0.027604 0.037963
3 0.489323 0.512963 0.055729 0.059259
3 0.273958 0.450463 0.021875 0.026852
