11 0.895312 0.567593 0.071875 0.105556
10 0.9 0.729167 0.011458 0.602778
1 0.852604 0.571759 0.026042 0.117593
1 0.727344 0.5625 0.025521 0.112037
1 0.152344 0.543981 0.015104 0.071296
3 0.28125 0.584259 0.065625 0.087037
3 0.363542 0.74537 0.134375 0.262963
1 0.619792 0.544907 0.019792 0.089815
1 0.61224 0.523148 0.011979 0.061111
1 0.264583 0.494444 0.00625 0.033333
1 0.101823 0.539815 0.010937 0.061111
1 0.45651 0.490741 0.009896 0.046296
3 0.286719 0.475926 0.015104 0.022222
1 0.146615 0.543981 0.009896 0.069444
1 0.151042 0.550463 0.0125 0.063889
1 0.094271 0.546759 0.0125 0.067593
1 0.114583 0.535648 0.014583 0.069444
1 0.490625 0.509722 0.011458 0.05463
1 0.548438 0.510185 0.011458 0.057407
1 0.538802 0.511574 0.010937 0.058333
3 0.396875 0.6 0.085417 0.114815
3 0.329688 0.501389 0.026042 0.036111
3 0.391927 0.480093 0.017188 0.023148
3 0.277083 0.484259 0.029167 0.053704
3 0.409115 0.495833 0.024479 0.036111
10 0.515625 0.600463 0.009375 0.210185
11 0.516667 0.448611 0.028125 0.102778
10 0.605469 0.567593 0.011979 0.240741
10 0.628385 0.531944 0.006771 0.241667
1 0.613021 0.522685 0.013542 0.062037
1 0.58125 0.50787 0.015625 0.060185
1 0.592187 0.503704 0.015625 0.059259
1 0.500781 0.506944 0.014063 0.060185
11 0.625781 0.452315 0.035937 0.063889
10 0.582812 0.555093 0.009375 0.063889
10 0.621094 0.55 0.004687 0.075926
