11 0.859375 0.499537 0.033333 0.047222
1 0.870052 0.606944 0.029687 0.152778
10 0.858333 0.5625 0.005208 0.239815
1 0.938542 0.558333 0.019792 0.092593
1 0.899219 0.536111 0.019271 0.092593
1 0.175781 0.572222 0.025521 0.12037
1 0.201042 0.575 0.025 0.116667
1 0.282031 0.55463 0.021354 0.090741
1 0.267448 0.555556 0.016146 0.088889
1 0.314323 0.536574 0.017188 0.087963
1 0.302865 0.548611 0.018229 0.099074
3 0.522656 0.589352 0.068229 0.093519
3 0.644531 0.645833 0.102604 0.19537
1 0.83151 0.503704 0.011979 0.048148
1 0.73099 0.505556 0.011979 0.055556
1 0.820573 0.50463 0.010937 0.05
1 0.533333 0.470833 0.007292 0.030556
1 0.261979 0.526852 0.011458 0.077778
1 0.392969 0.490741 0.007812 0.038889
1 0.266667 0.539815 0.01875 0.094444
1 0.640625 0.476389 0.008333 0.037963
3 0.525781 0.466667 0.015104 0.022222
1 0.402604 0.494907 0.010417 0.049074
1 0.419271 0.500463 0.009375 0.050926
1 0.382031 0.493981 0.009896 0.052778
1 0.829688 0.499537 0.011458 0.05463
1 0.835156 0.497222 0.009896 0.05
1 0.6625 0.487963 0.011458 0.042593
1 0.674479 0.490278 0.008333 0.04537
1 0.719271 0.493056 0.0125 0.04537
3 0.641927 0.580556 0.079687 0.101852
3 0.559896 0.513889 0.065625 0.055556
3 0.565885 0.462963 0.015104 0.018519
3 0.484896 0.463889 0.022917 0.046296
10 0.751823 0.500926 0.006771 0.174074
10 0.380729 0.516204 0.008333 0.036111
10 0.310417 0.533796 0.00625 0.099074
1 0.250781 0.552778 0.015104 0.07037
1 0.841406 0.5 0.011979 0.046296
10 0.839583 0.519907 0.005208 0.047222
10 0.403906 0.491204 0.005729 0.060185
