11 0.861719 0.543519 0.056771 0.083333
10 0.864583 0.665278 0.010417 0.513889
1 0.854687 0.565741 0.025 0.114815
1 0.757812 0.560648 0.021875 0.110185
1 0.190104 0.538889 0.013542 0.066667
3 0.305208 0.593519 0.06875 0.096296
3 0.413542 0.756944 0.142708 0.280556
1 0.639062 0.518056 0.013542 0.058333
1 0.626823 0.5375 0.018229 0.086111
1 0.645833 0.518981 0.011458 0.056481
1 0.298177 0.494907 0.006771 0.032407
1 0.14349 0.537963 0.009896 0.057407
1 0.476823 0.491204 0.009896 0.043519
3 0.319531 0.477778 0.015104 0.022222
1 0.184635 0.537037 0.009896 0.064815
1 0.18776 0.544907 0.011979 0.060185
1 0.136458 0.5375 0.0125 0.067593
1 0.158333 0.533796 0.0125 0.062037
1 0.508594 0.508333 0.010937 0.053704
1 0.516927 0.508796 0.008854 0.05463
1 0.573438 0.506944 0.016667 0.05463
1 0.561979 0.510185 0.011458 0.057407
3 0.427344 0.608333 0.090104 0.114815
3 0.351562 0.506019 0.027083 0.039815
3 0.411198 0.479167 0.016146 0.021296
3 0.30026 0.484259 0.027604 0.053704
3 0.428906 0.491667 0.020313 0.031481
10 0.540885 0.5875 0.007812 0.189815
11 0.539583 0.444444 0.025 0.092593
10 0.620052 0.556481 0.009896 0.216667
10 0.64349 0.526389 0.006771 0.226852
11 0.638021 0.453241 0.032292 0.062037
10 0.620833 0.526852 0.00625 0.105556
1 0.663281 0.516667 0.015104 0.068519
1 0.609375 0.50463 0.009375 0.061111
1 0.626042 0.50463 0.014583 0.059259
1 0.525781 0.507407 0.011979 0.046296
10 0.651302 0.512037 0.005729 0.077778
10 0.635156 0.54213 0.006771 0.076852
10 0.165365 0.533333 0.006771 0.083333
