1 0.877604 0.587963 0.033333 0.164815
1 0.108594 0.595833 0.019271 0.097222
3 0.35625 0.544907 0.041667 0.058333
3 0.439844 0.69213 0.178646 0.225
1 0.883073 0.657407 0.042188 0.201852
1 0.526042 0.495833 0.010417 0.037963
1 0.726823 0.524074 0.013021 0.07963
1 0.097396 0.597685 0.015625 0.093519
1 0.098177 0.610185 0.015104 0.094444
1 0.026042 0.606019 0.015625 0.09537
3 0.915365 0.572222 0.176563 0.12037
3 0.396615 0.487963 0.018229 0.024074
3 0.464844 0.49537 0.024479 0.033333
3 0.323698 0.497222 0.031771 0.057407
3 0.52526 0.546296 0.055729 0.068519
10 0.663542 0.80463 0.023958 0.403704
11 0.671615 0.456019 0.090104 0.302778
10 0.932031 0.7125 0.025521 0.597222
10 0.904167 0.658333 0.01875 0.527778
10 0.601302 0.515278 0.009896 0.215741
10 0.729688 0.522685 0.008333 0.137963
1 0.644531 0.5625 0.022396 0.097222
1 0.264844 0.510185 0.007812 0.038889
1 0.607552 0.508796 0.014063 0.062037
1 0.019792 0.606481 0.020833 0.094444
1 0.577083 0.523611 0.01875 0.071296
1 0.557031 0.521296 0.011979 0.064815
1 0.592187 0.526389 0.0125 0.067593
