1 0.872917 0.575926 0.034375 0.124074
1 0.70625 0.570833 0.026042 0.121296
1 0.095573 0.571759 0.015104 0.071296
3 0.24974 0.587037 0.058854 0.07963
3 0.289062 0.731944 0.130208 0.250926
1 0.621094 0.559259 0.023438 0.098148
1 0.573438 0.535648 0.0125 0.067593
1 0.019792 0.572685 0.010417 0.071296
1 0.433594 0.50463 0.007812 0.042593
1 0.088021 0.57037 0.011458 0.075926
1 0.088281 0.57963 0.013021 0.07037
1 0.027604 0.574537 0.013542 0.078704
1 0.039323 0.56713 0.015104 0.080556
1 0.51849 0.520833 0.013021 0.058333
1 0.508854 0.521759 0.011458 0.060185
3 0.39349 0.60787 0.104688 0.119444
3 0.308073 0.507407 0.023438 0.033333
3 0.369271 0.495833 0.017708 0.023148
3 0.246094 0.502315 0.030729 0.056481
3 0.392708 0.517593 0.028125 0.040741
10 0.484115 0.639815 0.011979 0.25
11 0.484896 0.458796 0.0375 0.128704
10 0.596615 0.583796 0.018229 0.341667
10 0.622396 0.548611 0.009375 0.302778
1 0.573438 0.537037 0.014583 0.064815
1 0.584896 0.533796 0.013542 0.073148
1 0.496875 0.519907 0.010417 0.050926
1 0.600781 0.531944 0.016146 0.076852
1 0.540625 0.518519 0.014583 0.064815
1 0.555729 0.516667 0.0125 0.064815
1 0.488802 0.524537 0.011979 0.063889
1 0.464323 0.520833 0.011979 0.05463
10 0.566406 0.578704 0.010937 0.066667
10 0.590885 0.549537 0.005729 0.132407
