1 0.026562 0.741667 0.025 0.166667
3 0.505208 0.541204 0.027083 0.039815
1 0.671615 0.540741 0.009896 0.051852
1 0.004687 0.747685 0.01875 0.158333
1 0.001042 0.761574 0.017708 0.156481
1 0.724219 0.53287 0.010937 0.056481
1 0.828906 0.574074 0.019271 0.090741
1 0.803125 0.573611 0.019792 0.082407
1 0.786198 0.582407 0.013021 0.087037
1 0.79375 0.577778 0.016667 0.088889
1 0.714844 0.533796 0.010937 0.05463
10 0.905469 0.603241 0.026562 0.067593
3 0.614583 0.569444 0.046875 0.061111
3 0.417969 0.5375 0.036979 0.073148
3 0.802604 0.654167 0.144792 0.123148
10 0.686198 0.679167 0.008854 0.265741
11 0.684635 0.485185 0.033854 0.133333
10 0.919792 0.678704 0.019792 0.362963
10 0.702083 0.809259 0.034375 0.127778
10 0.904687 0.700926 0.011458 0.140741
1 0.781771 0.775 0.044792 0.211111
1 0.836979 0.736111 0.051042 0.2
1 0.708333 0.691667 0.033333 0.188889
1 0.819531 0.584722 0.017188 0.093519
1 0.725781 0.704167 0.030729 0.202778
1 0.748698 0.584722 0.018229 0.084259
1 0.771094 0.584722 0.022396 0.084259
1 0.886458 0.635185 0.026042 0.12963
1 0.845573 0.718981 0.039062 0.202778
1 0.91276 0.628704 0.024479 0.122222
1 0.891146 0.6125 0.025 0.117593
1 0.728385 0.583333 0.025521 0.096296
