1 0.969531 0.633333 0.032813 0.162963
1 0.153906 0.546296 0.026562 0.101852
1 0.14401 0.481944 0.011979 0.052778
1 0.665625 0.526852 0.015625 0.087037
1 0.181771 0.459722 0.009375 0.039815
1 0.425 0.463889 0.011458 0.042593
3 0.845833 0.675926 0.191667 0.172222
3 0.558333 0.494444 0.066667 0.05
3 0.875781 0.84213 0.309896 0.337963
3 0.564323 0.555556 0.103646 0.122222
3 0.405208 0.493981 0.054167 0.056481
11 0.15026 0.450463 0.034896 0.026852
10 0.980208 0.637963 0.011458 0.201852
3 0.23724 0.485648 0.040104 0.067593
3 0.267969 0.459259 0.027604 0.038889
3 0.489323 0.518056 0.061979 0.071296
