1 0.380469 0.765741 0.050521 0.218519
1 0.426302 0.781944 0.050521 0.24537
1 0.645573 0.816204 0.069271 0.263889
1 0.539844 0.588889 0.023438 0.103704
1 0.560937 0.54537 0.01875 0.07963
1 0.923698 0.538889 0.010937 0.066667
3 0.859635 0.519444 0.063021 0.044444
3 0.874219 0.591204 0.130729 0.093519
3 0.738542 0.52037 0.048958 0.068519
3 0.801302 0.535648 0.051562 0.056481
3 0.655729 0.488889 0.026042 0.038889
3 0.583073 0.472222 0.019271 0.025926
4 0.614062 0.662037 0.041667 0.096296
10 0.561198 0.567593 0.007812 0.137037
3 0.640625 0.543056 0.053125 0.082407
