11 0.858854 0.542593 0.055208 0.081481
10 0.8625 0.661111 0.010417 0.503704
1 0.858333 0.566204 0.025 0.113889
1 0.761979 0.5625 0.022917 0.110185
1 0.195312 0.538889 0.013542 0.066667
3 0.309896 0.593981 0.06875 0.09537
3 0.420833 0.75787 0.14375 0.282407
1 0.641667 0.519907 0.013542 0.058333
1 0.627344 0.536111 0.018229 0.087037
1 0.65 0.518981 0.011458 0.056481
1 0.303385 0.493981 0.006771 0.030556
1 0.15026 0.537963 0.009896 0.057407
1 0.480469 0.489352 0.009896 0.043519
1 0.6625 0.514815 0.0125 0.064815
3 0.32474 0.477778 0.015104 0.022222
1 0.189844 0.536111 0.009896 0.064815
1 0.192969 0.543981 0.011979 0.060185
1 0.142187 0.5375 0.0125 0.067593
1 0.164062 0.531944 0.0125 0.062037
1 0.511719 0.50787 0.010937 0.05463
1 0.520312 0.508333 0.009375 0.051852
1 0.576823 0.508333 0.015104 0.057407
1 0.565104 0.510185 0.011458 0.057407
3 0.432552 0.608796 0.090104 0.113889
3 0.354948 0.506481 0.027604 0.038889
3 0.414323 0.47963 0.016146 0.022222
3 0.304167 0.485648 0.027083 0.05463
3 0.432031 0.49213 0.020313 0.030556
10 0.544271 0.585648 0.007292 0.187963
11 0.54375 0.444444 0.025 0.090741
10 0.623698 0.555093 0.009896 0.213889
10 0.646354 0.525926 0.007292 0.225926
11 0.641406 0.451852 0.031771 0.057407
10 0.623437 0.527778 0.00625 0.103704
1 0.66901 0.515278 0.015104 0.065741
1 0.614062 0.50463 0.009375 0.061111
1 0.630729 0.50463 0.014583 0.059259
1 0.529687 0.507407 0.011458 0.046296
10 0.654427 0.512963 0.005729 0.077778
10 0.638802 0.541204 0.005729 0.078704
10 0.171094 0.531481 0.006771 0.083333
