1 0.80625 0.573148 0.041667 0.15
1 0.085677 0.600463 0.018229 0.091667
3 0.311458 0.558333 0.044792 0.061111
3 0.348177 0.705556 0.156771 0.235185
1 0.76849 0.6125 0.033854 0.160185
1 0.602083 0.546296 0.020833 0.085185
1 0.485417 0.501852 0.011458 0.046296
1 0.66901 0.513426 0.013021 0.071296
1 0.077604 0.602778 0.014583 0.088889
1 0.076823 0.614352 0.015104 0.089815
1 0.010937 0.610648 0.016667 0.089815
3 0.710156 0.574074 0.152604 0.116667
3 0.361979 0.496759 0.019792 0.026852
3 0.42474 0.496296 0.022396 0.02963
3 0.2875 0.502315 0.032292 0.056481
3 0.467969 0.5375 0.041146 0.060185
10 0.565625 0.773611 0.023958 0.419444
11 0.563542 0.455556 0.067708 0.22963
10 0.761719 0.69213 0.025521 0.597222
10 0.775781 0.61713 0.014063 0.412037
10 0.665625 0.518981 0.008333 0.086111
1 0.602344 0.549074 0.019271 0.088889
1 0.229687 0.51713 0.008333 0.034259
1 0.613802 0.54213 0.025521 0.100926
1 0.628906 0.537963 0.018229 0.1
1 0.003385 0.610185 0.017188 0.094444
1 0.513802 0.522685 0.013021 0.062037
11 0.800521 0.450463 0.076042 0.132407
