1 0.750521 0.578704 0.022917 0.138889
1 0.069531 0.585648 0.018229 0.087963
3 0.270833 0.564352 0.047917 0.063889
3 0.288542 0.705556 0.142708 0.233333
1 0.68724 0.594444 0.031771 0.133333
1 0.570833 0.541204 0.016667 0.080556
1 0.450781 0.501389 0.009896 0.04537
1 0.621354 0.522685 0.0125 0.078704
1 0.063281 0.586111 0.014063 0.085185
1 0.06276 0.597685 0.015104 0.082407
1 0.0 0.594907 0.011458 0.082407
1 0.529687 0.514352 0.0125 0.065741
3 0.551042 0.5875 0.135417 0.113889
3 0.328906 0.497222 0.020313 0.025926
3 0.388281 0.493519 0.021354 0.027778
3 0.255469 0.5 0.031771 0.055556
3 0.424219 0.528241 0.036979 0.052778
10 0.508333 0.708333 0.017708 0.35
11 0.505208 0.456481 0.048958 0.17963
10 0.663021 0.631481 0.025 0.498148
10 0.686198 0.601389 0.010937 0.343519
1 0.569271 0.542593 0.016667 0.07963
1 0.204687 0.511111 0.008333 0.033333
1 0.584375 0.5375 0.017708 0.086111
1 0.598958 0.534722 0.021875 0.086111
1 0.54375 0.519444 0.015625 0.064815
1 0.5625 0.515741 0.0125 0.066667
1 0.477865 0.520833 0.013021 0.062037
10 0.605469 0.596759 0.010937 0.084259
