11 0.851562 0.532407 0.042708 0.072222
1 0.992969 0.777315 0.061979 0.293519
10 0.855469 0.63287 0.009896 0.393519
1 0.897135 0.569444 0.030729 0.105556
1 0.823437 0.562037 0.021875 0.109259
1 0.070573 0.600926 0.023438 0.124074
1 0.005208 0.646296 0.033333 0.157407
3 0.36849 0.601389 0.074479 0.102778
3 0.507812 0.756019 0.145833 0.275
1 0.700521 0.518519 0.013542 0.05
1 0.65651 0.531481 0.016146 0.075926
1 0.702604 0.513426 0.010417 0.052778
1 0.370312 0.487037 0.00625 0.02963
1 0.008594 0.57963 0.024479 0.098148
1 0.227604 0.518519 0.009375 0.053704
1 0.52526 0.486111 0.009896 0.040741
1 0.723698 0.513426 0.016146 0.065741
3 0.388281 0.472222 0.015104 0.022222
1 0.257552 0.521296 0.009896 0.059259
1 0.2625 0.528704 0.011458 0.062963
1 0.215625 0.522222 0.011458 0.062963
1 0.238021 0.514352 0.011458 0.056481
1 0.55599 0.50463 0.009896 0.048148
1 0.564844 0.506019 0.011979 0.047222
1 0.630208 0.506019 0.011458 0.052778
1 0.620313 0.509722 0.011458 0.05463
3 0.50026 0.612037 0.093229 0.114815
3 0.403385 0.506019 0.030729 0.04537
3 0.459635 0.474074 0.016146 0.022222
3 0.357812 0.476852 0.026042 0.053704
3 0.476042 0.487037 0.019792 0.025926
10 0.590885 0.567593 0.006771 0.164815
11 0.591667 0.445833 0.020833 0.078704
10 0.664844 0.548611 0.006771 0.178704
10 0.683333 0.524074 0.007292 0.203704
11 0.68125 0.455556 0.030208 0.057407
10 0.064062 0.594907 0.008333 0.136111
1 0.73099 0.516204 0.009896 0.063889
1 0.675781 0.508796 0.009896 0.058333
1 0.685156 0.50787 0.013021 0.058333
1 0.715625 0.513426 0.010417 0.058333
1 0.582812 0.506019 0.009375 0.04537
1 0.639062 0.50787 0.0125 0.049074
10 0.695833 0.513426 0.00625 0.075
10 0.679948 0.543056 0.004687 0.062037
10 0.242188 0.518519 0.005208 0.075926
