11 0.738802 0.471296 0.020313 0.027778
1 0.734896 0.537037 0.017708 0.092593
10 0.740365 0.523148 0.005729 0.146296
1 0.794271 0.527778 0.019792 0.074074
1 0.830469 0.594907 0.028646 0.115741
1 0.882031 0.599074 0.031771 0.122222
1 0.773177 0.514352 0.016146 0.075
1 0.030729 0.741204 0.025 0.099074
1 0.082292 0.624074 0.023958 0.142593
1 0.127344 0.630093 0.023438 0.14537
10 0.116406 0.622685 0.009896 0.275
1 0.266667 0.556944 0.017708 0.086111
1 0.28776 0.55787 0.016146 0.087963
1 0.345052 0.529167 0.013021 0.065741
1 0.335938 0.528704 0.011458 0.061111
1 0.359896 0.52037 0.011458 0.059259
3 0.523177 0.550926 0.044271 0.061111
3 0.598177 0.561574 0.060937 0.100926
1 0.565365 0.477315 0.006771 0.025
1 0.327865 0.522685 0.007812 0.065741
1 0.625 0.479167 0.007292 0.032407
3 0.522135 0.477778 0.015104 0.022222
1 0.418229 0.495833 0.008333 0.041667
1 0.436979 0.500463 0.008333 0.039815
1 0.408594 0.498148 0.008854 0.044444
1 0.766667 0.487963 0.011458 0.038889
3 0.607292 0.546296 0.051042 0.077778
3 0.583073 0.512037 0.078646 0.046296
3 0.544531 0.465278 0.014063 0.015741
3 0.488802 0.470833 0.021354 0.041667
10 0.409635 0.513889 0.008854 0.02963
10 0.353646 0.521296 0.007292 0.074074
10 0.367188 0.518519 0.00625 0.077778
10 0.424479 0.494907 0.005208 0.052778
