1 0.971875 0.636574 0.032292 0.167593
1 0.152344 0.54537 0.026562 0.101852
1 0.143229 0.481019 0.011458 0.052778
1 0.667448 0.527315 0.016146 0.086111
1 0.18125 0.458796 0.009375 0.039815
1 0.424479 0.462037 0.011458 0.042593
3 0.850521 0.67963 0.19375 0.172222
3 0.558854 0.494444 0.067708 0.05
3 0.889323 0.854167 0.314063 0.339815
3 0.566927 0.557407 0.104688 0.125926
3 0.40625 0.490741 0.055208 0.055556
11 0.15026 0.446759 0.034896 0.026852
10 0.985156 0.641204 0.010937 0.206481
3 0.236719 0.484722 0.040104 0.067593
3 0.267448 0.459259 0.027604 0.038889
3 0.489583 0.518981 0.0625 0.071296
