1 0.013542 0.686574 0.047917 0.187963
1 0.941927 0.620833 0.035937 0.167593
1 0.16875 0.547685 0.022917 0.097222
1 0.158594 0.482407 0.008854 0.040741
1 0.648958 0.521296 0.016667 0.083333
1 0.427344 0.46713 0.009896 0.050926
3 0.808594 0.658333 0.164062 0.164815
3 0.557292 0.49537 0.060417 0.05
3 0.729948 0.715741 0.205729 0.222222
3 0.534635 0.541204 0.090104 0.108333
3 0.390885 0.490278 0.045312 0.052778
4 0.090104 0.818056 0.0625 0.175
11 0.169792 0.454167 0.034375 0.025
10 0.926042 0.612037 0.0125 0.190741
3 0.248958 0.496296 0.042708 0.07037
3 0.273177 0.469444 0.027604 0.038889
3 0.488021 0.513889 0.059375 0.062963
3 0.267448 0.457407 0.021354 0.027778
