11 0.858333 0.524074 0.040625 0.055556
1 0.940625 0.709259 0.053125 0.233333
10 0.858333 0.609259 0.008333 0.342593
1 0.921615 0.574074 0.029687 0.101852
1 0.861719 0.561574 0.019271 0.10463
1 0.019792 0.622685 0.03125 0.143519
1 0.097135 0.612963 0.025521 0.124074
1 0.06901 0.614352 0.025521 0.115741
1 0.161979 0.576852 0.020833 0.105556
1 0.13151 0.606481 0.024479 0.135185
3 0.421875 0.610648 0.073958 0.100926
3 0.570052 0.743056 0.135937 0.275
1 0.750781 0.519444 0.013021 0.05
1 0.683594 0.516204 0.016146 0.073148
1 0.741146 0.517593 0.010417 0.053704
1 0.427344 0.483796 0.007812 0.028704
1 0.10599 0.558333 0.021354 0.087037
1 0.28724 0.510648 0.008854 0.043519
1 0.084896 0.599074 0.021875 0.12963
1 0.566406 0.489352 0.009896 0.039815
1 0.776302 0.512963 0.013021 0.059259
3 0.441406 0.472685 0.016146 0.021296
1 0.309635 0.512963 0.009896 0.059259
1 0.31849 0.52037 0.010937 0.059259
1 0.274219 0.513889 0.009896 0.057407
1 0.297917 0.506481 0.010417 0.055556
1 0.729948 0.508796 0.011979 0.058333
1 0.595052 0.502778 0.009896 0.044444
1 0.602344 0.505556 0.010937 0.048148
1 0.673698 0.508796 0.011979 0.049074
1 0.666667 0.510648 0.010417 0.050926
3 0.558333 0.613426 0.092708 0.113889
3 0.446615 0.512963 0.033854 0.048148
3 0.497135 0.473148 0.015104 0.02037
3 0.402083 0.472685 0.026042 0.047222
3 0.515104 0.48287 0.01875 0.023148
10 0.630469 0.558333 0.007812 0.148148
11 0.634115 0.448611 0.020313 0.076852
10 0.699219 0.531481 0.006771 0.174074
10 0.157031 0.574074 0.004687 0.118519
10 0.683333 0.539352 0.008333 0.043519
1 0.054948 0.60787 0.016146 0.100926
1 0.775521 0.511574 0.0125 0.058333
1 0.736719 0.511111 0.010937 0.055556
1 0.759115 0.514815 0.009896 0.053704
1 0.678906 0.502778 0.011979 0.048148
10 0.730469 0.510648 0.006771 0.076852
10 0.300521 0.508796 0.005208 0.073148
