1 0.843229 0.583333 0.05 0.164815
1 0.094531 0.599074 0.017188 0.092593
3 0.335156 0.550926 0.043229 0.059259
3 0.391406 0.701852 0.168229 0.231481
1 0.825521 0.63287 0.033333 0.165741
1 0.507812 0.504167 0.011458 0.04537
1 0.699219 0.530093 0.017188 0.080556
1 0.088021 0.6 0.015625 0.090741
1 0.08776 0.612963 0.015104 0.092593
1 0.01875 0.610185 0.014583 0.094444
3 0.81276 0.575463 0.163021 0.121296
3 0.380469 0.494444 0.018229 0.024074
3 0.445573 0.499074 0.023438 0.031481
3 0.307031 0.505556 0.032813 0.057407
3 0.496094 0.543056 0.051562 0.063889
10 0.613021 0.794444 0.026042 0.424074
11 0.613802 0.456019 0.077604 0.258333
10 0.839844 0.718056 0.025521 0.597222
10 0.842448 0.634722 0.016146 0.475
10 0.698958 0.524537 0.007292 0.117593
1 0.627865 0.555556 0.021354 0.094444
1 0.248177 0.516667 0.007812 0.038889
1 0.650781 0.548148 0.022396 0.107407
1 0.009635 0.609722 0.017188 0.09537
1 0.559115 0.526389 0.019271 0.071296
1 0.535417 0.523611 0.0125 0.065741
