11 0.729688 0.464352 0.019792 0.026852
1 0.726562 0.518981 0.016667 0.086111
10 0.73125 0.503704 0.005208 0.140741
1 0.783073 0.508333 0.019271 0.062963
1 0.815365 0.568519 0.028646 0.109259
1 0.861979 0.564352 0.030208 0.117593
1 0.764583 0.499074 0.017708 0.072222
1 0.067448 0.71713 0.025521 0.089815
1 0.104688 0.612037 0.023958 0.142593
1 0.146354 0.616667 0.023958 0.137037
10 0.13724 0.601389 0.009896 0.275
1 0.269792 0.552315 0.017708 0.086111
1 0.290885 0.551389 0.016146 0.087963
1 0.345833 0.524074 0.013542 0.068519
1 0.33724 0.524074 0.010937 0.059259
1 0.358594 0.512037 0.009896 0.053704
3 0.519271 0.535185 0.042708 0.059259
3 0.592969 0.553241 0.058854 0.106481
1 0.56276 0.466667 0.007812 0.025926
1 0.329688 0.518519 0.008333 0.064815
1 0.621094 0.465278 0.007812 0.032407
3 0.51901 0.465741 0.015104 0.022222
1 0.416667 0.490741 0.008333 0.042593
1 0.434896 0.492593 0.008333 0.038889
1 0.407031 0.491667 0.007812 0.040741
1 0.7625 0.468981 0.008333 0.036111
3 0.602083 0.530556 0.05 0.074074
3 0.623177 0.501389 0.070312 0.050926
3 0.539323 0.456944 0.014063 0.013889
3 0.485677 0.463426 0.021354 0.037963
8 0.989583 0.559722 0.020833 0.106481
10 0.407812 0.505556 0.009375 0.027778
10 0.352344 0.515278 0.007812 0.080556
10 0.422917 0.484722 0.005208 0.052778
