1 0.890625 0.578704 0.0375 0.127778
1 0.710156 0.574537 0.025521 0.123148
1 0.0875 0.57037 0.015625 0.074074
3 0.249219 0.583796 0.057812 0.076852
3 0.28151 0.727778 0.131771 0.248148
1 0.627083 0.566204 0.025 0.102778
1 0.567969 0.536574 0.013021 0.069444
1 0.005729 0.577315 0.010417 0.071296
1 0.433333 0.503704 0.007292 0.044444
1 0.080208 0.573148 0.0125 0.077778
1 0.079687 0.582407 0.013542 0.072222
1 0.017448 0.578704 0.015104 0.081481
1 0.027344 0.57037 0.014063 0.081481
1 0.517448 0.521296 0.013021 0.059259
1 0.507292 0.524074 0.011458 0.061111
3 0.408854 0.604167 0.111458 0.121296
3 0.307812 0.50787 0.022917 0.030556
3 0.36849 0.495833 0.018229 0.023148
3 0.24401 0.503241 0.030729 0.056481
3 0.393229 0.523148 0.029167 0.042593
10 0.483333 0.650926 0.0125 0.264815
11 0.484115 0.461574 0.039062 0.134259
10 0.597396 0.588426 0.019792 0.365741
10 0.627344 0.550926 0.009896 0.314815
1 0.566667 0.540278 0.014583 0.067593
1 0.58125 0.535185 0.015625 0.081481
1 0.597656 0.5375 0.016146 0.080556
1 0.535937 0.521759 0.015625 0.063889
1 0.552865 0.518981 0.013021 0.062037
1 0.489323 0.525 0.011979 0.066667
1 0.46276 0.521759 0.011979 0.056481
10 0.567448 0.585185 0.010937 0.066667
10 0.59349 0.550463 0.005729 0.132407
