11 0.749479 0.474537 0.020833 0.028704
1 0.742448 0.540741 0.018229 0.090741
10 0.74974 0.530093 0.005729 0.15463
1 0.805729 0.530556 0.022917 0.074074
1 0.852865 0.603704 0.028646 0.127778
1 0.903125 0.60463 0.032292 0.12963
1 0.782292 0.515278 0.014583 0.075
1 0.044531 0.624074 0.026562 0.15
1 0.096354 0.633796 0.032292 0.14537
10 0.085156 0.631019 0.009896 0.275
1 0.259896 0.551389 0.017708 0.086111
1 0.28099 0.556944 0.016146 0.087963
1 0.341406 0.525 0.014063 0.066667
1 0.330208 0.521296 0.011458 0.057407
1 0.357552 0.516204 0.014063 0.063889
3 0.522656 0.54537 0.046354 0.064815
3 0.602865 0.569444 0.063021 0.105556
1 0.809115 0.485648 0.005729 0.034259
1 0.56224 0.471759 0.007812 0.028704
1 0.324219 0.518056 0.007812 0.067593
1 0.627344 0.475463 0.007812 0.034259
3 0.523177 0.474074 0.015104 0.022222
1 0.676823 0.481019 0.007812 0.039815
1 0.417708 0.488889 0.010417 0.040741
1 0.436979 0.496296 0.008333 0.040741
1 0.407031 0.490278 0.008854 0.043519
1 0.769271 0.486111 0.0125 0.040741
3 0.611198 0.544444 0.053646 0.081481
3 0.536458 0.508796 0.082292 0.050926
3 0.803385 0.50787 0.074479 0.05463
3 0.547135 0.460648 0.014063 0.013889
3 0.488542 0.465741 0.020833 0.038889
10 0.407031 0.508333 0.008854 0.02963
10 0.34974 0.516204 0.005729 0.084259
10 0.36224 0.515278 0.005729 0.080556
