1 0.36276 0.771296 0.049479 0.218519
1 0.408594 0.7875 0.052604 0.252778
1 0.632031 0.818981 0.067187 0.276852
1 0.529687 0.589815 0.023958 0.103704
1 0.550781 0.545833 0.018229 0.080556
1 0.913281 0.536574 0.013021 0.067593
3 1.05026 0.631481 0.117188 0.101852
3 0.85026 0.52037 0.063021 0.044444
3 0.866146 0.588889 0.130208 0.094444
3 0.729427 0.519907 0.048438 0.069444
3 0.791406 0.533796 0.051562 0.056481
3 0.647396 0.487037 0.026042 0.038889
3 0.573438 0.47037 0.019792 0.025926
4 0.602865 0.662963 0.042188 0.096296
10 0.54974 0.568519 0.007812 0.137037
3 0.630469 0.538426 0.053646 0.082407
