1 0.852344 0.584259 0.042188 0.164815
1 0.092188 0.6 0.017708 0.094444
3 0.341146 0.549074 0.042708 0.059259
3 0.404427 0.697685 0.169271 0.230556
1 0.84401 0.640278 0.033854 0.180556
1 0.513281 0.500926 0.013021 0.044444
1 0.707031 0.528241 0.016146 0.080556
1 0.090625 0.599537 0.015625 0.091667
1 0.090885 0.6125 0.015104 0.093519
1 0.022396 0.606944 0.015625 0.091667
3 0.840104 0.575463 0.165625 0.121296
3 0.385156 0.491667 0.018229 0.024074
3 0.451042 0.497685 0.023958 0.032407
3 0.311458 0.499537 0.032292 0.056481
3 0.504427 0.543519 0.052604 0.064815
10 0.626042 0.796759 0.025 0.417593
11 0.628646 0.456019 0.08125 0.267593
10 0.859635 0.716204 0.025521 0.597222
10 0.859375 0.640278 0.016667 0.489815
10 0.582552 0.510648 0.009896 0.215741
10 0.707812 0.524074 0.007292 0.124074
1 0.633854 0.556019 0.021875 0.09537
1 0.252865 0.514815 0.007812 0.038889
1 0.592708 0.50787 0.014583 0.060185
1 0.657552 0.548148 0.018229 0.107407
1 0.0125 0.607407 0.01875 0.094444
1 0.564323 0.525 0.019271 0.07037
1 0.541406 0.522222 0.013021 0.064815
1 0.577344 0.525926 0.010937 0.066667
