11 0.857031 0.525463 0.041146 0.058333
1 0.948698 0.719444 0.055729 0.242593
10 0.856771 0.613426 0.008333 0.352778
1 0.916406 0.573611 0.027604 0.102778
1 0.854167 0.561111 0.019792 0.105556
1 0.000521 0.628241 0.03125 0.147222
1 0.07526 0.62037 0.025521 0.124074
1 0.046094 0.622222 0.026562 0.118519
1 0.145573 0.581481 0.021354 0.111111
1 0.108854 0.61713 0.026042 0.143519
3 0.410938 0.611111 0.075 0.1
3 0.557552 0.749074 0.140104 0.281481
1 0.742188 0.518056 0.014583 0.050926
1 0.679167 0.527315 0.014583 0.067593
1 0.733333 0.515741 0.010417 0.053704
1 0.415885 0.486111 0.007812 0.02963
1 0.0875 0.56713 0.023958 0.097222
1 0.275781 0.511574 0.008854 0.043519
1 0.063542 0.60463 0.023958 0.131481
1 0.559896 0.488426 0.008333 0.039815
1 0.765885 0.511574 0.010937 0.062037
3 0.430729 0.472222 0.015625 0.022222
1 0.29974 0.515741 0.009896 0.059259
1 0.307552 0.522222 0.010937 0.059259
1 0.263281 0.515278 0.009896 0.058333
1 0.286458 0.509259 0.010417 0.055556
1 0.71901 0.506019 0.011979 0.058333
1 0.586719 0.502315 0.009896 0.04537
1 0.594792 0.503704 0.011458 0.048148
1 0.666667 0.507407 0.011458 0.048148
1 0.656771 0.509722 0.010417 0.050926
3 0.547656 0.613889 0.093229 0.114815
3 0.438021 0.510648 0.033333 0.047222
3 0.489583 0.472685 0.015625 0.021296
3 0.39375 0.473611 0.026042 0.047222
3 0.507292 0.483796 0.01875 0.023148
10 0.622656 0.559722 0.007812 0.150926
11 0.626823 0.447685 0.020313 0.076852
10 0.692448 0.535185 0.006771 0.174074
10 0.710677 0.518056 0.007812 0.189815
10 0.138281 0.577315 0.004687 0.121296
10 0.676562 0.539352 0.008333 0.043519
1 0.03125 0.617593 0.016667 0.103704
1 0.766146 0.511111 0.013542 0.059259
1 0.726562 0.510648 0.011458 0.056481
1 0.750521 0.514815 0.009375 0.053704
1 0.671615 0.504167 0.011979 0.047222
10 0.723177 0.511574 0.006771 0.076852
10 0.289062 0.510185 0.005208 0.074074
