11 0.853385 0.541667 0.049479 0.075926
10 0.857292 0.648148 0.010417 0.462963
1 0.875 0.571296 0.023958 0.112963
1 0.78724 0.561574 0.023438 0.112037
1 0.221615 0.530093 0.011979 0.062037
3 0.330469 0.597222 0.071354 0.094444
3 0.455208 0.75787 0.144792 0.276852
1 0.664844 0.519444 0.013021 0.057407
1 0.638021 0.533333 0.016667 0.075926
1 0.66901 0.516667 0.010937 0.053704
1 0.328906 0.487963 0.006771 0.02963
1 0.179167 0.526852 0.009375 0.055556
1 0.496615 0.488426 0.009896 0.043519
1 0.685677 0.515278 0.011979 0.062037
3 0.349219 0.473611 0.015104 0.021296
1 0.216146 0.530556 0.010417 0.061111
1 0.219792 0.5375 0.011458 0.062037
1 0.170052 0.530556 0.013021 0.064815
1 0.193229 0.523611 0.0125 0.063889
1 0.527344 0.506481 0.008854 0.055556
1 0.536198 0.508796 0.010937 0.05463
1 0.598437 0.503241 0.011458 0.056481
1 0.5875 0.508796 0.011458 0.056481
3 0.457031 0.612037 0.091146 0.112963
3 0.372656 0.50463 0.029687 0.040741
3 0.43151 0.476852 0.017188 0.02037
3 0.32526 0.480093 0.026562 0.05463
3 0.446875 0.489815 0.020833 0.02963
10 0.560156 0.577778 0.006771 0.177778
11 0.561719 0.444907 0.023438 0.086111
10 0.640625 0.552778 0.008333 0.2
10 0.660937 0.527315 0.007292 0.217593
11 0.657552 0.453704 0.032813 0.055556
10 0.638542 0.526852 0.00625 0.1
1 0.69401 0.516204 0.015104 0.065741
1 0.636979 0.506944 0.009375 0.056481
1 0.651302 0.506481 0.014063 0.059259
1 0.549219 0.50787 0.009896 0.047222
10 0.669792 0.513426 0.00625 0.073148
10 0.653906 0.54213 0.004687 0.073148
10 0.198177 0.525463 0.006771 0.082407
