3 0.428906 0.500926 0.025521 0.033333
1 0.641406 0.514815 0.009896 0.053704
1 0.756771 0.570833 0.025 0.112037
1 0.732812 0.565278 0.022917 0.097222
1 0.713021 0.571759 0.014583 0.102778
1 0.722917 0.572222 0.022917 0.101852
1 0.632292 0.51713 0.014583 0.065741
10 0.845313 0.609259 0.040625 0.085185
3 0.547917 0.574074 0.066667 0.081481
3 0.313802 0.5125 0.043229 0.076852
3 0.738021 0.672222 0.172917 0.151852
10 0.591146 0.715278 0.013542 0.337963
11 0.592969 0.464815 0.048438 0.17963
10 0.919271 0.718056 0.021875 0.550926
1 0.685937 0.886111 0.0625 0.305556
1 0.673698 0.832407 0.059896 0.285185
1 0.544792 0.736111 0.042708 0.238889
1 0.746875 0.570833 0.017708 0.093519
1 0.56875 0.75 0.055208 0.259259
1 0.652604 0.578241 0.023958 0.108333
1 0.684115 0.575463 0.026562 0.112037
1 0.896354 0.650463 0.033333 0.165741
1 0.699219 0.798148 0.048438 0.257407
1 0.925 0.643519 0.045833 0.142593
1 0.888542 0.623148 0.03125 0.151852
1 0.64974 0.564815 0.025521 0.098148
