1 0.953906 0.617593 0.030729 0.17037
1 0.161198 0.551389 0.026562 0.099074
1 0.149219 0.489352 0.013021 0.05463
1 0.655469 0.523148 0.015104 0.081481
1 0.42526 0.46713 0.009896 0.047222
3 0.825 0.665741 0.176042 0.172222
3 0.556771 0.494444 0.061458 0.05
3 0.795833 0.765741 0.258333 0.27037
3 0.547917 0.547222 0.095833 0.114815
3 0.397135 0.493056 0.049479 0.05463
4 0.048177 0.855093 0.066146 0.189815
11 0.159115 0.455556 0.034896 0.027778
10 0.948958 0.618981 0.011458 0.197222
3 0.241406 0.493519 0.042188 0.07037
3 0.270052 0.462963 0.027604 0.038889
3 0.48776 0.51713 0.060937 0.067593
3 0.265885 0.453704 0.019271 0.027778
