11 0.852865 0.530556 0.042188 0.068519
1 0.979948 0.767593 0.060937 0.281481
10 0.854687 0.628241 0.009375 0.384259
1 0.901302 0.571759 0.031771 0.10463
1 0.830469 0.561574 0.021354 0.108333
1 0.0875 0.597685 0.022917 0.121296
1 0.030469 0.64213 0.031771 0.15463
3 0.377604 0.605093 0.075 0.102778
3 0.519531 0.759259 0.144271 0.277778
1 0.708854 0.52037 0.013542 0.05
1 0.660677 0.531481 0.016146 0.074074
1 0.710417 0.513426 0.010417 0.052778
1 0.38099 0.488426 0.006771 0.030556
1 0.028385 0.585648 0.023438 0.110185
1 0.2375 0.518519 0.009375 0.053704
1 -0.007031 0.637963 0.024479 0.148148
1 0.532292 0.489815 0.008333 0.038889
1 0.732031 0.512963 0.014063 0.064815
3 0.397656 0.472222 0.015104 0.022222
1 0.267448 0.520833 0.009896 0.058333
1 0.272917 0.527315 0.011458 0.062037
1 0.225 0.522222 0.011458 0.062963
1 0.249479 0.514352 0.011458 0.056481
1 0.5625 0.505556 0.010417 0.046296
1 0.571615 0.506944 0.013021 0.049074
1 0.638802 0.507407 0.010937 0.051852
1 0.628646 0.509722 0.011458 0.05463
3 0.510677 0.612963 0.093229 0.114815
3 0.409896 0.50787 0.03125 0.043519
3 0.465885 0.475 0.016146 0.022222
3 0.366146 0.476389 0.026042 0.050926
3 0.483073 0.486574 0.019271 0.025
10 0.598177 0.565741 0.006771 0.161111
11 0.59974 0.446759 0.020313 0.076852
10 0.670573 0.547222 0.006771 0.174074
10 0.689063 0.522685 0.007292 0.200926
11 0.686979 0.456481 0.030208 0.057407
10 0.082292 0.591204 0.008333 0.136111
10 0.652344 0.543056 0.007812 0.050926
1 0.738542 0.516204 0.010417 0.063889
1 0.686198 0.509722 0.009896 0.056481
1 0.694531 0.509722 0.013021 0.058333
1 0.723177 0.513889 0.009896 0.057407
1 0.590885 0.507407 0.009896 0.044444
1 0.647917 0.507407 0.0125 0.048148
10 0.7 0.514352 0.00625 0.075
10 0.685677 0.539352 0.004687 0.067593
10 0.252604 0.518056 0.005208 0.075
