11 0.859635 0.524074 0.039062 0.055556
1 0.933594 0.7 0.050521 0.222222
10 0.859635 0.60463 0.007812 0.333333
1 0.92526 0.570833 0.027604 0.093519
1 0.867188 0.560185 0.01875 0.103704
1 0.010417 0.613426 0.028125 0.137963
1 0.040365 0.617593 0.031771 0.138889
1 0.11849 0.606019 0.024479 0.121296
1 0.092188 0.608333 0.023958 0.112963
1 0.178646 0.572222 0.020833 0.101852
1 0.151562 0.600463 0.023958 0.130556
3 0.433073 0.611111 0.073438 0.101852
3 0.579948 0.743056 0.132812 0.267593
1 0.761458 0.521759 0.011458 0.050926
1 0.688802 0.527778 0.014063 0.064815
1 0.748958 0.517593 0.010417 0.053704
1 0.438021 0.485185 0.007292 0.02963
1 0.122396 0.552778 0.016667 0.083333
1 0.298177 0.508796 0.008854 0.043519
1 0.107812 0.594444 0.019792 0.125926
1 0.573698 0.490278 0.009896 0.039815
1 0.784635 0.514815 0.016146 0.062963
3 0.450781 0.472685 0.015104 0.021296
1 0.319531 0.512963 0.009896 0.059259
1 0.329167 0.518981 0.010417 0.058333
1 0.286719 0.512037 0.009896 0.057407
1 0.309375 0.505556 0.010417 0.055556
1 0.741146 0.512037 0.0125 0.057407
1 0.602865 0.502778 0.009896 0.044444
1 0.609896 0.506944 0.009375 0.04537
1 0.682552 0.50787 0.011979 0.049074
1 0.676302 0.511111 0.010937 0.05
3 0.56849 0.613426 0.092188 0.110185
3 0.455469 0.513889 0.033854 0.048148
3 0.505208 0.474537 0.014583 0.019444
3 0.411719 0.472685 0.024479 0.047222
3 0.523438 0.481944 0.01875 0.023148
10 0.638281 0.556944 0.007812 0.14537
11 0.641927 0.449537 0.020313 0.076852
10 0.705469 0.528704 0.006771 0.174074
10 0.173698 0.569907 0.005729 0.117593
10 0.691146 0.539352 0.008333 0.043519
1 0.076302 0.602778 0.016146 0.098148
1 0.785156 0.5125 0.011979 0.058333
1 0.767188 0.514815 0.010417 0.053704
1 0.689323 0.502778 0.011979 0.048148
10 0.736198 0.514352 0.006771 0.076852
10 0.311458 0.50787 0.005208 0.071296
