1 0.905208 0.594907 0.033333 0.173148
1 0.115104 0.600926 0.01875 0.096296
3 0.36901 0.543981 0.041146 0.058333
3 0.471354 0.694444 0.183333 0.222222
1 0.921615 0.673148 0.054688 0.211111
1 0.53724 0.496759 0.010937 0.037963
1 0.102604 0.600926 0.016667 0.094444
1 0.103385 0.612963 0.015104 0.096296
1 0.030729 0.608796 0.019792 0.09537
3 0.975521 0.573148 0.170833 0.124074
3 0.40599 0.488889 0.018229 0.024074
3 0.475781 0.498148 0.025521 0.033333
3 0.333594 0.49537 0.031771 0.057407
3 0.541146 0.549074 0.058333 0.07037
10 0.69974 0.818519 0.026562 0.398148
11 0.705729 0.456019 0.096875 0.332407
10 0.950521 0.678241 0.019792 0.558333
10 0.616406 0.518981 0.009896 0.215741
1 0.653125 0.566204 0.022917 0.099074
1 0.659375 0.553241 0.020833 0.115741
1 0.022396 0.610185 0.020833 0.101852
1 0.58776 0.525463 0.019271 0.071296
1 0.569792 0.518981 0.0125 0.060185
1 0.602865 0.525926 0.013021 0.07037
