11 0.75599 0.473611 0.020313 0.028704
1 0.748698 0.543056 0.019271 0.093519
10 0.75625 0.526389 0.005208 0.160185
1 0.813542 0.535648 0.020833 0.075
1 0.870052 0.610648 0.028646 0.132407
1 0.919792 0.6125 0.03125 0.132407
1 0.789323 0.518519 0.016146 0.075926
1 0.016406 0.633333 0.033854 0.164815
1 0.071354 0.638889 0.03125 0.157407
10 0.063281 0.648611 0.009896 0.275
1 0.256771 0.551852 0.017708 0.087037
1 0.279167 0.556481 0.019792 0.087037
1 0.339844 0.525463 0.014063 0.067593
1 0.327865 0.524537 0.011979 0.063889
1 0.357552 0.513889 0.014063 0.062963
3 0.523698 0.55 0.047396 0.066667
3 0.605208 0.568981 0.064583 0.110185
1 0.81849 0.488889 0.009896 0.040741
1 0.697396 0.491204 0.009375 0.04537
1 0.811719 0.487037 0.007812 0.037037
1 0.563281 0.47037 0.007812 0.027778
1 0.321875 0.518056 0.008333 0.067593
1 0.335938 0.513889 0.010417 0.062963
1 0.629948 0.474537 0.007812 0.034259
3 0.52474 0.473148 0.015104 0.022222
1 0.678646 0.480093 0.007292 0.041667
1 0.417708 0.488426 0.009375 0.041667
1 0.436458 0.496759 0.008333 0.041667
1 0.40651 0.493056 0.008854 0.043519
1 0.771875 0.486111 0.010417 0.040741
3 0.61276 0.546296 0.056771 0.085185
3 0.503125 0.510185 0.082292 0.051852
3 0.792448 0.510648 0.088021 0.050926
3 0.55 0.462037 0.014583 0.014815
3 0.489844 0.465278 0.021354 0.039815
10 0.700781 0.455556 0.006771 0.174074
10 0.40651 0.507407 0.008854 0.02963
10 0.346615 0.516204 0.005729 0.084259
10 0.360677 0.51713 0.005729 0.080556
