1 0.979948 0.566204 0.038021 0.14537
1 0.735156 0.572222 0.025521 0.12963
1 0.070833 0.583796 0.015625 0.082407
3 0.261719 0.56713 0.052604 0.065741
3 0.277604 0.708796 0.139583 0.239815
1 0.664323 0.583333 0.030729 0.12963
1 0.5625 0.540278 0.014583 0.078704
1 0.441927 0.502315 0.009896 0.04537
1 0.609115 0.521759 0.013021 0.076852
1 0.06276 0.583796 0.014063 0.082407
1 0.061979 0.594907 0.014583 0.080556
1 0.0 0.592593 0.011458 0.081481
1 0.523177 0.516667 0.011979 0.061111
3 0.507031 0.593056 0.131771 0.115741
3 0.322656 0.500463 0.021354 0.028704
3 0.379948 0.495833 0.021354 0.026852
3 0.248438 0.501852 0.03125 0.061111
3 0.411979 0.526852 0.035417 0.05
10 0.494792 0.691667 0.015625 0.32037
11 0.49375 0.45787 0.046875 0.171296
10 0.639323 0.620833 0.024479 0.452778
10 0.667448 0.584722 0.010937 0.343519
1 0.564323 0.543981 0.016146 0.076852
1 0.202083 0.511111 0.008333 0.033333
1 0.578646 0.5375 0.019792 0.086111
1 0.592708 0.534722 0.016667 0.087963
1 0.536198 0.519444 0.014063 0.064815
1 0.555469 0.51713 0.011979 0.065741
1 0.469531 0.518981 0.013021 0.05463
10 0.591667 0.591667 0.011458 0.077778
