11 0.864323 0.502778 0.034896 0.05
1 0.885677 0.62037 0.035937 0.166667
10 0.863021 0.568981 0.00625 0.256481
1 0.936719 0.561574 0.024479 0.093519
1 0.900781 0.539815 0.019271 0.092593
1 0.141927 0.576852 0.024479 0.12037
1 0.170052 0.581944 0.025521 0.119444
1 0.251563 0.559722 0.020833 0.099074
1 0.235677 0.562037 0.017188 0.094444
1 0.288802 0.54213 0.019271 0.091667
1 0.277083 0.553704 0.019792 0.103704
3 0.507031 0.594444 0.069271 0.101852
3 0.6375 0.665278 0.110417 0.213889
1 0.820312 0.502315 0.0125 0.047222
1 0.72474 0.508333 0.013021 0.059259
1 0.807031 0.502315 0.010937 0.049074
1 0.513802 0.470833 0.006771 0.028704
1 0.234896 0.527778 0.011458 0.077778
1 0.374479 0.487963 0.007292 0.038889
1 0.238021 0.548611 0.016667 0.102778
1 0.628906 0.475926 0.008854 0.037037
3 0.513542 0.464352 0.015625 0.021296
1 0.388021 0.49537 0.010417 0.051852
1 0.402604 0.501389 0.010417 0.052778
1 0.364844 0.493519 0.009896 0.057407
1 0.813281 0.497685 0.011979 0.05463
1 0.819792 0.493056 0.010417 0.049074
1 0.652604 0.489352 0.011458 0.043519
1 0.66224 0.491204 0.009896 0.04537
1 0.704948 0.494444 0.011979 0.046296
1 0.744271 0.49537 0.0125 0.05
1 0.733073 0.5 0.011979 0.05
3 0.63151 0.585185 0.081771 0.1
3 0.527083 0.50787 0.048958 0.056481
3 0.555729 0.460648 0.015625 0.017593
3 0.472135 0.462963 0.022396 0.046296
3 0.575781 0.468981 0.019271 0.023148
10 0.745573 0.506481 0.006771 0.174074
10 0.361458 0.519444 0.008333 0.038889
10 0.285156 0.533796 0.006771 0.102778
10 0.736458 0.520833 0.008333 0.041667
1 0.218229 0.558333 0.015625 0.07963
1 0.826302 0.5 0.011979 0.05
10 0.38776 0.491204 0.005729 0.060185
