1 0.945312 0.575 0.0375 0.138889
1 0.726042 0.57963 0.027083 0.12963
1 0.072396 0.586111 0.016667 0.083333
3 0.255729 0.577778 0.054167 0.068519
3 0.272917 0.718056 0.134375 0.241667
1 0.648958 0.575926 0.029167 0.122222
1 0.56276 0.539815 0.014063 0.074074
1 0.43724 0.505093 0.008854 0.047222
1 0.598698 0.523611 0.014063 0.073148
1 0.065104 0.585648 0.013542 0.080556
1 0.064844 0.595833 0.014063 0.078704
1 0.00599 0.593519 0.013021 0.083333
1 0.519271 0.52037 0.0125 0.059259
1 0.508333 0.525 0.011458 0.064815
3 0.471094 0.598611 0.126562 0.115741
3 0.316406 0.506481 0.021354 0.027778
3 0.374219 0.496759 0.020313 0.026852
3 0.244531 0.504167 0.030729 0.056481
3 0.404167 0.527315 0.033333 0.047222
10 0.489063 0.680093 0.014583 0.302778
11 0.486979 0.458796 0.044792 0.158333
10 0.621615 0.60787 0.023438 0.425
10 0.650781 0.568056 0.010937 0.343519
1 0.5625 0.543056 0.01875 0.073148
1 0.202344 0.513426 0.007812 0.034259
1 0.576302 0.540278 0.018229 0.080556
1 0.595052 0.536574 0.021354 0.086111
1 0.532813 0.522222 0.015625 0.064815
1 0.553385 0.518981 0.011979 0.065741
1 0.465885 0.521759 0.010937 0.058333
10 0.581771 0.592593 0.011458 0.077778
