1 0.96224 0.568519 0.040104 0.138889
1 0.730469 0.575 0.027604 0.133333
1 0.071094 0.584259 0.016146 0.081481
3 0.256771 0.571759 0.052083 0.067593
3 0.272656 0.712037 0.138021 0.240741
1 0.654167 0.576389 0.029167 0.121296
1 0.56276 0.540278 0.014063 0.076852
1 0.439583 0.50463 0.008333 0.044444
1 0.603646 0.522222 0.013542 0.075926
1 0.064062 0.584722 0.013542 0.082407
1 0.06276 0.596759 0.014063 0.080556
1 0.001563 0.593056 0.0125 0.082407
1 0.520833 0.51713 0.011458 0.060185
3 0.488021 0.595833 0.129167 0.115741
3 0.317969 0.502315 0.021354 0.028704
3 0.377344 0.497685 0.021354 0.026852
3 0.246094 0.502315 0.030729 0.058333
3 0.407292 0.527315 0.034375 0.049074
10 0.491146 0.686574 0.014583 0.310185
11 0.490365 0.458333 0.046354 0.164815
10 0.629687 0.614352 0.023958 0.436111
10 0.658073 0.576389 0.010937 0.343519
1 0.563281 0.543056 0.018229 0.075
1 0.202083 0.512037 0.008333 0.033333
1 0.577604 0.538889 0.01875 0.083333
1 0.592969 0.536111 0.017188 0.087037
1 0.534375 0.52037 0.014583 0.064815
1 0.554427 0.518056 0.011979 0.065741
1 0.468229 0.520833 0.011458 0.058333
10 0.586458 0.592593 0.011458 0.077778
