3 0.470052 0.507407 0.026562 0.037037
1 0.630469 0.5125 0.011979 0.062037
1 0.685677 0.52037 0.009896 0.059259
1 0.801302 0.57037 0.022396 0.111111
1 0.776042 0.566204 0.021875 0.093519
1 0.755469 0.573148 0.014063 0.1
1 0.768229 0.571759 0.022917 0.099074
1 0.673438 0.522222 0.0125 0.061111
10 0.88776 0.608796 0.040104 0.084259
3 0.585677 0.568519 0.055729 0.075926
3 0.363542 0.516667 0.041667 0.074074
3 0.782552 0.666667 0.167187 0.144444
10 0.650781 0.711111 0.013021 0.327778
11 0.651563 0.468056 0.046875 0.162037
10 0.952344 0.707407 0.021354 0.487037
10 0.673698 0.894444 0.040104 0.162963
10 0.911198 0.726852 0.015104 0.174074
1 0.738542 0.853704 0.052083 0.290741
1 0.745833 0.796759 0.046875 0.256481
1 0.623698 0.7125 0.029687 0.226852
1 0.790885 0.573611 0.017188 0.093519
1 0.651563 0.72963 0.039583 0.237037
1 0.702604 0.581944 0.021875 0.106481
1 0.732292 0.575463 0.026042 0.102778
1 0.922656 0.644907 0.047396 0.156481
1 0.769271 0.768519 0.045833 0.240741
1 0.942708 0.633796 0.032292 0.14537
1 0.915885 0.624074 0.030729 0.15
1 0.692969 0.568519 0.025521 0.098148
