11 0.910417 0.572685 0.076042 0.110185
10 0.914062 0.741667 0.011458 0.603704
1 0.852604 0.572222 0.026042 0.118519
1 0.722656 0.562963 0.025521 0.112963
1 0.144271 0.546296 0.014583 0.066667
3 0.275521 0.585185 0.064583 0.085185
3 0.351562 0.74213 0.133333 0.262037
1 0.61849 0.546759 0.020313 0.093519
1 0.605469 0.524537 0.011979 0.062037
1 0.256771 0.499074 0.007292 0.035185
1 0.090365 0.547222 0.010937 0.061111
1 0.452083 0.493519 0.009375 0.042593
3 0.277865 0.477778 0.015104 0.022222
1 0.138281 0.547685 0.009896 0.069444
1 0.141667 0.55463 0.0125 0.064815
1 0.084896 0.551389 0.0125 0.067593
1 0.104167 0.540741 0.014583 0.07037
1 0.486979 0.511574 0.011458 0.05463
1 0.542448 0.510648 0.011979 0.056481
1 0.533073 0.5125 0.010937 0.058333
3 0.391927 0.6 0.086979 0.114815
3 0.325521 0.501389 0.026042 0.036111
3 0.38776 0.481481 0.017188 0.024074
3 0.270833 0.486574 0.029167 0.052778
3 0.404427 0.499537 0.024479 0.036111
10 0.509375 0.603704 0.009375 0.214815
11 0.510677 0.449537 0.029687 0.106481
10 0.603125 0.571296 0.0125 0.246296
10 0.626042 0.533333 0.007292 0.25
1 0.607292 0.524537 0.013542 0.062037
1 0.574219 0.509259 0.015104 0.062963
1 0.586198 0.506019 0.015104 0.058333
1 0.496875 0.508796 0.013542 0.060185
11 0.623177 0.453241 0.035937 0.063889
10 0.578125 0.556944 0.009375 0.063889
10 0.616667 0.55 0.004167 0.07963
10 0.600521 0.538889 0.00625 0.107407
