11 0.863281 0.499074 0.032813 0.048148
1 0.877083 0.613426 0.03125 0.158333
10 0.860677 0.564352 0.005729 0.24537
1 0.93724 0.559259 0.022396 0.092593
1 0.901302 0.537963 0.019271 0.092593
1 0.163021 0.572685 0.025 0.121296
1 0.18776 0.578704 0.025521 0.12037
1 0.271354 0.55463 0.020833 0.094444
1 0.254948 0.557407 0.016146 0.092593
1 0.304688 0.5375 0.017708 0.087963
1 0.29349 0.549537 0.018229 0.100926
3 0.517448 0.591204 0.069271 0.097222
3 0.64349 0.655093 0.104688 0.20463
1 0.827604 0.503704 0.011458 0.046296
1 0.728906 0.506481 0.011979 0.057407
1 0.815365 0.504167 0.010937 0.049074
1 0.526042 0.47037 0.00625 0.02963
1 0.252083 0.525 0.011458 0.077778
1 0.386198 0.487037 0.007812 0.038889
1 0.25625 0.543519 0.016667 0.098148
1 0.636198 0.476852 0.008854 0.037037
3 0.520573 0.463889 0.015104 0.022222
1 0.398438 0.493519 0.010417 0.05
1 0.413281 0.5 0.009896 0.051852
1 0.375 0.492593 0.010417 0.053704
1 0.823958 0.5 0.011458 0.053704
1 0.829167 0.498148 0.010417 0.05
1 0.659375 0.489352 0.011458 0.043519
1 0.672135 0.493056 0.009896 0.04537
1 0.714063 0.494907 0.0125 0.04537
1 0.74401 0.499537 0.011979 0.04537
3 0.638021 0.581019 0.080208 0.100926
3 0.546354 0.511574 0.059375 0.052778
3 0.561979 0.463889 0.015625 0.018519
3 0.480208 0.462037 0.022917 0.046296
10 0.74974 0.502778 0.006771 0.174074
10 0.373437 0.51713 0.008333 0.037963
10 0.301302 0.535648 0.006771 0.102778
10 0.741667 0.522222 0.008333 0.042593
1 0.238802 0.552315 0.015104 0.073148
1 0.835677 0.502315 0.013021 0.047222
10 0.838021 0.520833 0.005208 0.047222
10 0.399219 0.49213 0.005729 0.060185
