1 0.134635 0.61713 0.019271 0.108333
3 0.413021 0.5375 0.0375 0.05463
3 0.608073 0.69537 0.209896 0.231481
1 0.578125 0.497685 0.0125 0.047222
1 0.122656 0.619444 0.018229 0.103704
1 0.12526 0.625463 0.017188 0.09537
1 0.11875 0.635648 0.016667 0.100926
1 0.042448 0.62963 0.022396 0.103704
3 0.433594 0.485185 0.019271 0.022222
3 0.517708 0.497222 0.027083 0.037037
3 0.36875 0.5 0.033333 0.062963
3 0.608594 0.552778 0.075521 0.07037
10 0.903906 0.922685 0.039062 0.397222
11 0.926823 0.455093 0.160938 0.547222
10 0.672135 0.521296 0.011979 0.214815
1 0.689583 0.577315 0.025 0.110185
1 0.691927 0.55787 0.024479 0.112037
1 0.807552 0.528241 0.018229 0.093519
1 0.711458 0.560648 0.0375 0.125
1 0.036458 0.630093 0.026042 0.110185
1 0.669531 0.536111 0.016146 0.085185
1 0.723958 0.55787 0.017708 0.10463
1 0.627083 0.52037 0.01875 0.064815
1 0.615365 0.511574 0.011979 0.047222
1 0.652083 0.523148 0.015625 0.074074
1 0.641146 0.521296 0.011458 0.068519
