1 0.93724 0.59213 0.038021 0.173148
1 0.122656 0.606481 0.019271 0.101852
3 0.384375 0.542593 0.039583 0.057407
3 0.5125 0.69213 0.19375 0.230556
1 0.976042 0.683796 0.051042 0.226852
1 0.551823 0.496759 0.013021 0.037963
1 0.110156 0.60787 0.017188 0.097222
1 0.108854 0.622222 0.015625 0.098148
1 0.034375 0.61713 0.020833 0.097222
3 1.05625 0.570833 0.166667 0.126852
3 0.415885 0.487037 0.018229 0.024074
3 0.489583 0.496759 0.026042 0.034259
3 0.345833 0.496296 0.032292 0.059259
3 0.563281 0.55 0.064062 0.07037
10 0.749219 0.843519 0.030729 0.398148
11 0.765365 0.454167 0.116146 0.387963
10 0.635156 0.521296 0.010937 0.214815
1 0.666667 0.56713 0.023958 0.102778
1 0.680208 0.558333 0.019792 0.098148
1 0.669271 0.556944 0.020833 0.108333
1 0.69349 0.555556 0.031771 0.116667
1 0.027865 0.618056 0.024479 0.10463
1 0.695312 0.552778 0.021875 0.103704
1 0.602083 0.524074 0.019792 0.07037
1 0.585417 0.516204 0.0125 0.05463
1 0.625521 0.525 0.0125 0.068519
1 0.615104 0.526389 0.011458 0.073148
