1 0.984896 0.65787 0.03125 0.187963
1 0.144531 0.544444 0.026562 0.107407
1 0.138281 0.480556 0.010937 0.057407
1 0.673958 0.5375 0.015625 0.09537
1 0.179688 0.457407 0.010417 0.038889
1 0.424219 0.462963 0.010937 0.042593
3 0.871615 0.70463 0.208854 0.190741
3 0.560417 0.497685 0.069792 0.049074
3 0.959115 0.927315 0.319271 0.341667
3 0.580208 0.571296 0.111458 0.135185
3 0.411979 0.496759 0.057292 0.058333
11 0.141406 0.445833 0.034896 0.026852
3 0.233073 0.483333 0.041146 0.068519
3 0.265885 0.457407 0.027604 0.038889
3 0.490104 0.521296 0.063542 0.072222
