1 0.14349 0.647685 0.019271 0.125
3 0.471354 0.535185 0.034375 0.05
3 0.939063 0.710185 0.25625 0.261111
1 0.633854 0.515278 0.0125 0.052778
1 0.128646 0.651389 0.020833 0.117593
1 0.133594 0.661574 0.017188 0.117593
1 0.122396 0.66713 0.015625 0.113889
1 0.034896 0.662963 0.022917 0.118519
1 0.688021 0.506019 0.010417 0.050926
1 0.675 0.509259 0.011458 0.053704
10 0.815104 0.554167 0.026042 0.05463
3 0.463281 0.493981 0.019271 0.019444
3 0.575 0.518056 0.03125 0.041667
3 0.415365 0.508796 0.033854 0.062037
3 0.718229 0.588889 0.104167 0.092593
10 0.771094 0.568519 0.011979 0.25
1 0.746354 0.629167 0.028125 0.125
1 0.809896 0.608796 0.029167 0.130556
1 0.725521 0.606944 0.039583 0.136111
1 0.750781 0.539815 0.016146 0.075926
1 0.914844 0.550926 0.019271 0.094444
1 0.755729 0.603241 0.034375 0.143519
1 0.025521 0.664352 0.027083 0.128704
1 0.725 0.544907 0.016667 0.078704
1 0.743229 0.535648 0.013542 0.067593
1 0.760156 0.5625 0.016146 0.089815
1 0.795312 0.598611 0.017708 0.126852
1 0.7875 0.562037 0.013542 0.094444
1 0.685417 0.538889 0.021875 0.068519
1 0.7125 0.536574 0.013542 0.058333
1 0.704167 0.538889 0.0125 0.059259
