11 0.807812 0.484722 0.023958 0.034259
1 0.80026 0.568519 0.025521 0.118519
10 0.808073 0.540741 0.005729 0.2
1 0.873958 0.546759 0.021875 0.084259
1 1.005208 0.689352 0.039583 0.162037
1 0.846354 0.528704 0.017708 0.083333
1 0.226042 0.565278 0.019792 0.10463
1 0.251563 0.568056 0.020833 0.10463
1 0.322917 0.539352 0.015625 0.076852
1 0.307292 0.541204 0.013542 0.076852
1 0.345052 0.529167 0.016146 0.076852
1 0.326823 0.535648 0.014063 0.078704
3 0.529948 0.56713 0.057812 0.076852
3 0.629948 0.606481 0.079687 0.148148
1 0.83151 0.49537 0.010937 0.042593
1 0.715365 0.498611 0.009896 0.050926
1 0.823177 0.501852 0.008854 0.05
1 0.554688 0.475463 0.00625 0.026852
1 0.300521 0.525463 0.009375 0.073148
1 0.313281 0.525 0.010937 0.074074
1 0.641406 0.477315 0.007812 0.036111
3 0.532292 0.47037 0.015625 0.022222
1 0.874479 0.494444 0.011458 0.05
1 0.416406 0.494907 0.008854 0.047222
1 0.434635 0.5 0.009896 0.05
1 0.401302 0.493056 0.010937 0.04537
1 0.839844 0.497685 0.011979 0.04537
1 0.726042 0.488889 0.008333 0.040741
3 0.635677 0.568056 0.066146 0.09537
3 0.669271 0.52037 0.09375 0.053704
3 0.56224 0.462963 0.016146 0.018519
3 0.49375 0.464815 0.021875 0.042593
10 0.730469 0.487963 0.006771 0.174074
10 0.817448 0.506944 0.005729 0.05463
10 0.401562 0.515278 0.008333 0.034259
10 0.345052 0.525926 0.005729 0.088889
1 0.779427 0.494444 0.009896 0.048148
