3 0.207031 0.492593 0.021354 0.033333
1 0.393229 0.511111 0.013542 0.059259
1 0.52474 0.575926 0.024479 0.122222
1 0.471875 0.581019 0.01875 0.112037
1 0.48724 0.592593 0.023438 0.138889
10 0.603385 0.618056 0.042188 0.093519
3 0.316927 0.605556 0.082812 0.111111
3 0.061198 0.510185 0.051562 0.085185
3 0.473177 0.706019 0.190104 0.180556
10 0.22526 0.763426 0.013021 0.371296
11 0.221094 0.465741 0.067187 0.244444
10 0.630208 0.721296 0.01875 0.568519
1 0.267708 1.063426 0.072917 0.365741
1 0.211198 1.008796 0.089063 0.384259
1 0.367188 0.499537 0.015625 0.060185
1 0.120833 0.824074 0.075 0.301852
1 0.505729 0.583333 0.020833 0.12037
1 0.785156 0.649537 0.039062 0.187963
1 0.109115 0.842593 0.049479 0.331481
1 0.398438 0.578704 0.022917 0.109259
1 0.435156 0.577315 0.030729 0.106481
1 0.698177 0.701389 0.047396 0.193519
1 0.250521 0.954167 0.044792 0.391667
1 0.734115 0.666667 0.054688 0.172222
1 0.689063 0.648148 0.033333 0.164815
1 0.411979 0.564352 0.025 0.108333
