1 0.7625 0.581019 0.022917 0.141667
1 0.072135 0.587037 0.018229 0.090741
3 0.278125 0.563889 0.046875 0.062963
3 0.297135 0.70463 0.143229 0.237037
1 0.70625 0.597685 0.032292 0.136111
1 0.577083 0.542593 0.017708 0.081481
1 0.457813 0.502315 0.009375 0.047222
1 0.630729 0.522685 0.014583 0.078704
1 0.064323 0.589352 0.014063 0.086111
1 0.063802 0.601389 0.015104 0.084259
1 0.001302 0.59537 0.011979 0.090741
3 0.585677 0.584722 0.139063 0.113889
3 0.335938 0.495833 0.020833 0.026852
3 0.395573 0.49537 0.021354 0.027778
3 0.261198 0.499074 0.032813 0.055556
3 0.432292 0.531019 0.038542 0.05463
10 0.517969 0.723148 0.019271 0.368519
11 0.515885 0.456019 0.050521 0.186111
10 0.682813 0.638889 0.025 0.527778
10 0.705469 0.614352 0.010937 0.343519
1 0.575 0.543519 0.017708 0.081481
1 0.206771 0.512037 0.008333 0.033333
1 0.589844 0.537963 0.016146 0.088889
1 0.603646 0.53287 0.019792 0.084259
1 0.55026 0.519444 0.016146 0.064815
1 0.567708 0.514815 0.0125 0.066667
1 0.484115 0.520833 0.013021 0.062037
10 0.616406 0.599537 0.010937 0.084259
