1 0.759635 0.57963 0.023438 0.140741
1 0.071354 0.586111 0.01875 0.090741
3 0.276042 0.563889 0.046875 0.062963
3 0.295052 0.705093 0.143229 0.236111
1 0.701562 0.595833 0.032292 0.136111
1 0.575521 0.54213 0.017708 0.080556
1 0.455469 0.501389 0.009896 0.04537
1 0.628385 0.524537 0.014063 0.080556
1 0.063802 0.588426 0.014063 0.086111
1 0.063281 0.600463 0.015104 0.084259
1 0.000781 0.596759 0.013021 0.078704
3 0.576562 0.584722 0.138542 0.113889
3 0.334896 0.496759 0.020833 0.026852
3 0.392969 0.49537 0.021354 0.027778
3 0.259896 0.499074 0.032292 0.055556
3 0.430469 0.530556 0.038021 0.053704
10 0.515625 0.719444 0.01875 0.364815
11 0.5125 0.456481 0.05 0.183333
10 0.677083 0.637037 0.025 0.52037
10 0.700781 0.611574 0.010937 0.343519
1 0.573698 0.543519 0.017188 0.081481
1 0.20625 0.511111 0.008333 0.033333
1 0.588542 0.537963 0.016667 0.088889
1 0.602344 0.533333 0.020313 0.085185
1 0.548177 0.519907 0.016146 0.065741
1 0.566406 0.514815 0.011979 0.066667
1 0.482031 0.520833 0.013021 0.062037
10 0.613802 0.599537 0.010937 0.084259
