1 0.005469 0.964352 0.089063 0.371296
1 0.121615 0.63287 0.042188 0.152778
1 0.945573 0.619444 0.027604 0.148148
1 0.221875 0.540278 0.020833 0.091667
1 0.658333 0.522222 0.015625 0.077778
3 0.797917 0.642593 0.141667 0.142593
3 0.576302 0.498148 0.060937 0.046296
3 0.661458 0.64537 0.128125 0.15
3 0.525781 0.530093 0.078646 0.091667
3 0.402344 0.483796 0.038021 0.04537
4 0.197135 0.741667 0.052604 0.142593
11 0.190625 0.433796 0.058333 0.152778
10 0.225781 0.629167 0.013021 0.282407
10 0.95026 0.626852 0.015104 0.181481
3 0.292969 0.5 0.044271 0.074074
3 0.307292 0.462963 0.027083 0.037037
3 0.297396 0.453704 0.021875 0.027778
