11 0.817969 0.490741 0.023438 0.037037
1 0.81224 0.581019 0.026562 0.125
10 0.81849 0.55 0.005729 0.207407
1 0.889323 0.552778 0.017188 0.087037
1 0.858333 0.536574 0.017708 0.084259
1 0.220573 0.569907 0.020313 0.10463
1 0.24375 0.574074 0.020833 0.105556
1 0.319271 0.546296 0.016667 0.07963
1 0.304167 0.548611 0.014583 0.078704
1 0.342187 0.534722 0.015625 0.082407
1 0.326302 0.5375 0.014063 0.078704
3 0.53125 0.576389 0.058333 0.082407
3 0.635156 0.616667 0.080729 0.153704
1 0.832292 0.501852 0.011458 0.042593
1 0.720052 0.503704 0.009896 0.053704
1 0.823698 0.502315 0.011979 0.049074
1 0.552865 0.477315 0.006771 0.026852
1 0.295573 0.531481 0.008854 0.081481
1 0.307292 0.530093 0.013542 0.078704
1 0.643229 0.47963 0.008333 0.037037
3 0.533073 0.475926 0.015104 0.022222
1 0.876563 0.499074 0.013542 0.051852
1 0.416406 0.499537 0.008854 0.047222
1 0.434635 0.50463 0.009896 0.05
1 0.39974 0.497685 0.010937 0.04537
1 0.728385 0.495833 0.009896 0.041667
3 0.638021 0.573148 0.069792 0.094444
3 0.648698 0.523611 0.093229 0.05463
3 0.565104 0.464815 0.015625 0.018519
3 0.494271 0.469444 0.022917 0.046296
10 0.736719 0.498148 0.006771 0.174074
10 0.777344 0.49537 0.007812 0.066667
10 0.824219 0.509722 0.005729 0.05463
10 0.4 0.519907 0.008333 0.034259
10 0.342187 0.531019 0.005208 0.093519
1 0.779427 0.496296 0.009896 0.048148
10 0.419531 0.49537 0.004687 0.059259
