1 0.45 0.750926 0.05 0.209259
1 0.498437 0.768981 0.055208 0.234259
1 0.704167 0.818056 0.06875 0.273148
1 0.583594 0.58287 0.022396 0.102778
1 0.603385 0.545833 0.017188 0.076852
1 0.964323 0.537963 0.010937 0.066667
3 0.899219 0.518056 0.063021 0.04537
3 0.9125 0.585185 0.134375 0.094444
3 0.772656 0.513889 0.047396 0.068519
3 0.842448 0.534259 0.052604 0.055556
3 0.692708 0.487037 0.026042 0.038889
3 0.619792 0.471296 0.021875 0.025926
4 0.657031 0.658796 0.039062 0.093519
10 0.604427 0.567593 0.006771 0.131481
3 0.685417 0.54213 0.055208 0.084259
