11 0.865885 0.545833 0.058854 0.086111
10 0.867708 0.671759 0.010417 0.526852
1 0.851042 0.565741 0.025 0.114815
1 0.751563 0.558796 0.020833 0.112037
1 0.182812 0.538426 0.014583 0.065741
3 0.299479 0.59213 0.06875 0.09537
3 0.403906 0.754167 0.142187 0.275
1 0.62526 0.536111 0.018229 0.083333
1 0.639583 0.52037 0.011458 0.057407
1 0.291146 0.493981 0.00625 0.032407
1 0.134635 0.537963 0.009896 0.057407
1 0.472656 0.489352 0.009896 0.043519
3 0.31224 0.477778 0.015104 0.022222
1 0.177083 0.5375 0.009375 0.065741
1 0.179948 0.546296 0.011979 0.061111
1 0.128125 0.538426 0.0125 0.067593
1 0.149479 0.533796 0.0125 0.062037
1 0.504948 0.508333 0.010937 0.053704
1 0.567969 0.507407 0.011979 0.055556
1 0.557292 0.510185 0.011458 0.057407
3 0.419792 0.606481 0.088542 0.114815
3 0.347135 0.503241 0.027604 0.039815
3 0.407552 0.479167 0.016146 0.021296
3 0.295052 0.482407 0.028646 0.053704
3 0.424219 0.491204 0.020313 0.032407
10 0.536198 0.589352 0.007812 0.193519
11 0.533594 0.443981 0.025521 0.093519
10 0.617188 0.55787 0.010417 0.221296
10 0.639323 0.526852 0.006771 0.22963
10 0.616406 0.524537 0.005729 0.108333
1 0.655469 0.515278 0.013021 0.067593
1 0.602083 0.504167 0.009375 0.062037
1 0.619531 0.504167 0.015104 0.060185
1 0.51276 0.508796 0.008854 0.056481
1 0.517969 0.506944 0.011979 0.047222
10 0.647656 0.512037 0.005729 0.077778
10 0.632292 0.541204 0.005208 0.076852
10 0.157552 0.534259 0.006771 0.083333
