1 0.13125 0.647222 0.019792 0.131481
3 0.485937 0.521296 0.03125 0.046296
3 1.092188 0.715278 0.257292 0.241667
1 0.649479 0.504167 0.0125 0.052778
1 0.116406 0.650926 0.020313 0.127778
1 0.120052 0.663889 0.017188 0.125926
1 0.109375 0.668519 0.016667 0.12037
1 0.017969 0.664815 0.025521 0.127778
1 0.703125 0.490278 0.0125 0.050926
1 0.777344 0.525 0.016146 0.07963
1 0.809375 0.538426 0.015625 0.075
1 0.782552 0.535648 0.018229 0.078704
1 0.689844 0.496759 0.011979 0.052778
10 0.840365 0.549074 0.028646 0.059259
3 0.465885 0.485185 0.018229 0.02037
3 0.589063 0.512037 0.033333 0.044444
3 0.423437 0.500926 0.0375 0.064815
3 0.747396 0.582407 0.110417 0.098148
10 0.64349 0.569444 0.009896 0.159259
11 0.642448 0.443056 0.027604 0.100926
10 0.80599 0.574074 0.014063 0.261111
1 0.758854 0.628241 0.027083 0.143519
1 0.829688 0.612037 0.023958 0.146296
1 0.728125 0.606019 0.032292 0.147222
1 0.772396 0.52963 0.014583 0.077778
1 0.949219 0.554167 0.021354 0.113889
1 0.757292 0.604167 0.026042 0.158333
1 0.008594 0.663889 0.031771 0.133333
1 0.73724 0.535648 0.015104 0.075
1 0.75625 0.52963 0.014583 0.066667
1 0.789062 0.551852 0.016667 0.083333
1 0.821875 0.600463 0.032292 0.143519
1 0.815625 0.547685 0.014583 0.080556
1 0.704427 0.531944 0.022396 0.069444
1 0.729688 0.526389 0.013542 0.058333
1 0.719531 0.528704 0.013021 0.059259
