1 0.32474 0.784259 0.053646 0.22037
1 0.373698 0.803704 0.061979 0.264815
1 0.603125 0.830556 0.066667 0.287037
1 0.509896 0.59213 0.023958 0.10463
1 0.530469 0.546759 0.017188 0.082407
1 0.894271 0.539352 0.014583 0.069444
3 1.028385 0.624074 0.117188 0.101852
3 0.83099 0.520833 0.063021 0.043519
3 0.848698 0.59213 0.125521 0.097222
3 0.7125 0.521759 0.05 0.069444
3 0.773438 0.533796 0.052083 0.056481
3 0.628906 0.488889 0.025521 0.035185
3 0.557031 0.472685 0.021354 0.026852
4 0.58151 0.664815 0.043229 0.098148
10 0.528125 0.569907 0.007292 0.143519
3 0.608073 0.540278 0.052604 0.086111
