11 0.851562 0.534259 0.04375 0.072222
1 1.002083 0.783333 0.066667 0.294444
10 0.855469 0.634722 0.009896 0.402778
1 0.895052 0.572222 0.029687 0.111111
1 0.819531 0.562037 0.022396 0.109259
1 0.061458 0.600926 0.023958 0.125926
3 0.363802 0.600463 0.074479 0.100926
3 0.501302 0.755093 0.147396 0.275
1 0.695312 0.518056 0.013542 0.050926
1 0.655469 0.530556 0.016146 0.074074
1 0.699479 0.514352 0.010417 0.052778
1 0.365104 0.487037 0.00625 0.02963
1 0.000781 0.578704 0.024479 0.098148
1 0.221875 0.514815 0.009375 0.053704
1 0.522917 0.485185 0.009375 0.042593
1 0.71875 0.513889 0.015625 0.064815
3 0.384896 0.471296 0.015625 0.022222
1 0.252604 0.521759 0.010417 0.058333
1 0.257031 0.52963 0.010937 0.062963
1 0.210156 0.521296 0.011979 0.062963
1 0.232292 0.514815 0.011458 0.057407
1 0.552604 0.50463 0.009375 0.05
1 0.561979 0.505556 0.011458 0.046296
1 0.626042 0.506019 0.011458 0.052778
1 0.616146 0.509722 0.011458 0.05463
3 0.495573 0.612037 0.093229 0.114815
3 0.4 0.502778 0.030208 0.042593
3 0.45599 0.474074 0.016146 0.022222
3 0.353646 0.476852 0.026042 0.053704
3 0.472656 0.487037 0.020313 0.025926
10 0.58724 0.568519 0.006771 0.166667
11 0.5875 0.446296 0.020833 0.07963
10 0.6625 0.549074 0.007292 0.181481
10 0.680208 0.525 0.007292 0.205556
11 0.678646 0.455556 0.030208 0.057407
10 0.05625 0.594907 0.008333 0.136111
1 0.727083 0.516204 0.010417 0.063889
1 0.671615 0.507407 0.009896 0.057407
1 0.680729 0.50787 0.013542 0.058333
1 0.711979 0.513889 0.010417 0.059259
1 0.578906 0.505556 0.009896 0.044444
1 0.634375 0.50787 0.0125 0.049074
10 0.693229 0.513426 0.00625 0.075
10 0.677604 0.541667 0.004167 0.061111
10 0.236979 0.518519 0.005208 0.075926
