1 0.069531 0.650463 0.053646 0.163889
1 0.935417 0.61713 0.032292 0.158333
1 0.192448 0.541667 0.021354 0.094444
1 0.647917 0.522685 0.017708 0.080556
3 0.792969 0.648148 0.148438 0.153704
3 0.5625 0.497685 0.060417 0.049074
3 0.67526 0.665741 0.154688 0.174074
3 0.522917 0.535185 0.084375 0.103704
3 0.391146 0.484722 0.040625 0.049074
4 0.146615 0.768981 0.055729 0.15463
10 0.179427 0.639352 0.013021 0.310185
3 0.266927 0.497222 0.044271 0.075926
3 0.285938 0.460648 0.027083 0.037963
3 0.493229 0.5125 0.052083 0.056481
3 0.279948 0.452778 0.021354 0.027778
