11 0.854167 0.529167 0.041667 0.065741
1 0.96901 0.749074 0.060937 0.266667
10 0.854427 0.623611 0.008854 0.375
1 0.90625 0.571296 0.032292 0.103704
1 0.83776 0.561111 0.021354 0.107407
1 0.022917 0.640741 0.029167 0.140741
1 0.105729 0.593056 0.022917 0.119444
1 0.055469 0.635648 0.028646 0.150926
3 0.38724 0.609259 0.075521 0.101852
3 0.53125 0.756481 0.142708 0.27963
1 0.717708 0.522222 0.013542 0.05
1 0.666406 0.531481 0.016146 0.072222
1 0.716667 0.514352 0.010417 0.052778
1 0.391927 0.487963 0.008854 0.031481
1 0.046875 0.584722 0.021875 0.115741
1 0.248958 0.517593 0.009375 0.053704
1 0.011719 0.621296 0.024479 0.148148
1 0.541146 0.490278 0.008333 0.037963
1 0.742448 0.5125 0.009896 0.065741
3 0.407552 0.472222 0.015104 0.022222
1 0.277344 0.52037 0.009896 0.059259
1 0.283594 0.525926 0.010937 0.061111
1 0.236458 0.519444 0.010417 0.061111
1 0.261198 0.514815 0.010937 0.055556
1 0.569792 0.503704 0.010417 0.046296
1 0.579948 0.506944 0.013021 0.049074
1 0.647135 0.50787 0.010937 0.050926
1 0.6375 0.509259 0.011458 0.053704
3 0.521094 0.613889 0.093229 0.114815
3 0.41849 0.511574 0.031771 0.04537
3 0.472917 0.475463 0.015625 0.021296
3 0.37474 0.475926 0.026562 0.048148
3 0.490104 0.486111 0.01875 0.024074
10 0.605729 0.563426 0.007292 0.158333
11 0.608073 0.446759 0.020313 0.076852
10 0.677344 0.543519 0.006771 0.174074
10 0.695573 0.520833 0.007812 0.197222
11 0.69375 0.456481 0.030208 0.057407
10 0.09974 0.581944 0.008854 0.141667
10 0.659896 0.54213 0.008333 0.049074
1 0.746354 0.515741 0.010417 0.062963
1 0.704167 0.508796 0.0125 0.058333
1 0.73099 0.514352 0.009896 0.056481
1 0.59974 0.506944 0.009896 0.043519
1 0.65651 0.506944 0.013021 0.047222
10 0.707031 0.513889 0.006771 0.075926
10 0.692448 0.542593 0.004687 0.061111
10 0.264062 0.515278 0.005208 0.075
