1 0.14349 0.643519 0.019271 0.122222
3 0.460156 0.541667 0.035937 0.051852
3 0.853906 0.712037 0.253646 0.248148
1 0.623437 0.516204 0.0125 0.052778
1 0.128125 0.644907 0.019792 0.113889
1 0.133333 0.656019 0.017708 0.112037
1 0.124219 0.6625 0.016146 0.110185
1 0.039844 0.65787 0.025521 0.112037
1 0.675 0.504167 0.011458 0.04537
1 0.6625 0.509259 0.011458 0.053704
3 0.459115 0.496296 0.020313 0.022222
3 0.563802 0.516204 0.029687 0.041667
3 0.40625 0.510185 0.034375 0.062963
3 0.696354 0.582407 0.097917 0.085185
10 0.747917 0.544907 0.011458 0.232407
1 0.733854 0.614815 0.028125 0.124074
1 0.788802 0.599074 0.027604 0.124074
1 0.719792 0.600926 0.03125 0.12963
1 0.735417 0.527315 0.013542 0.056481
1 0.890104 0.552778 0.016667 0.096296
1 0.742708 0.593519 0.022917 0.125926
1 0.03099 0.657407 0.026562 0.122222
1 0.713281 0.540741 0.018229 0.081481
1 0.73125 0.536111 0.015625 0.064815
1 0.742708 0.55787 0.015625 0.084259
1 0.779427 0.591204 0.018229 0.106481
1 0.769531 0.560648 0.013021 0.093519
1 0.673438 0.536111 0.017708 0.057407
1 0.700781 0.538889 0.014063 0.059259
1 0.691667 0.537963 0.0125 0.059259
