1 0.133073 0.649074 0.019271 0.12963
3 0.485417 0.522685 0.03125 0.047222
3 1.076042 0.715278 0.257292 0.241667
1 0.647396 0.50787 0.0125 0.052778
1 0.117448 0.650463 0.020313 0.126852
1 0.121094 0.663426 0.017188 0.125
1 0.111198 0.668981 0.016146 0.119444
1 0.021094 0.663426 0.025521 0.125
1 0.702344 0.493056 0.010937 0.050926
1 0.775781 0.526852 0.016146 0.077778
1 0.808073 0.541667 0.015104 0.074074
1 0.789323 0.542593 0.018229 0.07963
1 0.688281 0.498148 0.011979 0.053704
10 0.838021 0.550463 0.029167 0.058333
3 0.465885 0.487963 0.018229 0.02037
3 0.588281 0.514352 0.033854 0.043519
3 0.422396 0.501389 0.0375 0.063889
3 0.744271 0.58287 0.109375 0.097222
10 0.642448 0.569444 0.009896 0.157407
11 0.640625 0.446759 0.027083 0.100926
10 0.803385 0.574074 0.014063 0.261111
1 0.758594 0.628704 0.027604 0.142593
1 0.827865 0.6125 0.024479 0.14537
1 0.730208 0.60787 0.026042 0.147222
1 0.770833 0.530093 0.015625 0.076852
1 0.946615 0.556944 0.021354 0.113889
1 0.75625 0.606481 0.019792 0.155556
1 0.011458 0.663889 0.03125 0.133333
1 0.736458 0.538889 0.015625 0.077778
1 0.755729 0.535185 0.014583 0.07037
1 0.786979 0.553241 0.015625 0.082407
1 0.819271 0.600926 0.030208 0.142593
1 0.813542 0.550926 0.014583 0.077778
1 0.703385 0.533796 0.022396 0.069444
1 0.728646 0.528241 0.013542 0.058333
1 0.71849 0.530556 0.013021 0.059259
