1 0.951302 0.593981 0.038021 0.184259
1 0.12474 0.608796 0.019271 0.102778
3 0.389844 0.542593 0.039062 0.057407
3 0.530208 0.691204 0.195833 0.234259
1 0.998958 0.6875 0.05 0.230556
1 0.557292 0.497222 0.0125 0.040741
1 0.113542 0.610648 0.017708 0.099074
1 0.111198 0.625926 0.016146 0.098148
1 0.039062 0.621759 0.020833 0.102778
3 0.419531 0.486111 0.018229 0.024074
3 0.495312 0.496759 0.026042 0.034259
3 0.350521 0.497685 0.032292 0.060185
3 0.572135 0.55 0.066146 0.07037
10 0.774219 0.852778 0.032813 0.398148
11 0.790885 0.453241 0.124479 0.412037
10 0.642448 0.522222 0.010937 0.214815
1 0.669792 0.566667 0.023958 0.103704
1 0.686458 0.55787 0.017708 0.099074
1 0.672396 0.555093 0.03125 0.102778
1 0.69401 0.555556 0.027604 0.116667
1 0.032031 0.62037 0.026562 0.103704
1 0.702865 0.553241 0.020313 0.10463
1 0.607031 0.522685 0.019271 0.069444
1 0.592187 0.516204 0.0125 0.052778
1 0.631771 0.522222 0.014583 0.07037
1 0.620313 0.525 0.011458 0.072222
