11 0.860156 0.524074 0.039062 0.055556
1 0.930208 0.69537 0.048958 0.216667
10 0.860417 0.602315 0.008333 0.328704
1 0.926823 0.571759 0.026562 0.09537
1 0.869792 0.559722 0.01875 0.102778
1 0.019792 0.609722 0.028125 0.137963
1 0.04974 0.614815 0.031771 0.137037
1 0.128906 0.603241 0.024479 0.119444
1 0.103906 0.605556 0.022396 0.111111
1 0.18724 0.57037 0.020313 0.1
1 0.161719 0.597685 0.023438 0.128704
3 0.438542 0.611574 0.073958 0.102778
3 0.585938 0.739815 0.13125 0.264815
1 0.766406 0.520833 0.011979 0.050926
1 0.690885 0.528704 0.014063 0.064815
1 0.752865 0.518981 0.009896 0.052778
1 0.44349 0.487037 0.005729 0.027778
1 0.13099 0.552315 0.015104 0.084259
1 0.304427 0.506019 0.008854 0.043519
1 0.117708 0.587037 0.019792 0.125926
1 0.578906 0.488426 0.009896 0.039815
1 0.789062 0.514352 0.016667 0.062037
3 0.455469 0.472685 0.015104 0.021296
1 0.324219 0.512037 0.009896 0.059259
1 0.334375 0.517593 0.010417 0.057407
1 0.292448 0.510185 0.009896 0.057407
1 0.314583 0.50463 0.010417 0.055556
1 0.746094 0.512037 0.011979 0.057407
1 0.60599 0.502778 0.009896 0.044444
1 0.614062 0.506019 0.010417 0.04537
1 0.686719 0.50787 0.011979 0.049074
1 0.680729 0.512037 0.011458 0.05
3 0.573698 0.613426 0.092188 0.108333
3 0.460156 0.514815 0.033854 0.048148
3 0.508854 0.473148 0.014583 0.018519
3 0.416146 0.472685 0.023958 0.047222
3 0.527083 0.481019 0.01875 0.023148
10 0.641927 0.556481 0.007812 0.144444
11 0.645573 0.449537 0.020313 0.076852
10 0.708594 0.526852 0.006771 0.174074
10 0.283594 0.540278 0.007812 0.043519
10 0.182812 0.569444 0.00625 0.112963
10 0.694271 0.538426 0.008333 0.04537
1 0.086719 0.6 0.016146 0.098148
1 0.790104 0.513426 0.011458 0.058333
1 0.771094 0.514815 0.010937 0.053704
1 0.694271 0.502778 0.011458 0.048148
10 0.739583 0.514815 0.007292 0.072222
10 0.316927 0.50787 0.005729 0.071296
