11 0.803906 0.481481 0.024479 0.033333
1 0.795573 0.562963 0.025521 0.116667
10 0.803906 0.536574 0.005729 0.197222
1 0.86901 0.544444 0.021354 0.083333
1 0.992448 0.672685 0.041146 0.167593
1 0.841406 0.525 0.017188 0.083333
1 0.228385 0.563426 0.019271 0.10463
1 0.253385 0.566204 0.020313 0.10463
1 0.324219 0.537963 0.015104 0.075926
1 0.308594 0.540278 0.013021 0.073148
1 0.346094 0.527778 0.016146 0.075926
1 0.327083 0.534722 0.014583 0.078704
3 0.529687 0.563889 0.057292 0.075926
3 0.627865 0.602315 0.079687 0.14537
1 0.830469 0.49537 0.010937 0.042593
1 0.714063 0.494444 0.010417 0.05
1 0.821094 0.497222 0.007812 0.046296
1 0.555729 0.474074 0.00625 0.027778
1 0.302344 0.525463 0.009896 0.075
1 0.315365 0.526389 0.009896 0.075
1 0.639844 0.475926 0.007812 0.035185
3 0.53125 0.468519 0.015625 0.022222
1 0.873177 0.49213 0.010937 0.049074
1 0.416406 0.493056 0.008854 0.047222
1 0.434635 0.497685 0.009896 0.049074
1 0.401823 0.491204 0.010937 0.04537
1 0.838802 0.495833 0.011979 0.04537
3 0.634896 0.566204 0.064583 0.09537
3 0.677865 0.51713 0.095312 0.05463
3 0.561719 0.461111 0.016146 0.018519
3 0.49375 0.463426 0.021875 0.041667
10 0.727865 0.481481 0.006771 0.174074
10 0.401042 0.513426 0.008333 0.034259
10 0.346094 0.523148 0.005729 0.088889
1 0.778646 0.490278 0.009375 0.043519
