11 0.789062 0.484722 0.023958 0.032407
1 0.780469 0.558333 0.023438 0.111111
10 0.789323 0.540741 0.005729 0.187037
1 0.857031 0.541667 0.017188 0.081481
1 0.952865 0.651852 0.038021 0.157407
1 1.009896 0.655556 0.039583 0.148148
1 0.823698 0.522222 0.016146 0.077778
1 0.235937 0.566667 0.01875 0.101852
1 0.260156 0.56713 0.019271 0.10463
1 0.327344 0.544907 0.014063 0.073148
1 0.313021 0.544907 0.0125 0.069444
1 0.35026 0.525926 0.013021 0.064815
3 0.528385 0.562037 0.052604 0.075926
3 0.620313 0.590741 0.075 0.138889
1 0.82526 0.494444 0.009896 0.042593
1 0.708333 0.493981 0.011458 0.04537
1 0.816927 0.49537 0.007812 0.05
1 0.557292 0.47963 0.007292 0.025926
1 0.308594 0.528704 0.010937 0.07037
1 0.321094 0.528241 0.009896 0.075
1 0.63724 0.478241 0.007812 0.034259
3 0.529687 0.474537 0.017708 0.021296
1 0.415885 0.498148 0.008854 0.044444
1 0.435156 0.502778 0.008854 0.046296
1 0.402344 0.499074 0.010937 0.046296
1 0.835417 0.494907 0.011458 0.04537
3 0.628385 0.5625 0.061979 0.091667
3 0.347396 0.520833 0.084375 0.05463
3 0.709635 0.517593 0.094271 0.053704
3 0.559115 0.464815 0.016146 0.016667
3 0.492448 0.468981 0.022396 0.041667
10 0.71901 0.462963 0.006771 0.174074
10 0.402604 0.518056 0.008333 0.034259
10 0.350521 0.527778 0.00625 0.083333
1 0.776042 0.4875 0.011458 0.047222
