11 0.853646 0.52963 0.041667 0.066667
1 0.971615 0.75463 0.060937 0.27037
10 0.854427 0.624537 0.008854 0.376852
1 0.905208 0.571296 0.032292 0.103704
1 0.835938 0.561574 0.020833 0.108333
1 0.017188 0.643981 0.030208 0.143519
1 0.101042 0.594444 0.022917 0.12037
1 0.049219 0.638889 0.029687 0.151852
3 0.384635 0.608333 0.075521 0.101852
3 0.528125 0.756944 0.142708 0.278704
1 0.715104 0.521296 0.013542 0.05
1 0.666146 0.531944 0.015625 0.071296
1 0.715104 0.514352 0.010417 0.052778
1 0.389583 0.488889 0.008333 0.031481
1 0.042188 0.586111 0.023958 0.114815
1 0.245312 0.519444 0.009375 0.053704
1 0.008594 0.623148 0.024479 0.148148
1 0.538542 0.489352 0.008333 0.037963
1 0.739844 0.5125 0.009896 0.065741
3 0.405208 0.473148 0.015625 0.022222
1 0.27474 0.52037 0.009896 0.059259
1 0.28099 0.525926 0.010937 0.061111
1 0.233594 0.520833 0.010937 0.062037
1 0.258073 0.514352 0.010937 0.056481
1 0.567708 0.504167 0.010417 0.04537
1 0.577344 0.508333 0.013021 0.048148
1 0.645052 0.50787 0.010937 0.050926
1 0.635417 0.509259 0.011458 0.053704
3 0.51849 0.613889 0.093229 0.114815
3 0.416146 0.510185 0.03125 0.044444
3 0.470833 0.475463 0.015625 0.021296
3 0.372656 0.476389 0.026562 0.049074
3 0.488281 0.486111 0.019271 0.024074
10 0.603646 0.563889 0.007292 0.159259
11 0.60599 0.446759 0.020313 0.076852
10 0.67526 0.544444 0.006771 0.174074
10 0.69401 0.521296 0.007812 0.198148
11 0.692187 0.458333 0.030208 0.057407
10 0.096615 0.585648 0.008854 0.141667
10 0.657552 0.542593 0.007812 0.05
1 0.744531 0.516667 0.009896 0.062963
1 0.701562 0.510648 0.0125 0.058333
1 0.728906 0.514352 0.009896 0.056481
1 0.597396 0.506944 0.009375 0.043519
1 0.654948 0.50787 0.013021 0.047222
10 0.705208 0.513889 0.00625 0.075926
10 0.690365 0.543981 0.004687 0.062037
10 0.260937 0.516204 0.005208 0.075
