11 0.864323 0.499074 0.032813 0.048148
1 0.878646 0.614352 0.032292 0.160185
10 0.861198 0.564352 0.005729 0.247222
1 0.936979 0.559259 0.022917 0.092593
1 0.901823 0.537963 0.019271 0.092593
1 0.159896 0.572222 0.025 0.12037
1 0.184896 0.578704 0.026042 0.12037
1 0.26849 0.555093 0.021354 0.09537
1 0.251823 0.558333 0.016146 0.092593
1 0.302865 0.537037 0.017188 0.088889
1 0.290885 0.55 0.018229 0.101852
3 0.515885 0.591667 0.069271 0.098148
3 0.642708 0.656481 0.108333 0.205556
1 0.826823 0.503241 0.011979 0.04537
1 0.728385 0.506481 0.011979 0.057407
1 0.814323 0.504167 0.010937 0.049074
1 0.524219 0.469444 0.005729 0.02963
1 0.25 0.524074 0.011458 0.077778
1 0.385156 0.487037 0.007812 0.038889
1 0.254688 0.542593 0.016667 0.098148
1 0.635677 0.475926 0.008854 0.037037
3 0.519531 0.463889 0.015104 0.022222
1 0.397396 0.493056 0.010417 0.050926
1 0.411719 0.5 0.009896 0.051852
1 0.373177 0.492593 0.009896 0.053704
1 0.822135 0.499537 0.011979 0.05463
1 0.827344 0.497685 0.009896 0.050926
1 0.658333 0.489352 0.011458 0.043519
1 0.670052 0.49213 0.009896 0.04537
1 0.7125 0.493981 0.0125 0.04537
1 0.741927 0.499537 0.011979 0.04537
3 0.636979 0.581481 0.080208 0.1
3 0.542969 0.511111 0.057812 0.051852
3 0.560937 0.460185 0.014583 0.016667
3 0.479167 0.462037 0.022917 0.046296
10 0.749219 0.503704 0.006771 0.174074
10 0.371875 0.51713 0.008333 0.037963
10 0.29974 0.534722 0.006771 0.102778
10 0.741146 0.521296 0.008333 0.040741
1 0.235417 0.551852 0.015625 0.075926
1 0.834375 0.501389 0.013542 0.047222
10 0.838021 0.521759 0.005208 0.047222
10 0.398177 0.49213 0.005729 0.060185
