1 0.301042 0.859259 0.080208 0.312963
1 0.298438 0.6 0.03125 0.124074
1 0.346354 0.536574 0.020833 0.082407
1 0.735677 0.522685 0.013021 0.071296
3 0.871354 0.627315 0.127083 0.123148
3 0.666406 0.500463 0.060937 0.041667
3 0.707812 0.598611 0.103125 0.113889
3 0.58151 0.516667 0.064062 0.07963
3 0.608333 0.518056 0.052083 0.056481
3 0.483333 0.478704 0.033333 0.038889
4 0.367188 0.684259 0.039583 0.112963
11 0.365365 0.441204 0.049479 0.125
3 0.414844 0.512963 0.047396 0.07963
3 0.411458 0.46713 0.028125 0.034259
3 0.392188 0.459259 0.021875 0.025926
