3 0.472396 0.510185 0.026042 0.038889
1 0.635156 0.514352 0.011979 0.062037
1 0.689323 0.520833 0.009896 0.060185
1 0.804688 0.571759 0.020833 0.112037
1 0.779687 0.566204 0.021875 0.093519
1 0.758854 0.572685 0.014583 0.099074
1 0.771354 0.571296 0.022917 0.098148
1 0.677083 0.522222 0.0125 0.061111
10 0.889323 0.607407 0.039062 0.083333
3 0.588542 0.568056 0.054167 0.075
3 0.367708 0.517593 0.041667 0.074074
3 0.786198 0.665278 0.166146 0.143519
10 0.654687 0.710185 0.0125 0.325926
11 0.65599 0.468519 0.046354 0.161111
10 0.954167 0.706481 0.020833 0.477778
10 0.677865 0.890741 0.040104 0.162963
10 0.913281 0.725463 0.015104 0.173148
1 0.744531 0.85 0.051562 0.287037
1 0.752344 0.793519 0.043229 0.253704
1 0.632552 0.709722 0.030729 0.221296
1 0.794531 0.574537 0.017188 0.093519
1 0.654167 0.728241 0.038542 0.234259
1 0.705469 0.581019 0.021354 0.10463
1 0.735677 0.574074 0.026562 0.1
1 0.923438 0.644907 0.044792 0.156481
1 0.777865 0.767593 0.048438 0.238889
1 0.942969 0.63287 0.031771 0.14537
1 0.917448 0.623148 0.030729 0.15
1 0.696615 0.568519 0.025521 0.098148
