1 0.93724 0.575 0.033854 0.138889
1 0.723437 0.578241 0.027083 0.128704
1 0.073177 0.585185 0.016146 0.083333
3 0.254427 0.57963 0.053646 0.074074
3 0.272917 0.722222 0.132292 0.242593
1 0.645312 0.575463 0.029167 0.119444
1 0.563021 0.539815 0.013542 0.072222
1 0.436198 0.506944 0.008854 0.047222
1 0.066146 0.586574 0.013542 0.080556
1 0.066406 0.59537 0.014063 0.077778
1 0.001302 0.589815 0.016146 0.081481
1 -0.001302 0.583796 0.014063 0.082407
1 0.00625 0.594907 0.011458 0.080556
1 0.51875 0.52037 0.0125 0.059259
1 0.507812 0.525463 0.011458 0.063889
3 0.459635 0.600926 0.124479 0.116667
3 0.314583 0.509259 0.021875 0.02963
3 0.372917 0.497685 0.020833 0.026852
3 0.24401 0.506019 0.030729 0.056481
3 0.402604 0.526852 0.033333 0.046296
10 0.4875 0.675463 0.014583 0.297222
11 0.484635 0.458796 0.044271 0.15463
10 0.616146 0.603704 0.022917 0.416667
10 0.646615 0.565278 0.010937 0.341667
1 0.5625 0.543056 0.017708 0.073148
1 0.202604 0.514352 0.007292 0.034259
1 0.576042 0.541204 0.017708 0.078704
1 0.59401 0.536111 0.020313 0.085185
1 0.532813 0.523611 0.015625 0.063889
1 0.552344 0.519444 0.011979 0.064815
1 0.494531 0.528241 0.014063 0.069444
1 0.464323 0.522222 0.010937 0.059259
10 0.578646 0.593519 0.011458 0.077778
10 0.60599 0.552315 0.005729 0.136111
